year,cohort_index,mineral,fast,slow,root,vol,nonRootVol,cumVol,inputYrs,omPackingDensity,mineralPackingDensity
926,1,150,0,0,0,100,100,100,99999,0.1,1.5
927,2,0.011543807283382081,0,0,0,0.007695871522254721,0,0,1,0.1,1.5
927,1,150,0,0,0.10232820519660141,101.4618315028086,100,101.4618315028086,99999,0.1,1.5
947,3,0.23087614566764164,0.04560080445481345,0.9020386915055342,0,9.63031239004857,0,0,20,0.1,1.5
947,2,0.011543807283382081,0,0,4.247542288113636e-5,0.008302663277699527,0.007695871522254721,0.008302663277699527,1,0.1,1.5
947,1,150,0.025840455857727634,0.5111552585198027,0.10228572977372029,106.83118185482844,105.37765301529755,106.83948451810615,99999,0.1,1.5
967,4,0.23087614566764164,0.04560080445481345,0.9020386915055342,0,9.63031239004857,0,0,20,0.1,1.5
967,3,0.23087614566764164,4.5600804454814025e-42,0.9002363269681499,0.04393653682794104,9.783945511954323,9.156280700126594,9.783945511954323,20,0.1,1.5
967,2,0.011543807283382081,1.072611688917585e-5,2.1217547715051975e-4,4.059337068552914e-5,0.010504792758159236,9.166205587589246,9.794450304712482,1,0.1,1.5
967,1,150,0.025829729740838456,1.0210770016579371,0.05835107499797487,111.3026540996731,119.635272901577,121.09710440438559,99999,0.1,1.5
987,5,0.23087614566764164,0.04560080445481345,0.9020386915055342,0,9.63031239004857,0,0,20,0.1,1.5
987,4,0.23087614566764164,4.5600804454814025e-42,0.9002363269681499,0.04393653682794104,9.783945511954323,9.156280700126594,9.783945511954323,20,0.1,1.5
987,3,0.23087614566764164,0.011095085057560869,1.1179116744931028,0.037109436751165945,11.974119836682673,20.600265726078323,21.758065348636997,20,0.1,1.5
987,2,0.011543807283382081,1.025085118321443e-5,4.1452567964669093e-4,2.881933281970311e-5,0.012355341585120961,20.612209362908878,21.770420690222117,1,0.1,1.5
987,1,150,0.014735119948983553,1.3105151601509342,0.021253412284674714,113.55612297649454,133.86471216390805,135.32654366671665,99999,0.1,1.5
1007,6,0.23087614566764164,0.04560080445481345,0.9020386915055342,0,9.63031239004857,0,0,20,0.1,1.5
1007,5,0.23087614566764164,4.5600804454814025e-42,0.9002363269681499,0.04393653682794104,9.783945511954323,9.156280700126594,9.783945511954323,20,0.1,1.5
1007,4,0.23087614566764164,0.011095085057560869,1.1179116744931028,0.037109436751165945,11.974119836682673,20.600265726078323,21.758065348636997,20,0.1,1.5
1007,3,0.23087614566764164,0.009371069886658067,1.301048993550642,0.01986948277392748,13.541967818731344,33.85838379089641,35.30003316736834,20,0.1,1.5
1007,2,0.011543807283382081,7.277609297904825e-6,5.576572697816546e-4,8.080608879665448e-6,0.01346065758275982,33.87172901120946,35.3134938249511,1,0.1,1.5
1007,1,150,0.005367023304210786,1.4140627865775957,0.0014046682346872848,114.21436478788502,148.0660271100275,149.52785861283613,99999,0.1,1.5
1027,7,0.23087614566764164,0.04560080445481345,0.9020386915055342,0,9.63031239004857,0,0,20,0.1,1.5
1027,6,0.23087614566764164,4.5600804454814025e-42,0.9002363269681499,0.04393653682794104,9.783945511954323,9.156280700126594,9.783945511954323,20,0.1,1.5
1027,5,0.23087614566764164,0.011095085057560869,1.1179116744931028,0.037109436751165945,11.974119836682673,20.600265726078323,21.758065348636997,20,0.1,1.5
1027,4,0.23087614566764164,0.009371069886658067,1.301048993550642,0.01986948277392748,13.541967818731344,33.85838379089641,35.30003316736834,20,0.1,1.5
1027,3,0.23087614566764164,0.005017546155032192,1.397702456504491,0.0014127488435669508,14.201299583376997,48.039501247936734,49.501332750745334,20,0.1,1.5
1027,2,0.011543807283382081,2.040557797895315e-6,5.969076986815445e-4,0,0.01368535408704912,48.05318660202378,49.515018104832386,1,0.1,1.5
1027,1,150,3.547142006786073e-4,1.418254019113314,0,114.18608733313992,162.2392739351637,163.7011054379723,99999,0.1,1.5
1047,8,0.23087614566764164,0.04560080445481345,0.9020386915055342,0,9.63031239004857,0,0,20,0.1,1.5
1047,7,0.23087614566764164,4.5600804454814025e-42,0.9002363269681499,0.04393653682794104,9.783945511954323,9.156280700126594,9.783945511954323,20,0.1,1.5
1047,6,0.23087614566764164,0.011095085057560869,1.1179116744931028,0.037109436751165945,11.974119836682673,20.600265726078323,21.758065348636997,20,0.1,1.5
1047,5,0.23087614566764164,0.009371069886658067,1.301048993550642,0.01986948277392748,13.541967818731344,33.85838379089641,35.30003316736834,20,0.1,1.5
1047,4,0.23087614566764164,0.005017546155032192,1.397702456504491,0.0014127488435669508,14.201299583376997,48.039501247936734,49.501332750745334,20,0.1,1.5
1047,3,0.23087614566764164,3.567547584765027e-4,1.401966743318897,0,14.177152411218827,62.216653659155554,63.67848516196416,20,0.1,1.5
1047,2,0.011543807283382081,2.040557797895341e-46,5.957150167286234e-4,0,0.013653021689540955,62.23030668084509,63.692138183653704,1,0.1,1.5
1047,1,150,3.5471420067861175e-44,1.4154202041416013,0,114.15420204141601,176.3845087222611,177.84634022506972,99999,0.1,1.5
1067,9,0.23087614566764164,0.04560080445481345,0.9020386915055342,0,9.63031239004857,0,0,20,0.1,1.5
1067,8,0.23087614566764164,4.5600804454814025e-42,0.9002363269681499,0.04393653682794104,9.783945511954323,9.156280700126594,9.783945511954323,20,0.1,1.5
1067,7,0.23087614566764164,0.011095085057560869,1.1179116744931028,0.037109436751165945,11.974119836682673,20.600265726078323,21.758065348636997,20,0.1,1.5
1067,6,0.23087614566764164,0.009371069886658067,1.301048993550642,0.01986948277392748,13.541967818731344,33.85838379089641,35.30003316736834,20,0.1,1.5
1067,5,0.23087614566764164,0.005017546155032192,1.397702456504491,0.0014127488435669508,14.201299583376997,48.039501247936734,49.501332750745334,20,0.1,1.5
1067,4,0.23087614566764164,3.567547584765027e-4,1.401966743318897,0,14.177152411218827,62.216653659155554,63.67848516196416,20,0.1,1.5
1067,3,0.23087614566764164,3.5675475847650723e-44,1.3991654719715085,0,14.145572150160179,76.36222580931573,77.82405731212434,20,0.1,1.5
1067,2,0.011543807283382081,2.0405577978953665e-86,5.945247178748714e-4,0,0.013641118701003437,76.37586692801673,77.83769843082534,1,0.1,1.5
1067,1,150,3.547142006786162e-84,1.4125920514188128,0,114.12592051418812,190.50178744220486,191.96361894501348,99999,0.1,1.5
1087,10,0.23087614566764164,0.04560080445481345,0.9020386915055342,0,9.63031239004857,0,0,20,0.1,1.5
1087,9,0.23087614566764164,4.5600804454814025e-42,0.9002363269681499,0.04393653682794104,9.783945511954323,9.156280700126594,9.783945511954323,20,0.1,1.5
1087,8,0.23087614566764164,0.011095085057560869,1.1179116744931028,0.037109436751165945,11.974119836682673,20.600265726078323,21.758065348636997,20,0.1,1.5
1087,7,0.23087614566764164,0.009371069886658067,1.301048993550642,0.01986948277392748,13.541967818731344,33.85838379089641,35.30003316736834,20,0.1,1.5
1087,6,0.23087614566764164,0.005017546155032192,1.397702456504491,0.0014127488435669508,14.201299583376997,48.039501247936734,49.501332750745334,20,0.1,1.5
1087,5,0.23087614566764164,3.567547584765027e-4,1.401966743318897,0,14.177152411218827,62.216653659155554,63.67848516196416,20,0.1,1.5
1087,4,0.23087614566764164,3.5675475847650723e-44,1.3991654719715085,0,14.145572150160179,76.36222580931573,77.82405731212434,20,0.1,1.5
1087,3,0.23087614566764164,3.567547584765117e-84,1.3963697978475915,0,14.11761540892101,90.47984121823674,91.94167272104535,20,0.1,1.5
1087,2,0.011543807283382081,2.0405577978953922e-126,5.933367973586155e-4,0,0.013629239495840877,90.49347045773258,91.95530196054119,1,0.1,1.5
1087,1,150,3.5471420067862063e-124,1.4097695496312024,0,114.09769549631203,204.5911659540446,206.05299745685323,99999,0.1,1.5
1107,11,0.23087614566764164,0.04560080445481345,0.9020386915055342,0,9.63031239004857,0,0,20,0.1,1.5
1107,10,0.23087614566764164,4.5600804454814025e-42,0.9002363269681499,0.04393653682794104,9.783945511954323,9.156280700126594,9.783945511954323,20,0.1,1.5
1107,9,0.23087614566764164,0.011095085057560869,1.1179116744931028,0.037109436751165945,11.974119836682673,20.600265726078323,21.758065348636997,20,0.1,1.5
1107,8,0.23087614566764164,0.009371069886658067,1.301048993550642,0.01986948277392748,13.541967818731344,33.85838379089641,35.30003316736834,20,0.1,1.5
1107,7,0.23087614566764164,0.005017546155032192,1.397702456504491,0.0014127488435669508,14.201299583376997,48.039501247936734,49.501332750745334,20,0.1,1.5
1107,6,0.23087614566764164,3.567547584765027e-4,1.401966743318897,0,14.177152411218827,62.216653659155554,63.67848516196416,20,0.1,1.5
1107,5,0.23087614566764164,3.5675475847650723e-44,1.3991654719715085,0,14.145572150160179,76.36222580931573,77.82405731212434,20,0.1,1.5
1107,4,0.23087614566764164,3.567547584765117e-84,1.3963697978475915,0,14.11761540892101,90.47984121823674,91.94167272104535,20,0.1,1.5
1107,3,0.23087614566764164,3.567547584765162e-124,1.3935797097633273,0,14.089714528078368,104.5695557463151,106.03138724912372,20,0.1,1.5
1107,2,0.011543807283382081,2.040557797895418e-166,5.921512504276968e-4,0,0.01361738402653169,104.58317313034163,106.04500463315026,1,0.1,1.5
1107,1,150,3.547142006786251e-164,1.4069526874876301,0,114.0695268748763,218.65270000521792,220.11453150802657,99999,0.1,1.5
1127,12,0.23087614566764164,0.04560080445481345,0.9020386915055342,0,9.63031239004857,0,0,20,0.1,1.5
1127,11,0.23087614566764164,4.5600804454814025e-42,0.9002363269681499,0.04393653682794104,9.783945511954323,9.156280700126594,9.783945511954323,20,0.1,1.5
1127,10,0.23087614566764164,0.011095085057560869,1.1179116744931028,0.037109436751165945,11.974119836682673,20.600265726078323,21.758065348636997,20,0.1,1.5
1127,9,0.23087614566764164,0.009371069886658067,1.301048993550642,0.01986948277392748,13.541967818731344,33.85838379089641,35.30003316736834,20,0.1,1.5
1127,8,0.23087614566764164,0.005017546155032192,1.397702456504491,0.0014127488435669508,14.201299583376997,48.039501247936734,49.501332750745334,20,0.1,1.5
1127,7,0.23087614566764164,3.567547584765027e-4,1.401966743318897,0,14.177152411218827,62.216653659155554,63.67848516196416,20,0.1,1.5
1127,6,0.23087614566764164,3.5675475847650723e-44,1.3991654719715085,0,14.145572150160179,76.36222580931573,77.82405731212434,20,0.1,1.5
1127,5,0.23087614566764164,3.567547584765117e-84,1.3963697978475915,0,14.11761540892101,90.47984121823674,91.94167272104535,20,0.1,1.5
1127,4,0.23087614566764164,3.567547584765162e-124,1.3935797097633273,0,14.089714528078368,104.5695557463151,106.03138724912372,20,0.1,1.5
1127,3,0.23087614566764164,3.5675475847652064e-164,1.3907951965572436,0,14.06186939601753,118.63142514233263,120.09325664514125,20,0.1,1.5
1127,2,0.011543807283382081,2.0405577978954436e-206,5.909680723394517e-4,0,0.013605552245649237,118.64503069457828,120.1068621973869,1,0.1,1.5
1127,1,150,3.547142006786296e-204,1.4041414537195167,0,114.04141453719517,232.68644523177346,234.14827673458205,99999,0.1,1.5
1147,13,0.23087614566764164,0.04560080445481345,0.9020386915055342,0,9.63031239004857,0,0,20,0.1,1.5
1147,12,0.23087614566764164,4.5600804454814025e-42,0.9002363269681499,0.04393653682794104,9.783945511954323,9.156280700126594,9.783945511954323,20,0.1,1.5
1147,11,0.23087614566764164,0.011095085057560869,1.1179116744931028,0.037109436751165945,11.974119836682673,20.600265726078323,21.758065348636997,20,0.1,1.5
1147,10,0.23087614566764164,0.009371069886658067,1.301048993550642,0.01986948277392748,13.541967818731344,33.85838379089641,35.30003316736834,20,0.1,1.5
1147,9,0.23087614566764164,0.005017546155032192,1.397702456504491,0.0014127488435669508,14.201299583376997,48.039501247936734,49.501332750745334,20,0.1,1.5
1147,8,0.23087614566764164,3.567547584765027e-4,1.401966743318897,0,14.177152411218827,62.216653659155554,63.67848516196416,20,0.1,1.5
1147,7,0.23087614566764164,3.5675475847650723e-44,1.3991654719715085,0,14.145572150160179,76.36222580931573,77.82405731212434,20,0.1,1.5
1147,6,0.23087614566764164,3.567547584765117e-84,1.3963697978475915,0,14.11761540892101,90.47984121823674,91.94167272104535,20,0.1,1.5
1147,5,0.23087614566764164,3.567547584765162e-124,1.3935797097633273,0,14.089714528078368,104.5695557463151,106.03138724912372,20,0.1,1.5
1147,4,0.23087614566764164,3.5675475847652064e-164,1.3907951965572436,0,14.06186939601753,118.63142514233263,120.09325664514125,20,0.1,1.5
1147,3,0.23087614566764164,3.5675475847652515e-204,1.3880162470901698,0,14.034079901346791,132.66550504367942,134.12733654648804,20,0.1,1.5
1147,2,0.011543807283382081,2.0405577978954693e-246,5.89787258360693e-4,0,0.01359374410586165,132.67909878778528,134.1409302905939,1,0.1,1.5
1147,1,150,3.54714200678634e-244,1.401335837080799,0,114.01335837080799,246.69245715859327,248.1542886614019,99999,0.1,1.5
1167,14,0.23087614566764164,0.04560080445481345,0.9020386915055342,0,9.63031239004857,0,0,20,0.1,1.5
1167,13,0.23087614566764164,4.5600804454814025e-42,0.9002363269681499,0.04393653682794104,9.783945511954323,9.156280700126594,9.783945511954323,20,0.1,1.5
1167,12,0.23087614566764164,0.011095085057560869,1.1179116744931028,0.037109436751165945,11.974119836682673,20.600265726078323,21.758065348636997,20,0.1,1.5
1167,11,0.23087614566764164,0.009371069886658067,1.301048993550642,0.01986948277392748,13.541967818731344,33.85838379089641,35.30003316736834,20,0.1,1.5
1167,10,0.23087614566764164,0.005017546155032192,1.397702456504491,0.0014127488435669508,14.201299583376997,48.039501247936734,49.501332750745334,20,0.1,1.5
1167,9,0.23087614566764164,3.567547584765027e-4,1.401966743318897,0,14.177152411218827,62.216653659155554,63.67848516196416,20,0.1,1.5
1167,8,0.23087614566764164,3.5675475847650723e-44,1.3991654719715085,0,14.145572150160179,76.36222580931573,77.82405731212434,20,0.1,1.5
1167,7,0.23087614566764164,3.567547584765117e-84,1.3963697978475915,0,14.11761540892101,90.47984121823674,91.94167272104535,20,0.1,1.5
1167,6,0.23087614566764164,3.567547584765162e-124,1.3935797097633273,0,14.089714528078368,104.5695557463151,106.03138724912372,20,0.1,1.5
1167,5,0.23087614566764164,3.5675475847652064e-164,1.3907951965572436,0,14.06186939601753,118.63142514233263,120.09325664514125,20,0.1,1.5
1167,4,0.23087614566764164,3.5675475847652515e-204,1.3880162470901698,0,14.034079901346791,132.66550504367942,134.12733654648804,20,0.1,1.5
1167,3,0.23087614566764164,3.5675475847652965e-244,1.385242850245193,0,14.006345932897023,146.67185097657645,148.13368247938507,20,0.1,1.5
1167,2,0.011543807283382081,2.040557797895495e-286,5.886088037676908e-4,0,0.013581959559931628,146.68543293613638,148.147264438945,1,0.1,1.5
1167,1,150,3.5471420067863846e-284,1.3985358263478838,0,113.98535826347884,260.6707911996152,262.1326227024239,99999,0.1,1.5
1187,15,0.23087614566764164,0.04560080445481345,0.9020386915055342,0,9.63031239004857,0,0,20,0.1,1.5
1187,14,0.23087614566764164,4.5600804454814025e-42,0.9002363269681499,0.04393653682794104,9.783945511954323,9.156280700126594,9.783945511954323,20,0.1,1.5
1187,13,0.23087614566764164,0.011095085057560869,1.1179116744931028,0.037109436751165945,11.974119836682673,20.600265726078323,21.758065348636997,20,0.1,1.5
1187,12,0.23087614566764164,0.009371069886658067,1.301048993550642,0.01986948277392748,13.541967818731344,33.85838379089641,35.30003316736834,20,0.1,1.5
1187,11,0.23087614566764164,0.005017546155032192,1.397702456504491,0.0014127488435669508,14.201299583376997,48.039501247936734,49.501332750745334,20,0.1,1.5
1187,10,0.23087614566764164,3.567547584765027e-4,1.401966743318897,0,14.177152411218827,62.216653659155554,63.67848516196416,20,0.1,1.5
1187,9,0.23087614566764164,3.5675475847650723e-44,1.3991654719715085,0,14.145572150160179,76.36222580931573,77.82405731212434,20,0.1,1.5
1187,8,0.23087614566764164,3.567547584765117e-84,1.3963697978475915,0,14.11761540892101,90.47984121823674,91.94167272104535,20,0.1,1.5
1187,7,0.23087614566764164,3.567547584765162e-124,1.3935797097633273,0,14.089714528078368,104.5695557463151,106.03138724912372,20,0.1,1.5
1187,6,0.23087614566764164,3.5675475847652064e-164,1.3907951965572436,0,14.06186939601753,118.63142514233263,120.09325664514125,20,0.1,1.5
1187,5,0.23087614566764164,3.5675475847652515e-204,1.3880162470901698,0,14.034079901346791,132.66550504367942,134.12733654648804,20,0.1,1.5
1187,4,0.23087614566764164,3.5675475847652965e-244,1.385242850245193,0,14.006345932897023,146.67185097657645,148.13368247938507,20,0.1,1.5
1187,3,0.23087614566764164,3.567547584765341e-284,1.3824749949276125,0,13.97866737972122,160.65051835629768,162.1123498591063,20,0.1,1.5
1187,2,0.011543807283382081,0,5.874327038461537e-4,0,0.013570198560716257,160.6640885548584,162.12592005766703,1,0.1,1.5
1187,1,150,5e-324,1.3957414103196049,0,113.95741410319604,274.62150265805445,276.08333416086305,99999,0.1,1.5
1207,16,0.23087614566764164,0.04560080445481345,0.9020386915055342,0,9.63031239004857,0,0,20,0.1,1.5
1207,15,0.23087614566764164,4.5600804454814025e-42,0.9002363269681499,0.04393653682794104,9.783945511954323,9.156280700126594,9.783945511954323,20,0.1,1.5
1207,14,0.23087614566764164,0.011095085057560869,1.1179116744931028,0.037109436751165945,11.974119836682673,20.600265726078323,21.758065348636997,20,0.1,1.5
1207,13,0.23087614566764164,0.009371069886658067,1.301048993550642,0.01986948277392748,13.541967818731344,33.85838379089641,35.30003316736834,20,0.1,1.5
1207,12,0.23087614566764164,0.005017546155032192,1.397702456504491,0.0014127488435669508,14.201299583376997,48.039501247936734,49.501332750745334,20,0.1,1.5
1207,11,0.23087614566764164,3.567547584765027e-4,1.401966743318897,0,14.177152411218827,62.216653659155554,63.67848516196416,20,0.1,1.5
1207,10,0.23087614566764164,3.5675475847650723e-44,1.3991654719715085,0,14.145572150160179,76.36222580931573,77.82405731212434,20,0.1,1.5
1207,9,0.23087614566764164,3.567547584765117e-84,1.3963697978475915,0,14.11761540892101,90.47984121823674,91.94167272104535,20,0.1,1.5
1207,8,0.23087614566764164,3.567547584765162e-124,1.3935797097633273,0,14.089714528078368,104.5695557463151,106.03138724912372,20,0.1,1.5
1207,7,0.23087614566764164,3.5675475847652064e-164,1.3907951965572436,0,14.06186939601753,118.63142514233263,120.09325664514125,20,0.1,1.5
1207,6,0.23087614566764164,3.5675475847652515e-204,1.3880162470901698,0,14.034079901346791,132.66550504367942,134.12733654648804,20,0.1,1.5
1207,5,0.23087614566764164,3.5675475847652965e-244,1.385242850245193,0,14.006345932897023,146.67185097657645,148.13368247938507,20,0.1,1.5
1207,4,0.23087614566764164,3.567547584765341e-284,1.3824749949276125,0,13.97866737972122,160.65051835629768,162.1123498591063,20,0.1,1.5
1207,3,0.23087614566764164,5e-324,1.379712670064896,0,13.951044131094054,174.60156248739173,176.06339399020035,20,0.1,1.5
1207,2,0.011543807283382081,0,5.8625895389121e-4,0,0.013558461061166822,174.6151209484529,176.07695245126152,1,0.1,1.5
1207,1,150,0,1.3929525778171763,0,113.92952577817177,288.54464672662465,290.0064782294333,99999,0.1,1.5
1227,17,0.23087614566764164,0.04560080445481345,0.9020386915055342,0,9.63031239004857,0,0,20,0.1,1.5
1227,16,0.23087614566764164,4.5600804454814025e-42,0.9002363269681499,0.04393653682794104,9.783945511954323,9.156280700126594,9.783945511954323,20,0.1,1.5
1227,15,0.23087614566764164,0.011095085057560869,1.1179116744931028,0.037109436751165945,11.974119836682673,20.600265726078323,21.758065348636997,20,0.1,1.5
1227,14,0.23087614566764164,0.009371069886658067,1.301048993550642,0.01986948277392748,13.541967818731344,33.85838379089641,35.30003316736834,20,0.1,1.5
1227,13,0.23087614566764164,0.005017546155032192,1.397702456504491,0.0014127488435669508,14.201299583376997,48.039501247936734,49.501332750745334,20,0.1,1.5
1227,12,0.23087614566764164,3.567547584765027e-4,1.401966743318897,0,14.177152411218827,62.216653659155554,63.67848516196416,20,0.1,1.5
1227,11,0.23087614566764164,3.5675475847650723e-44,1.3991654719715085,0,14.145572150160179,76.36222580931573,77.82405731212434,20,0.1,1.5
1227,10,0.23087614566764164,3.567547584765117e-84,1.3963697978475915,0,14.11761540892101,90.47984121823674,91.94167272104535,20,0.1,1.5
1227,9,0.23087614566764164,3.567547584765162e-124,1.3935797097633273,0,14.089714528078368,104.5695557463151,106.03138724912372,20,0.1,1.5
1227,8,0.23087614566764164,3.5675475847652064e-164,1.3907951965572436,0,14.06186939601753,118.63142514233263,120.09325664514125,20,0.1,1.5
1227,7,0.23087614566764164,3.5675475847652515e-204,1.3880162470901698,0,14.034079901346791,132.66550504367942,134.12733654648804,20,0.1,1.5
1227,6,0.23087614566764164,3.5675475847652965e-244,1.385242850245193,0,14.006345932897023,146.67185097657645,148.13368247938507,20,0.1,1.5
1227,5,0.23087614566764164,3.567547584765341e-284,1.3824749949276125,0,13.97866737972122,160.65051835629768,162.1123498591063,20,0.1,1.5
1227,4,0.23087614566764164,5e-324,1.379712670064896,0,13.951044131094054,174.60156248739173,176.06339399020035,20,0.1,1.5
1227,3,0.23087614566764164,0,1.3769558646066355,0,13.923476076511449,188.52503856390317,189.9868700667118,20,0.1,1.5
1227,2,0.011543807283382081,0,5.850875492073889e-4,0,0.013546747014328609,188.5385853109175,190.0004168137261,1,0.1,1.5
1227,1,150,0,1.3901693176841488,0,113.90169317684149,302.440278487759,303.9021099905676,99999,0.1,1.5
1247,18,0.23087614566764164,0.04560080445481345,0.9020386915055342,0,9.63031239004857,0,0,20,0.1,1.5
1247,17,0.23087614566764164,4.5600804454814025e-42,0.9002363269681499,0.04393653682794104,9.783945511954323,9.156280700126594,9.783945511954323,20,0.1,1.5
1247,16,0.23087614566764164,0.011095085057560869,1.1179116744931028,0.037109436751165945,11.974119836682673,20.600265726078323,21.758065348636997,20,0.1,1.5
1247,15,0.23087614566764164,0.009371069886658067,1.301048993550642,0.01986948277392748,13.541967818731344,33.85838379089641,35.30003316736834,20,0.1,1.5
1247,14,0.23087614566764164,0.005017546155032192,1.397702456504491,0.0014127488435669508,14.201299583376997,48.039501247936734,49.501332750745334,20,0.1,1.5
1247,13,0.23087614566764164,3.567547584765027e-4,1.401966743318897,0,14.177152411218827,62.216653659155554,63.67848516196416,20,0.1,1.5
1247,12,0.23087614566764164,3.5675475847650723e-44,1.3991654719715085,0,14.145572150160179,76.36222580931573,77.82405731212434,20,0.1,1.5
1247,11,0.23087614566764164,3.567547584765117e-84,1.3963697978475915,0,14.11761540892101,90.47984121823674,91.94167272104535,20,0.1,1.5
1247,10,0.23087614566764164,3.567547584765162e-124,1.3935797097633273,0,14.089714528078368,104.5695557463151,106.03138724912372,20,0.1,1.5
1247,9,0.23087614566764164,3.5675475847652064e-164,1.3907951965572436,0,14.06186939601753,118.63142514233263,120.09325664514125,20,0.1,1.5
1247,8,0.23087614566764164,3.5675475847652515e-204,1.3880162470901698,0,14.034079901346791,132.66550504367942,134.12733654648804,20,0.1,1.5
1247,7,0.23087614566764164,3.5675475847652965e-244,1.385242850245193,0,14.006345932897023,146.67185097657645,148.13368247938507,20,0.1,1.5
1247,6,0.23087614566764164,3.567547584765341e-284,1.3824749949276125,0,13.97866737972122,160.65051835629768,162.1123498591063,20,0.1,1.5
1247,5,0.23087614566764164,5e-324,1.379712670064896,0,13.951044131094054,174.60156248739173,176.06339399020035,20,0.1,1.5
1247,4,0.23087614566764164,0,1.3769558646066355,0,13.923476076511449,188.52503856390317,189.9868700667118,20,0.1,1.5
1247,3,0.23087614566764164,0,1.3742045675245025,0,13.895963105690118,202.42100166959327,203.88283317240192,20,0.1,1.5
1247,2,0.011543807283382081,0,5.839184851086013e-4,0,0.013535056373340733,202.4345367259666,203.89636822877526,1,0.1,1.5
1247,1,150,0,1.3873916187863646,0,113.87391618786364,316.30845291383025,317.7702844166389,99999,0.1,1.5
1267,19,0.23087614566764164,0.04560080445481345,0.9020386915055342,0,9.63031239004857,0,0,20,0.1,1.5
1267,18,0.23087614566764164,4.5600804454814025e-42,0.9002363269681499,0.04393653682794104,9.783945511954323,9.156280700126594,9.783945511954323,20,0.1,1.5
1267,17,0.23087614566764164,0.011095085057560869,1.1179116744931028,0.037109436751165945,11.974119836682673,20.600265726078323,21.758065348636997,20,0.1,1.5
1267,16,0.23087614566764164,0.009371069886658067,1.301048993550642,0.01986948277392748,13.541967818731344,33.85838379089641,35.30003316736834,20,0.1,1.5
1267,15,0.23087614566764164,0.005017546155032192,1.397702456504491,0.0014127488435669508,14.201299583376997,48.039501247936734,49.501332750745334,20,0.1,1.5
1267,14,0.23087614566764164,3.567547584765027e-4,1.401966743318897,0,14.177152411218827,62.216653659155554,63.67848516196416,20,0.1,1.5
1267,13,0.23087614566764164,3.5675475847650723e-44,1.3991654719715085,0,14.145572150160179,76.36222580931573,77.82405731212434,20,0.1,1.5
1267,12,0.23087614566764164,3.567547584765117e-84,1.3963697978475915,0,14.11761540892101,90.47984121823674,91.94167272104535,20,0.1,1.5
1267,11,0.23087614566764164,3.567547584765162e-124,1.3935797097633273,0,14.089714528078368,104.5695557463151,106.03138724912372,20,0.1,1.5
1267,10,0.23087614566764164,3.5675475847652064e-164,1.3907951965572436,0,14.06186939601753,118.63142514233263,120.09325664514125,20,0.1,1.5
1267,9,0.23087614566764164,3.5675475847652515e-204,1.3880162470901698,0,14.034079901346791,132.66550504367942,134.12733654648804,20,0.1,1.5
1267,8,0.23087614566764164,3.5675475847652965e-244,1.385242850245193,0,14.006345932897023,146.67185097657645,148.13368247938507,20,0.1,1.5
1267,7,0.23087614566764164,3.567547584765341e-284,1.3824749949276125,0,13.97866737972122,160.65051835629768,162.1123498591063,20,0.1,1.5
1267,6,0.23087614566764164,5e-324,1.379712670064896,0,13.951044131094054,174.60156248739173,176.06339399020035,20,0.1,1.5
1267,5,0.23087614566764164,0,1.3769558646066355,0,13.923476076511449,188.52503856390317,189.9868700667118,20,0.1,1.5
1267,4,0.23087614566764164,0,1.3742045675245025,0,13.895963105690118,202.42100166959327,203.88283317240192,20,0.1,1.5
1267,3,0.23087614566764164,0,1.3714587678122043,0,13.868505108567136,216.2895067781604,217.75133828096907,20,0.1,1.5
1267,2,0.011543807283382081,0,5.827517569181217e-4,0,0.013523389091435937,216.30303016725182,217.7648616700605,1,0.1,1.5
1267,1,150,0,1.3846194700119134,0,113.84619470011913,330.14922486737095,331.61105637017965,99999,0.1,1.5
1287,20,0.23087614566764164,0.04560080445481345,0.9020386915055342,0,9.63031239004857,0,0,20,0.1,1.5
1287,19,0.23087614566764164,4.5600804454814025e-42,0.9002363269681499,0.04393653682794104,9.783945511954323,9.156280700126594,9.783945511954323,20,0.1,1.5
1287,18,0.23087614566764164,0.011095085057560869,1.1179116744931028,0.037109436751165945,11.974119836682673,20.600265726078323,21.758065348636997,20,0.1,1.5
1287,17,0.23087614566764164,0.009371069886658067,1.301048993550642,0.01986948277392748,13.541967818731344,33.85838379089641,35.30003316736834,20,0.1,1.5
1287,16,0.23087614566764164,0.005017546155032192,1.397702456504491,0.0014127488435669508,14.201299583376997,48.039501247936734,49.501332750745334,20,0.1,1.5
1287,15,0.23087614566764164,3.567547584765027e-4,1.401966743318897,0,14.177152411218827,62.216653659155554,63.67848516196416,20,0.1,1.5
1287,14,0.23087614566764164,3.5675475847650723e-44,1.3991654719715085,0,14.145572150160179,76.36222580931573,77.82405731212434,20,0.1,1.5
1287,13,0.23087614566764164,3.567547584765117e-84,1.3963697978475915,0,14.11761540892101,90.47984121823674,91.94167272104535,20,0.1,1.5
1287,12,0.23087614566764164,3.567547584765162e-124,1.3935797097633273,0,14.089714528078368,104.5695557463151,106.03138724912372,20,0.1,1.5
1287,11,0.23087614566764164,3.5675475847652064e-164,1.3907951965572436,0,14.06186939601753,118.63142514233263,120.09325664514125,20,0.1,1.5
1287,10,0.23087614566764164,3.5675475847652515e-204,1.3880162470901698,0,14.034079901346791,132.66550504367942,134.12733654648804,20,0.1,1.5
1287,9,0.23087614566764164,3.5675475847652965e-244,1.385242850245193,0,14.006345932897023,146.67185097657645,148.13368247938507,20,0.1,1.5
1287,8,0.23087614566764164,3.567547584765341e-284,1.3824749949276125,0,13.97866737972122,160.65051835629768,162.1123498591063,20,0.1,1.5
1287,7,0.23087614566764164,5e-324,1.379712670064896,0,13.951044131094054,174.60156248739173,176.06339399020035,20,0.1,1.5
1287,6,0.23087614566764164,0,1.3769558646066355,0,13.923476076511449,188.52503856390317,189.9868700667118,20,0.1,1.5
1287,5,0.23087614566764164,0,1.3742045675245025,0,13.895963105690118,202.42100166959327,203.88283317240192,20,0.1,1.5
1287,4,0.23087614566764164,0,1.3714587678122043,0,13.868505108567136,216.2895067781604,217.75133828096907,20,0.1,1.5
1287,3,0.23087614566764164,0,1.3687184544854403,0,13.841101975299496,230.13060875345988,231.59244025626856,20,0.1,1.5
1287,2,0.011543807283382081,0,5.815873599685689e-4,0,0.01351174512194041,230.14412049858183,231.6059520013905,1,0.1,1.5
1287,1,150,0,1.3818528602710873,0,113.81852860271087,343.9626491012927,345.4244806041014,99999,0.1,1.5
1307,21,0.23087614566764164,0.04560080445481345,0.9020386915055342,0,9.63031239004857,0,0,20,0.1,1.5
1307,20,0.23087614566764164,4.5600804454814025e-42,0.9002363269681499,0.04393653682794104,9.783945511954323,9.156280700126594,9.783945511954323,20,0.1,1.5
1307,19,0.23087614566764164,0.011095085057560869,1.1179116744931028,0.037109436751165945,11.974119836682673,20.600265726078323,21.758065348636997,20,0.1,1.5
1307,18,0.23087614566764164,0.009371069886658067,1.301048993550642,0.01986948277392748,13.541967818731344,33.85838379089641,35.30003316736834,20,0.1,1.5
1307,17,0.23087614566764164,0.005017546155032192,1.397702456504491,0.0014127488435669508,14.201299583376997,48.039501247936734,49.501332750745334,20,0.1,1.5
1307,16,0.23087614566764164,3.567547584765027e-4,1.401966743318897,0,14.177152411218827,62.216653659155554,63.67848516196416,20,0.1,1.5
1307,15,0.23087614566764164,3.5675475847650723e-44,1.3991654719715085,0,14.145572150160179,76.36222580931573,77.82405731212434,20,0.1,1.5
1307,14,0.23087614566764164,3.567547584765117e-84,1.3963697978475915,0,14.11761540892101,90.47984121823674,91.94167272104535,20,0.1,1.5
1307,13,0.23087614566764164,3.567547584765162e-124,1.3935797097633273,0,14.089714528078368,104.5695557463151,106.03138724912372,20,0.1,1.5
1307,12,0.23087614566764164,3.5675475847652064e-164,1.3907951965572436,0,14.06186939601753,118.63142514233263,120.09325664514125,20,0.1,1.5
1307,11,0.23087614566764164,3.5675475847652515e-204,1.3880162470901698,0,14.034079901346791,132.66550504367942,134.12733654648804,20,0.1,1.5
1307,10,0.23087614566764164,3.5675475847652965e-244,1.385242850245193,0,14.006345932897023,146.67185097657645,148.13368247938507,20,0.1,1.5
1307,9,0.23087614566764164,3.567547584765341e-284,1.3824749949276125,0,13.97866737972122,160.65051835629768,162.1123498591063,20,0.1,1.5
1307,8,0.23087614566764164,5e-324,1.379712670064896,0,13.951044131094054,174.60156248739173,176.06339399020035,20,0.1,1.5
1307,7,0.23087614566764164,0,1.3769558646066355,0,13.923476076511449,188.52503856390317,189.9868700667118,20,0.1,1.5
1307,6,0.23087614566764164,0,1.3742045675245025,0,13.895963105690118,202.42100166959327,203.88283317240192,20,0.1,1.5
1307,5,0.23087614566764164,0,1.3714587678122043,0,13.868505108567136,216.2895067781604,217.75133828096907,20,0.1,1.5
1307,4,0.23087614566764164,0,1.3687184544854403,0,13.841101975299496,230.13060875345988,231.59244025626856,20,0.1,1.5
1307,3,0.23087614566764164,0,1.365983616581857,0,13.813753596263664,243.94436234972355,245.40619385253223,20,0.1,1.5
1307,2,0.011543807283382081,0,5.804252896018879e-4,0,0.0135001244182736,243.95786247414182,245.4196939769505,1,0.1,1.5
1307,1,150,0,1.379091778496337,0,113.79091778496337,357.74878025910516,359.21061176191387,99999,0.1,1.5
1327,22,0.23087614566764164,0.04560080445481345,0.9020386915055342,0,9.63031239004857,0,0,20,0.1,1.5
1327,21,0.23087614566764164,4.5600804454814025e-42,0.9002363269681499,0.04393653682794104,9.783945511954323,9.156280700126594,9.783945511954323,20,0.1,1.5
1327,20,0.23087614566764164,0.011095085057560869,1.1179116744931028,0.037109436751165945,11.974119836682673,20.600265726078323,21.758065348636997,20,0.1,1.5
1327,19,0.23087614566764164,0.009371069886658067,1.301048993550642,0.01986948277392748,13.541967818731344,33.85838379089641,35.30003316736834,20,0.1,1.5
1327,18,0.23087614566764164,0.005017546155032192,1.397702456504491,0.0014127488435669508,14.201299583376997,48.039501247936734,49.501332750745334,20,0.1,1.5
1327,17,0.23087614566764164,3.567547584765027e-4,1.401966743318897,0,14.177152411218827,62.216653659155554,63.67848516196416,20,0.1,1.5
1327,16,0.23087614566764164,3.5675475847650723e-44,1.3991654719715085,0,14.145572150160179,76.36222580931573,77.82405731212434,20,0.1,1.5
1327,15,0.23087614566764164,3.567547584765117e-84,1.3963697978475915,0,14.11761540892101,90.47984121823674,91.94167272104535,20,0.1,1.5
1327,14,0.23087614566764164,3.567547584765162e-124,1.3935797097633273,0,14.089714528078368,104.5695557463151,106.03138724912372,20,0.1,1.5
1327,13,0.23087614566764164,3.5675475847652064e-164,1.3907951965572436,0,14.06186939601753,118.63142514233263,120.09325664514125,20,0.1,1.5
1327,12,0.23087614566764164,3.5675475847652515e-204,1.3880162470901698,0,14.034079901346791,132.66550504367942,134.12733654648804,20,0.1,1.5
1327,11,0.23087614566764164,3.5675475847652965e-244,1.385242850245193,0,14.006345932897023,146.67185097657645,148.13368247938507,20,0.1,1.5
1327,10,0.23087614566764164,3.567547584765341e-284,1.3824749949276125,0,13.97866737972122,160.65051835629768,162.1123498591063,20,0.1,1.5
1327,9,0.23087614566764164,5e-324,1.379712670064896,0,13.951044131094054,174.60156248739173,176.06339399020035,20,0.1,1.5
1327,8,0.23087614566764164,0,1.3769558646066355,0,13.923476076511449,188.52503856390317,189.9868700667118,20,0.1,1.5
1327,7,0.23087614566764164,0,1.3742045675245025,0,13.895963105690118,202.42100166959327,203.88283317240192,20,0.1,1.5
1327,6,0.23087614566764164,0,1.3714587678122043,0,13.868505108567136,216.2895067781604,217.75133828096907,20,0.1,1.5
1327,5,0.23087614566764164,0,1.3687184544854403,0,13.841101975299496,230.13060875345988,231.59244025626856,20,0.1,1.5
1327,4,0.23087614566764164,0,1.365983616581857,0,13.813753596263664,243.94436234972355,245.40619385253223,20,0.1,1.5
1327,3,0.23087614566764164,0,1.3632542431610053,0,13.786459862055146,257.73082221177873,259.1926537145874,20,0.1,1.5
1327,2,0.011543807283382081,0,5.792655411693307e-4,0,0.013488526933948027,257.74431073871267,259.2061422415213,1,0.1,1.5
1327,1,150,0,1.376336213642227,0,113.76336213642227,371.5076728751349,372.9695043779436,99999,0.1,1.5
1347,23,0.23087614566764164,0.04560080445481345,0.9020386915055342,0,9.63031239004857,0,0,20,0.1,1.5
1347,22,0.23087614566764164,4.5600804454814025e-42,0.9002363269681499,0.04393653682794104,9.783945511954323,9.156280700126594,9.783945511954323,20,0.1,1.5
1347,21,0.23087614566764164,0.011095085057560869,1.1179116744931028,0.037109436751165945,11.974119836682673,20.600265726078323,21.758065348636997,20,0.1,1.5
1347,20,0.23087614566764164,0.009371069886658067,1.301048993550642,0.01986948277392748,13.541967818731344,33.85838379089641,35.30003316736834,20,0.1,1.5
1347,19,0.23087614566764164,0.005017546155032192,1.397702456504491,0.0014127488435669508,14.201299583376997,48.039501247936734,49.501332750745334,20,0.1,1.5
1347,18,0.23087614566764164,3.567547584765027e-4,1.401966743318897,0,14.177152411218827,62.216653659155554,63.67848516196416,20,0.1,1.5
1347,17,0.23087614566764164,3.5675475847650723e-44,1.3991654719715085,0,14.145572150160179,76.36222580931573,77.82405731212434,20,0.1,1.5
1347,16,0.23087614566764164,3.567547584765117e-84,1.3963697978475915,0,14.11761540892101,90.47984121823674,91.94167272104535,20,0.1,1.5
1347,15,0.23087614566764164,3.567547584765162e-124,1.3935797097633273,0,14.089714528078368,104.5695557463151,106.03138724912372,20,0.1,1.5
1347,14,0.23087614566764164,3.5675475847652064e-164,1.3907951965572436,0,14.06186939601753,118.63142514233263,120.09325664514125,20,0.1,1.5
1347,13,0.23087614566764164,3.5675475847652515e-204,1.3880162470901698,0,14.034079901346791,132.66550504367942,134.12733654648804,20,0.1,1.5
1347,12,0.23087614566764164,3.5675475847652965e-244,1.385242850245193,0,14.006345932897023,146.67185097657645,148.13368247938507,20,0.1,1.5
1347,11,0.23087614566764164,3.567547584765341e-284,1.3824749949276125,0,13.97866737972122,160.65051835629768,162.1123498591063,20,0.1,1.5
1347,10,0.23087614566764164,5e-324,1.379712670064896,0,13.951044131094054,174.60156248739173,176.06339399020035,20,0.1,1.5
1347,9,0.23087614566764164,0,1.3769558646066355,0,13.923476076511449,188.52503856390317,189.9868700667118,20,0.1,1.5
1347,8,0.23087614566764164,0,1.3742045675245025,0,13.895963105690118,202.42100166959327,203.88283317240192,20,0.1,1.5
1347,7,0.23087614566764164,0,1.3714587678122043,0,13.868505108567136,216.2895067781604,217.75133828096907,20,0.1,1.5
1347,6,0.23087614566764164,0,1.3687184544854403,0,13.841101975299496,230.13060875345988,231.59244025626856,20,0.1,1.5
1347,5,0.23087614566764164,0,1.365983616581857,0,13.813753596263664,243.94436234972355,245.40619385253223,20,0.1,1.5
1347,4,0.23087614566764164,0,1.3632542431610053,0,13.786459862055146,257.73082221177873,259.1926537145874,20,0.1,1.5
1347,3,0.23087614566764164,0,1.360530323304296,0,13.759220663488055,271.4900428752668,272.95187437807544,20,0.1,1.5
1347,2,0.011543807283382081,0,5.781081100314382e-4,0,0.013476952622569103,271.50351982788936,272.965351330698,1,0.1,1.5
1347,1,150,0,1.373586154685392,0,113.73586154685393,385.2393813747433,386.70121287755194,99999,0.1,1.5
1367,24,0.23087614566764164,0.04560080445481345,0.9020386915055342,0,9.63031239004857,0,0,20,0.1,1.5
1367,23,0.23087614566764164,4.5600804454814025e-42,0.9002363269681499,0.04393653682794104,9.783945511954323,9.156280700126594,9.783945511954323,20,0.1,1.5
1367,22,0.23087614566764164,0.011095085057560869,1.1179116744931028,0.037109436751165945,11.974119836682673,20.600265726078323,21.758065348636997,20,0.1,1.5
1367,21,0.23087614566764164,0.009371069886658067,1.301048993550642,0.01986948277392748,13.541967818731344,33.85838379089641,35.30003316736834,20,0.1,1.5
1367,20,0.23087614566764164,0.005017546155032192,1.397702456504491,0.0014127488435669508,14.201299583376997,48.039501247936734,49.501332750745334,20,0.1,1.5
1367,19,0.23087614566764164,3.567547584765027e-4,1.401966743318897,0,14.177152411218827,62.216653659155554,63.67848516196416,20,0.1,1.5
1367,18,0.23087614566764164,3.5675475847650723e-44,1.3991654719715085,0,14.145572150160179,76.36222580931573,77.82405731212434,20,0.1,1.5
1367,17,0.23087614566764164,3.567547584765117e-84,1.3963697978475915,0,14.11761540892101,90.47984121823674,91.94167272104535,20,0.1,1.5
1367,16,0.23087614566764164,3.567547584765162e-124,1.3935797097633273,0,14.089714528078368,104.5695557463151,106.03138724912372,20,0.1,1.5
1367,15,0.23087614566764164,3.5675475847652064e-164,1.3907951965572436,0,14.06186939601753,118.63142514233263,120.09325664514125,20,0.1,1.5
1367,14,0.23087614566764164,3.5675475847652515e-204,1.3880162470901698,0,14.034079901346791,132.66550504367942,134.12733654648804,20,0.1,1.5
1367,13,0.23087614566764164,3.5675475847652965e-244,1.385242850245193,0,14.006345932897023,146.67185097657645,148.13368247938507,20,0.1,1.5
1367,12,0.23087614566764164,3.567547584765341e-284,1.3824749949276125,0,13.97866737972122,160.65051835629768,162.1123498591063,20,0.1,1.5
1367,11,0.23087614566764164,5e-324,1.379712670064896,0,13.951044131094054,174.60156248739173,176.06339399020035,20,0.1,1.5
1367,10,0.23087614566764164,0,1.3769558646066355,0,13.923476076511449,188.52503856390317,189.9868700667118,20,0.1,1.5
1367,9,0.23087614566764164,0,1.3742045675245025,0,13.895963105690118,202.42100166959327,203.88283317240192,20,0.1,1.5
1367,8,0.23087614566764164,0,1.3714587678122043,0,13.868505108567136,216.2895067781604,217.75133828096907,20,0.1,1.5
1367,7,0.23087614566764164,0,1.3687184544854403,0,13.841101975299496,230.13060875345988,231.59244025626856,20,0.1,1.5
1367,6,0.23087614566764164,0,1.365983616581857,0,13.813753596263664,243.94436234972355,245.40619385253223,20,0.1,1.5
1367,5,0.23087614566764164,0,1.3632542431610053,0,13.786459862055146,257.73082221177873,259.1926537145874,20,0.1,1.5
1367,4,0.23087614566764164,0,1.360530323304296,0,13.759220663488055,271.4900428752668,272.95187437807544,20,0.1,1.5
1367,3,0.23087614566764164,0,1.3578118461149564,0,13.732035891594657,285.2220787668615,286.6839102696701,20,0.1,1.5
1367,2,0.011543807283382081,0,5.769529915580213e-4,0,0.013465401437834933,285.2355441682993,286.6973756711079,1,0.1,1.5
1367,1,150,0,1.3708415906244924,0,113.70841590624492,398.94396007454424,400.40579157735283,99999,0.1,1.5
1387,25,0.23087614566764164,0.04560080445481345,0.9020386915055342,0,9.63031239004857,0,0,20,0.1,1.5
1387,24,0.23087614566764164,4.5600804454814025e-42,0.9002363269681499,0.04393653682794104,9.783945511954323,9.156280700126594,9.783945511954323,20,0.1,1.5
1387,23,0.23087614566764164,0.011095085057560869,1.1179116744931028,0.037109436751165945,11.974119836682673,20.600265726078323,21.758065348636997,20,0.1,1.5
1387,22,0.23087614566764164,0.009371069886658067,1.301048993550642,0.01986948277392748,13.541967818731344,33.85838379089641,35.30003316736834,20,0.1,1.5
1387,21,0.23087614566764164,0.005017546155032192,1.397702456504491,0.0014127488435669508,14.201299583376997,48.039501247936734,49.501332750745334,20,0.1,1.5
1387,20,0.23087614566764164,3.567547584765027e-4,1.401966743318897,0,14.177152411218827,62.216653659155554,63.67848516196416,20,0.1,1.5
1387,19,0.23087614566764164,3.5675475847650723e-44,1.3991654719715085,0,14.145572150160179,76.36222580931573,77.82405731212434,20,0.1,1.5
1387,18,0.23087614566764164,3.567547584765117e-84,1.3963697978475915,0,14.11761540892101,90.47984121823674,91.94167272104535,20,0.1,1.5
1387,17,0.23087614566764164,3.567547584765162e-124,1.3935797097633273,0,14.089714528078368,104.5695557463151,106.03138724912372,20,0.1,1.5
1387,16,0.23087614566764164,3.5675475847652064e-164,1.3907951965572436,0,14.06186939601753,118.63142514233263,120.09325664514125,20,0.1,1.5
1387,15,0.23087614566764164,3.5675475847652515e-204,1.3880162470901698,0,14.034079901346791,132.66550504367942,134.12733654648804,20,0.1,1.5
1387,14,0.23087614566764164,3.5675475847652965e-244,1.385242850245193,0,14.006345932897023,146.67185097657645,148.13368247938507,20,0.1,1.5
1387,13,0.23087614566764164,3.567547584765341e-284,1.3824749949276125,0,13.97866737972122,160.65051835629768,162.1123498591063,20,0.1,1.5
1387,12,0.23087614566764164,5e-324,1.379712670064896,0,13.951044131094054,174.60156248739173,176.06339399020035,20,0.1,1.5
1387,11,0.23087614566764164,0,1.3769558646066355,0,13.923476076511449,188.52503856390317,189.9868700667118,20,0.1,1.5
1387,10,0.23087614566764164,0,1.3742045675245025,0,13.895963105690118,202.42100166959327,203.88283317240192,20,0.1,1.5
1387,9,0.23087614566764164,0,1.3714587678122043,0,13.868505108567136,216.2895067781604,217.75133828096907,20,0.1,1.5
1387,8,0.23087614566764164,0,1.3687184544854403,0,13.841101975299496,230.13060875345988,231.59244025626856,20,0.1,1.5
1387,7,0.23087614566764164,0,1.365983616581857,0,13.813753596263664,243.94436234972355,245.40619385253223,20,0.1,1.5
1387,6,0.23087614566764164,0,1.3632542431610053,0,13.786459862055146,257.73082221177873,259.1926537145874,20,0.1,1.5
1387,5,0.23087614566764164,0,1.360530323304296,0,13.759220663488055,271.4900428752668,272.95187437807544,20,0.1,1.5
1387,4,0.23087614566764164,0,1.3578118461149564,0,13.732035891594657,285.2220787668615,286.6839102696701,20,0.1,1.5
1387,3,0.23087614566764164,0,1.3550988007179865,0,13.704905437624959,298.9269842044865,300.38881570729507,20,0.1,1.5
1387,2,0.011543807283382081,0,5.758001811281423e-4,0,0.013453873333536145,298.94043807782,300.4022695806286,1,0.1,1.5
1387,1,150,0,1.3681025104801703,0,113.6810251048017,412.62146318262165,414.08329468543036,99999,0.1,1.5
1407,26,0.23087614566764164,0.04560080445481345,0.9020386915055342,0,9.63031239004857,0,0,20,0.1,1.5
1407,25,0.23087614566764164,4.5600804454814025e-42,0.9002363269681499,0.04393653682794104,9.783945511954323,9.156280700126594,9.783945511954323,20,0.1,1.5
1407,24,0.23087614566764164,0.011095085057560869,1.1179116744931028,0.037109436751165945,11.974119836682673,20.600265726078323,21.758065348636997,20,0.1,1.5
1407,23,0.23087614566764164,0.009371069886658067,1.301048993550642,0.01986948277392748,13.541967818731344,33.85838379089641,35.30003316736834,20,0.1,1.5
1407,22,0.23087614566764164,0.005017546155032192,1.397702456504491,0.0014127488435669508,14.201299583376997,48.039501247936734,49.501332750745334,20,0.1,1.5
1407,21,0.23087614566764164,3.567547584765027e-4,1.401966743318897,0,14.177152411218827,62.216653659155554,63.67848516196416,20,0.1,1.5
1407,20,0.23087614566764164,3.5675475847650723e-44,1.3991654719715085,0,14.145572150160179,76.36222580931573,77.82405731212434,20,0.1,1.5
1407,19,0.23087614566764164,3.567547584765117e-84,1.3963697978475915,0,14.11761540892101,90.47984121823674,91.94167272104535,20,0.1,1.5
1407,18,0.23087614566764164,3.567547584765162e-124,1.3935797097633273,0,14.089714528078368,104.5695557463151,106.03138724912372,20,0.1,1.5
1407,17,0.23087614566764164,3.5675475847652064e-164,1.3907951965572436,0,14.06186939601753,118.63142514233263,120.09325664514125,20,0.1,1.5
1407,16,0.23087614566764164,3.5675475847652515e-204,1.3880162470901698,0,14.034079901346791,132.66550504367942,134.12733654648804,20,0.1,1.5
1407,15,0.23087614566764164,3.5675475847652965e-244,1.385242850245193,0,14.006345932897023,146.67185097657645,148.13368247938507,20,0.1,1.5
1407,14,0.23087614566764164,3.567547584765341e-284,1.3824749949276125,0,13.97866737972122,160.65051835629768,162.1123498591063,20,0.1,1.5
1407,13,0.23087614566764164,5e-324,1.379712670064896,0,13.951044131094054,174.60156248739173,176.06339399020035,20,0.1,1.5
1407,12,0.23087614566764164,0,1.3769558646066355,0,13.923476076511449,188.52503856390317,189.9868700667118,20,0.1,1.5
1407,11,0.23087614566764164,0,1.3742045675245025,0,13.895963105690118,202.42100166959327,203.88283317240192,20,0.1,1.5
1407,10,0.23087614566764164,0,1.3714587678122043,0,13.868505108567136,216.2895067781604,217.75133828096907,20,0.1,1.5
1407,9,0.23087614566764164,0,1.3687184544854403,0,13.841101975299496,230.13060875345988,231.59244025626856,20,0.1,1.5
1407,8,0.23087614566764164,0,1.365983616581857,0,13.813753596263664,243.94436234972355,245.40619385253223,20,0.1,1.5
1407,7,0.23087614566764164,0,1.3632542431610053,0,13.786459862055146,257.73082221177873,259.1926537145874,20,0.1,1.5
1407,6,0.23087614566764164,0,1.360530323304296,0,13.759220663488055,271.4900428752668,272.95187437807544,20,0.1,1.5
1407,5,0.23087614566764164,0,1.3578118461149564,0,13.732035891594657,285.2220787668615,286.6839102696701,20,0.1,1.5
1407,4,0.23087614566764164,0,1.3550988007179865,0,13.704905437624959,298.9269842044865,300.38881570729507,20,0.1,1.5
1407,3,0.23087614566764164,0,1.3523911762601157,0,13.677829193046252,312.6048133975327,314.0666449003413,20,0.1,1.5
1407,2,0.011543807283382081,0,5.74649674130097e-4,0,0.01344236826355569,312.6182557657963,314.08008726860487,1,0.1,1.5
1407,1,150,0,1.3653689032950058,0,113.65368903295006,426.27194479874635,427.73377630155494,99999,0.1,1.5
1427,27,0.23087614566764164,0.04560080445481345,0.9020386915055342,0,9.63031239004857,0,0,20,0.1,1.5
1427,26,0.23087614566764164,4.5600804454814025e-42,0.9002363269681499,0.04393653682794104,9.783945511954323,9.156280700126594,9.783945511954323,20,0.1,1.5
1427,25,0.23087614566764164,0.011095085057560869,1.1179116744931028,0.037109436751165945,11.974119836682673,20.600265726078323,21.758065348636997,20,0.1,1.5
1427,24,0.23087614566764164,0.009371069886658067,1.301048993550642,0.01986948277392748,13.541967818731344,33.85838379089641,35.30003316736834,20,0.1,1.5
1427,23,0.23087614566764164,0.005017546155032192,1.397702456504491,0.0014127488435669508,14.201299583376997,48.039501247936734,49.501332750745334,20,0.1,1.5
1427,22,0.23087614566764164,3.567547584765027e-4,1.401966743318897,0,14.177152411218827,62.216653659155554,63.67848516196416,20,0.1,1.5
1427,21,0.23087614566764164,3.5675475847650723e-44,1.3991654719715085,0,14.145572150160179,76.36222580931573,77.82405731212434,20,0.1,1.5
1427,20,0.23087614566764164,3.567547584765117e-84,1.3963697978475915,0,14.11761540892101,90.47984121823674,91.94167272104535,20,0.1,1.5
1427,19,0.23087614566764164,3.567547584765162e-124,1.3935797097633273,0,14.089714528078368,104.5695557463151,106.03138724912372,20,0.1,1.5
1427,18,0.23087614566764164,3.5675475847652064e-164,1.3907951965572436,0,14.06186939601753,118.63142514233263,120.09325664514125,20,0.1,1.5
1427,17,0.23087614566764164,3.5675475847652515e-204,1.3880162470901698,0,14.034079901346791,132.66550504367942,134.12733654648804,20,0.1,1.5
1427,16,0.23087614566764164,3.5675475847652965e-244,1.385242850245193,0,14.006345932897023,146.67185097657645,148.13368247938507,20,0.1,1.5
1427,15,0.23087614566764164,3.567547584765341e-284,1.3824749949276125,0,13.97866737972122,160.65051835629768,162.1123498591063,20,0.1,1.5
1427,14,0.23087614566764164,5e-324,1.379712670064896,0,13.951044131094054,174.60156248739173,176.06339399020035,20,0.1,1.5
1427,13,0.23087614566764164,0,1.3769558646066355,0,13.923476076511449,188.52503856390317,189.9868700667118,20,0.1,1.5
1427,12,0.23087614566764164,0,1.3742045675245025,0,13.895963105690118,202.42100166959327,203.88283317240192,20,0.1,1.5
1427,11,0.23087614566764164,0,1.3714587678122043,0,13.868505108567136,216.2895067781604,217.75133828096907,20,0.1,1.5
1427,10,0.23087614566764164,0,1.3687184544854403,0,13.841101975299496,230.13060875345988,231.59244025626856,20,0.1,1.5
1427,9,0.23087614566764164,0,1.365983616581857,0,13.813753596263664,243.94436234972355,245.40619385253223,20,0.1,1.5
1427,8,0.23087614566764164,0,1.3632542431610053,0,13.786459862055146,257.73082221177873,259.1926537145874,20,0.1,1.5
1427,7,0.23087614566764164,0,1.360530323304296,0,13.759220663488055,271.4900428752668,272.95187437807544,20,0.1,1.5
1427,6,0.23087614566764164,0,1.3578118461149564,0,13.732035891594657,285.2220787668615,286.6839102696701,20,0.1,1.5
1427,5,0.23087614566764164,0,1.3550988007179865,0,13.704905437624959,298.9269842044865,300.38881570729507,20,0.1,1.5
1427,4,0.23087614566764164,0,1.3523911762601157,0,13.677829193046252,312.6048133975327,314.0666449003413,20,0.1,1.5
1427,3,0.23087614566764164,0,1.3496889619097596,0,13.65080704954269,326.25562044707544,327.717451949884,20,0.1,1.5
1427,2,0.011543807283382081,0,5.735014659613955e-4,0,0.013430886181868676,326.26905133325727,327.73088283606586,1,0.1,1.5
1427,1,150,0,1.362640758133473,0,113.62640758133473,439.895458914592,441.3572904174006,99999,0.1,1.5
1447,28,0.23087614566764164,0.04560080445481345,0.9020386915055342,0,9.63031239004857,0,0,20,0.1,1.5
1447,27,0.23087614566764164,4.5600804454814025e-42,0.9002363269681499,0.04393653682794104,9.783945511954323,9.156280700126594,9.783945511954323,20,0.1,1.5
1447,26,0.23087614566764164,0.011095085057560869,1.1179116744931028,0.037109436751165945,11.974119836682673,20.600265726078323,21.758065348636997,20,0.1,1.5
1447,25,0.23087614566764164,0.009371069886658067,1.301048993550642,0.01986948277392748,13.541967818731344,33.85838379089641,35.30003316736834,20,0.1,1.5
1447,24,0.23087614566764164,0.005017546155032192,1.397702456504491,0.0014127488435669508,14.201299583376997,48.039501247936734,49.501332750745334,20,0.1,1.5
1447,23,0.23087614566764164,3.567547584765027e-4,1.401966743318897,0,14.177152411218827,62.216653659155554,63.67848516196416,20,0.1,1.5
1447,22,0.23087614566764164,3.5675475847650723e-44,1.3991654719715085,0,14.145572150160179,76.36222580931573,77.82405731212434,20,0.1,1.5
1447,21,0.23087614566764164,3.567547584765117e-84,1.3963697978475915,0,14.11761540892101,90.47984121823674,91.94167272104535,20,0.1,1.5
1447,20,0.23087614566764164,3.567547584765162e-124,1.3935797097633273,0,14.089714528078368,104.5695557463151,106.03138724912372,20,0.1,1.5
1447,19,0.23087614566764164,3.5675475847652064e-164,1.3907951965572436,0,14.06186939601753,118.63142514233263,120.09325664514125,20,0.1,1.5
1447,18,0.23087614566764164,3.5675475847652515e-204,1.3880162470901698,0,14.034079901346791,132.66550504367942,134.12733654648804,20,0.1,1.5
1447,17,0.23087614566764164,3.5675475847652965e-244,1.385242850245193,0,14.006345932897023,146.67185097657645,148.13368247938507,20,0.1,1.5
1447,16,0.23087614566764164,3.567547584765341e-284,1.3824749949276125,0,13.97866737972122,160.65051835629768,162.1123498591063,20,0.1,1.5
1447,15,0.23087614566764164,5e-324,1.379712670064896,0,13.951044131094054,174.60156248739173,176.06339399020035,20,0.1,1.5
1447,14,0.23087614566764164,0,1.3769558646066355,0,13.923476076511449,188.52503856390317,189.9868700667118,20,0.1,1.5
1447,13,0.23087614566764164,0,1.3742045675245025,0,13.895963105690118,202.42100166959327,203.88283317240192,20,0.1,1.5
1447,12,0.23087614566764164,0,1.3714587678122043,0,13.868505108567136,216.2895067781604,217.75133828096907,20,0.1,1.5
1447,11,0.23087614566764164,0,1.3687184544854403,0,13.841101975299496,230.13060875345988,231.59244025626856,20,0.1,1.5
1447,10,0.23087614566764164,0,1.365983616581857,0,13.813753596263664,243.94436234972355,245.40619385253223,20,0.1,1.5
1447,9,0.23087614566764164,0,1.3632542431610053,0,13.786459862055146,257.73082221177873,259.1926537145874,20,0.1,1.5
1447,8,0.23087614566764164,0,1.360530323304296,0,13.759220663488055,271.4900428752668,272.95187437807544,20,0.1,1.5
1447,7,0.23087614566764164,0,1.3578118461149564,0,13.732035891594657,285.2220787668615,286.6839102696701,20,0.1,1.5
1447,6,0.23087614566764164,0,1.3550988007179865,0,13.704905437624959,298.9269842044865,300.38881570729507,20,0.1,1.5
1447,5,0.23087614566764164,0,1.3523911762601157,0,13.677829193046252,312.6048133975327,314.0666449003413,20,0.1,1.5
1447,4,0.23087614566764164,0,1.3496889619097596,0,13.65080704954269,326.25562044707544,327.717451949884,20,0.1,1.5
1447,3,0.23087614566764164,0,1.3469921468569763,0,13.623838899014856,339.8794593460903,341.34129084889884,20,0.1,1.5
1447,2,0.011543807283382081,0,5.723555520287442e-4,0,0.013419427042542162,339.8928787731328,341.3547102759414,1,0.1,1.5
1447,1,150,0,1.3599180640818962,0,113.59918064081896,453.4920594139518,454.9538909167603,99999,0.1,1.5
1467,29,0.23087614566764164,0.04560080445481345,0.9020386915055342,0,9.63031239004857,0,0,20,0.1,1.5
1467,28,0.23087614566764164,4.5600804454814025e-42,0.9002363269681499,0.04393653682794104,9.783945511954323,9.156280700126594,9.783945511954323,20,0.1,1.5
1467,27,0.23087614566764164,0.011095085057560869,1.1179116744931028,0.037109436751165945,11.974119836682673,20.600265726078323,21.758065348636997,20,0.1,1.5
1467,26,0.23087614566764164,0.009371069886658067,1.301048993550642,0.01986948277392748,13.541967818731344,33.85838379089641,35.30003316736834,20,0.1,1.5
1467,25,0.23087614566764164,0.005017546155032192,1.397702456504491,0.0014127488435669508,14.201299583376997,48.039501247936734,49.501332750745334,20,0.1,1.5
1467,24,0.23087614566764164,3.567547584765027e-4,1.401966743318897,0,14.177152411218827,62.216653659155554,63.67848516196416,20,0.1,1.5
1467,23,0.23087614566764164,3.5675475847650723e-44,1.3991654719715085,0,14.145572150160179,76.36222580931573,77.82405731212434,20,0.1,1.5
1467,22,0.23087614566764164,3.567547584765117e-84,1.3963697978475915,0,14.11761540892101,90.47984121823674,91.94167272104535,20,0.1,1.5
1467,21,0.23087614566764164,3.567547584765162e-124,1.3935797097633273,0,14.089714528078368,104.5695557463151,106.03138724912372,20,0.1,1.5
1467,20,0.23087614566764164,3.5675475847652064e-164,1.3907951965572436,0,14.06186939601753,118.63142514233263,120.09325664514125,20,0.1,1.5
1467,19,0.23087614566764164,3.5675475847652515e-204,1.3880162470901698,0,14.034079901346791,132.66550504367942,134.12733654648804,20,0.1,1.5
1467,18,0.23087614566764164,3.5675475847652965e-244,1.385242850245193,0,14.006345932897023,146.67185097657645,148.13368247938507,20,0.1,1.5
1467,17,0.23087614566764164,3.567547584765341e-284,1.3824749949276125,0,13.97866737972122,160.65051835629768,162.1123498591063,20,0.1,1.5
1467,16,0.23087614566764164,5e-324,1.379712670064896,0,13.951044131094054,174.60156248739173,176.06339399020035,20,0.1,1.5
1467,15,0.23087614566764164,0,1.3769558646066355,0,13.923476076511449,188.52503856390317,189.9868700667118,20,0.1,1.5
1467,14,0.23087614566764164,0,1.3742045675245025,0,13.895963105690118,202.42100166959327,203.88283317240192,20,0.1,1.5
1467,13,0.23087614566764164,0,1.3714587678122043,0,13.868505108567136,216.2895067781604,217.75133828096907,20,0.1,1.5
1467,12,0.23087614566764164,0,1.3687184544854403,0,13.841101975299496,230.13060875345988,231.59244025626856,20,0.1,1.5
1467,11,0.23087614566764164,0,1.365983616581857,0,13.813753596263664,243.94436234972355,245.40619385253223,20,0.1,1.5
1467,10,0.23087614566764164,0,1.3632542431610053,0,13.786459862055146,257.73082221177873,259.1926537145874,20,0.1,1.5
1467,9,0.23087614566764164,0,1.360530323304296,0,13.759220663488055,271.4900428752668,272.95187437807544,20,0.1,1.5
1467,8,0.23087614566764164,0,1.3578118461149564,0,13.732035891594657,285.2220787668615,286.6839102696701,20,0.1,1.5
1467,7,0.23087614566764164,0,1.3550988007179865,0,13.704905437624959,298.9269842044865,300.38881570729507,20,0.1,1.5
1467,6,0.23087614566764164,0,1.3523911762601157,0,13.677829193046252,312.6048133975327,314.0666449003413,20,0.1,1.5
1467,5,0.23087614566764164,0,1.3496889619097596,0,13.65080704954269,326.25562044707544,327.717451949884,20,0.1,1.5
1467,4,0.23087614566764164,0,1.3469921468569763,0,13.623838899014856,339.8794593460903,341.34129084889884,20,0.1,1.5
1467,3,0.23087614566764164,0,1.344300720313423,0,13.596924633579324,353.47638397966966,354.93821548247814,20,0.1,1.5
1467,2,0.011543807283382081,0,5.712119277480276e-4,0,0.013407990799734997,353.48979197046935,354.9516234732779,1,0.1,1.5
1467,1,150,0,1.3572008102484066,0,113.57200810248406,467.0618000729534,468.52363157576195,99999,0.1,1.5
1487,30,0.23087614566764164,0.04560080445481345,0.9020386915055342,0,9.63031239004857,0,0,20,0.1,1.5
1487,29,0.23087614566764164,4.5600804454814025e-42,0.9002363269681499,0.04393653682794104,9.783945511954323,9.156280700126594,9.783945511954323,20,0.1,1.5
1487,28,0.23087614566764164,0.011095085057560869,1.1179116744931028,0.037109436751165945,11.974119836682673,20.600265726078323,21.758065348636997,20,0.1,1.5
1487,27,0.23087614566764164,0.009371069886658067,1.301048993550642,0.01986948277392748,13.541967818731344,33.85838379089641,35.30003316736834,20,0.1,1.5
1487,26,0.23087614566764164,0.005017546155032192,1.397702456504491,0.0014127488435669508,14.201299583376997,48.039501247936734,49.501332750745334,20,0.1,1.5
1487,25,0.23087614566764164,3.567547584765027e-4,1.401966743318897,0,14.177152411218827,62.216653659155554,63.67848516196416,20,0.1,1.5
1487,24,0.23087614566764164,3.5675475847650723e-44,1.3991654719715085,0,14.145572150160179,76.36222580931573,77.82405731212434,20,0.1,1.5
1487,23,0.23087614566764164,3.567547584765117e-84,1.3963697978475915,0,14.11761540892101,90.47984121823674,91.94167272104535,20,0.1,1.5
1487,22,0.23087614566764164,3.567547584765162e-124,1.3935797097633273,0,14.089714528078368,104.5695557463151,106.03138724912372,20,0.1,1.5
1487,21,0.23087614566764164,3.5675475847652064e-164,1.3907951965572436,0,14.06186939601753,118.63142514233263,120.09325664514125,20,0.1,1.5
1487,20,0.23087614566764164,3.5675475847652515e-204,1.3880162470901698,0,14.034079901346791,132.66550504367942,134.12733654648804,20,0.1,1.5
1487,19,0.23087614566764164,3.5675475847652965e-244,1.385242850245193,0,14.006345932897023,146.67185097657645,148.13368247938507,20,0.1,1.5
1487,18,0.23087614566764164,3.567547584765341e-284,1.3824749949276125,0,13.97866737972122,160.65051835629768,162.1123498591063,20,0.1,1.5
1487,17,0.23087614566764164,5e-324,1.379712670064896,0,13.951044131094054,174.60156248739173,176.06339399020035,20,0.1,1.5
1487,16,0.23087614566764164,0,1.3769558646066355,0,13.923476076511449,188.52503856390317,189.9868700667118,20,0.1,1.5
1487,15,0.23087614566764164,0,1.3742045675245025,0,13.895963105690118,202.42100166959327,203.88283317240192,20,0.1,1.5
1487,14,0.23087614566764164,0,1.3714587678122043,0,13.868505108567136,216.2895067781604,217.75133828096907,20,0.1,1.5
1487,13,0.23087614566764164,0,1.3687184544854403,0,13.841101975299496,230.13060875345988,231.59244025626856,20,0.1,1.5
1487,12,0.23087614566764164,0,1.365983616581857,0,13.813753596263664,243.94436234972355,245.40619385253223,20,0.1,1.5
1487,11,0.23087614566764164,0,1.3632542431610053,0,13.786459862055146,257.73082221177873,259.1926537145874,20,0.1,1.5
1487,10,0.23087614566764164,0,1.360530323304296,0,13.759220663488055,271.4900428752668,272.95187437807544,20,0.1,1.5
1487,9,0.23087614566764164,0,1.3578118461149564,0,13.732035891594657,285.2220787668615,286.6839102696701,20,0.1,1.5
1487,8,0.23087614566764164,0,1.3550988007179865,0,13.704905437624959,298.9269842044865,300.38881570729507,20,0.1,1.5
1487,7,0.23087614566764164,0,1.3523911762601157,0,13.677829193046252,312.6048133975327,314.0666449003413,20,0.1,1.5
1487,6,0.23087614566764164,0,1.3496889619097596,0,13.65080704954269,326.25562044707544,327.717451949884,20,0.1,1.5
1487,5,0.23087614566764164,0,1.3469921468569763,0,13.623838899014856,339.8794593460903,341.34129084889884,20,0.1,1.5
1487,4,0.23087614566764164,0,1.344300720313423,0,13.596924633579324,353.47638397966966,354.93821548247814,20,0.1,1.5
1487,3,0.23087614566764164,0,1.3416146715123132,0,13.570064145568226,367.04644812523793,368.50827962804635,20,0.1,1.5
1487,2,0.011543807283382081,0,5.700705885442894e-4,0,0.013396577407697615,367.0598447026456,368.52167620545407,1,0.1,1.5
1487,1,150,0,1.354488985762898,0,113.54488985762897,480.60473456027455,482.06656606308303,99999,0.1,1.5
1507,31,0.23087614566764164,0.04560080445481345,0.9020386915055342,0,9.63031239004857,0,0,20,0.1,1.5
1507,30,0.23087614566764164,4.5600804454814025e-42,0.9002363269681499,0.04393653682794104,9.783945511954323,9.156280700126594,9.783945511954323,20,0.1,1.5
1507,29,0.23087614566764164,0.011095085057560869,1.1179116744931028,0.037109436751165945,11.974119836682673,20.600265726078323,21.758065348636997,20,0.1,1.5
1507,28,0.23087614566764164,0.009371069886658067,1.301048993550642,0.01986948277392748,13.541967818731344,33.85838379089641,35.30003316736834,20,0.1,1.5
1507,27,0.23087614566764164,0.005017546155032192,1.397702456504491,0.0014127488435669508,14.201299583376997,48.039501247936734,49.501332750745334,20,0.1,1.5
1507,26,0.23087614566764164,3.567547584765027e-4,1.401966743318897,0,14.177152411218827,62.216653659155554,63.67848516196416,20,0.1,1.5
1507,25,0.23087614566764164,3.5675475847650723e-44,1.3991654719715085,0,14.145572150160179,76.36222580931573,77.82405731212434,20,0.1,1.5
1507,24,0.23087614566764164,3.567547584765117e-84,1.3963697978475915,0,14.11761540892101,90.47984121823674,91.94167272104535,20,0.1,1.5
1507,23,0.23087614566764164,3.567547584765162e-124,1.3935797097633273,0,14.089714528078368,104.5695557463151,106.03138724912372,20,0.1,1.5
1507,22,0.23087614566764164,3.5675475847652064e-164,1.3907951965572436,0,14.06186939601753,118.63142514233263,120.09325664514125,20,0.1,1.5
1507,21,0.23087614566764164,3.5675475847652515e-204,1.3880162470901698,0,14.034079901346791,132.66550504367942,134.12733654648804,20,0.1,1.5
1507,20,0.23087614566764164,3.5675475847652965e-244,1.385242850245193,0,14.006345932897023,146.67185097657645,148.13368247938507,20,0.1,1.5
1507,19,0.23087614566764164,3.567547584765341e-284,1.3824749949276125,0,13.97866737972122,160.65051835629768,162.1123498591063,20,0.1,1.5
1507,18,0.23087614566764164,5e-324,1.379712670064896,0,13.951044131094054,174.60156248739173,176.06339399020035,20,0.1,1.5
1507,17,0.23087614566764164,0,1.3769558646066355,0,13.923476076511449,188.52503856390317,189.9868700667118,20,0.1,1.5
1507,16,0.23087614566764164,0,1.3742045675245025,0,13.895963105690118,202.42100166959327,203.88283317240192,20,0.1,1.5
1507,15,0.23087614566764164,0,1.3714587678122043,0,13.868505108567136,216.2895067781604,217.75133828096907,20,0.1,1.5
1507,14,0.23087614566764164,0,1.3687184544854403,0,13.841101975299496,230.13060875345988,231.59244025626856,20,0.1,1.5
1507,13,0.23087614566764164,0,1.365983616581857,0,13.813753596263664,243.94436234972355,245.40619385253223,20,0.1,1.5
1507,12,0.23087614566764164,0,1.3632542431610053,0,13.786459862055146,257.73082221177873,259.1926537145874,20,0.1,1.5
1507,11,0.23087614566764164,0,1.360530323304296,0,13.759220663488055,271.4900428752668,272.95187437807544,20,0.1,1.5
1507,10,0.23087614566764164,0,1.3578118461149564,0,13.732035891594657,285.2220787668615,286.6839102696701,20,0.1,1.5
1507,9,0.23087614566764164,0,1.3550988007179865,0,13.704905437624959,298.9269842044865,300.38881570729507,20,0.1,1.5
1507,8,0.23087614566764164,0,1.3523911762601157,0,13.677829193046252,312.6048133975327,314.0666449003413,20,0.1,1.5
1507,7,0.23087614566764164,0,1.3496889619097596,0,13.65080704954269,326.25562044707544,327.717451949884,20,0.1,1.5
1507,6,0.23087614566764164,0,1.3469921468569763,0,13.623838899014856,339.8794593460903,341.34129084889884,20,0.1,1.5
1507,5,0.23087614566764164,0,1.344300720313423,0,13.596924633579324,353.47638397966966,354.93821548247814,20,0.1,1.5
1507,4,0.23087614566764164,0,1.3416146715123132,0,13.570064145568226,367.04644812523793,368.50827962804635,20,0.1,1.5
1507,3,0.23087614566764164,0,1.3389339897083736,0,13.54325732752883,380.5897054527668,382.05153695557516,20,0.1,1.5
1507,2,0.011543807283382081,0,5.689315298517148e-4,0,0.013385186820771867,380.60309063958755,382.0649221423959,1,0.1,1.5
1507,1,150,0,1.3517825797769838,0,113.51782579776983,494.1209164373574,495.58274794016575,99999,0.1,1.5
1527,32,0.23087614566764164,0.04560080445481345,0.9020386915055342,0,9.63031239004857,0,0,20,0.1,1.5
1527,31,0.23087614566764164,4.5600804454814025e-42,0.9002363269681499,0.04393653682794104,9.783945511954323,9.156280700126594,9.783945511954323,20,0.1,1.5
1527,30,0.23087614566764164,0.011095085057560869,1.1179116744931028,0.037109436751165945,11.974119836682673,20.600265726078323,21.758065348636997,20,0.1,1.5
1527,29,0.23087614566764164,0.009371069886658067,1.301048993550642,0.01986948277392748,13.541967818731344,33.85838379089641,35.30003316736834,20,0.1,1.5
1527,28,0.23087614566764164,0.005017546155032192,1.397702456504491,0.0014127488435669508,14.201299583376997,48.039501247936734,49.501332750745334,20,0.1,1.5
1527,27,0.23087614566764164,3.567547584765027e-4,1.401966743318897,0,14.177152411218827,62.216653659155554,63.67848516196416,20,0.1,1.5
1527,26,0.23087614566764164,3.5675475847650723e-44,1.3991654719715085,0,14.145572150160179,76.36222580931573,77.82405731212434,20,0.1,1.5
1527,25,0.23087614566764164,3.567547584765117e-84,1.3963697978475915,0,14.11761540892101,90.47984121823674,91.94167272104535,20,0.1,1.5
1527,24,0.23087614566764164,3.567547584765162e-124,1.3935797097633273,0,14.089714528078368,104.5695557463151,106.03138724912372,20,0.1,1.5
1527,23,0.23087614566764164,3.5675475847652064e-164,1.3907951965572436,0,14.06186939601753,118.63142514233263,120.09325664514125,20,0.1,1.5
1527,22,0.23087614566764164,3.5675475847652515e-204,1.3880162470901698,0,14.034079901346791,132.66550504367942,134.12733654648804,20,0.1,1.5
1527,21,0.23087614566764164,3.5675475847652965e-244,1.385242850245193,0,14.006345932897023,146.67185097657645,148.13368247938507,20,0.1,1.5
1527,20,0.23087614566764164,3.567547584765341e-284,1.3824749949276125,0,13.97866737972122,160.65051835629768,162.1123498591063,20,0.1,1.5
1527,19,0.23087614566764164,5e-324,1.379712670064896,0,13.951044131094054,174.60156248739173,176.06339399020035,20,0.1,1.5
1527,18,0.23087614566764164,0,1.3769558646066355,0,13.923476076511449,188.52503856390317,189.9868700667118,20,0.1,1.5
1527,17,0.23087614566764164,0,1.3742045675245025,0,13.895963105690118,202.42100166959327,203.88283317240192,20,0.1,1.5
1527,16,0.23087614566764164,0,1.3714587678122043,0,13.868505108567136,216.2895067781604,217.75133828096907,20,0.1,1.5
1527,15,0.23087614566764164,0,1.3687184544854403,0,13.841101975299496,230.13060875345988,231.59244025626856,20,0.1,1.5
1527,14,0.23087614566764164,0,1.365983616581857,0,13.813753596263664,243.94436234972355,245.40619385253223,20,0.1,1.5
1527,13,0.23087614566764164,0,1.3632542431610053,0,13.786459862055146,257.73082221177873,259.1926537145874,20,0.1,1.5
1527,12,0.23087614566764164,0,1.360530323304296,0,13.759220663488055,271.4900428752668,272.95187437807544,20,0.1,1.5
1527,11,0.23087614566764164,0,1.3578118461149564,0,13.732035891594657,285.2220787668615,286.6839102696701,20,0.1,1.5
1527,10,0.23087614566764164,0,1.3550988007179865,0,13.704905437624959,298.9269842044865,300.38881570729507,20,0.1,1.5
1527,9,0.23087614566764164,0,1.3523911762601157,0,13.677829193046252,312.6048133975327,314.0666449003413,20,0.1,1.5
1527,8,0.23087614566764164,0,1.3496889619097596,0,13.65080704954269,326.25562044707544,327.717451949884,20,0.1,1.5
1527,7,0.23087614566764164,0,1.3469921468569763,0,13.623838899014856,339.8794593460903,341.34129084889884,20,0.1,1.5
1527,6,0.23087614566764164,0,1.344300720313423,0,13.596924633579324,353.47638397966966,354.93821548247814,20,0.1,1.5
1527,5,0.23087614566764164,0,1.3416146715123132,0,13.570064145568226,367.04644812523793,368.50827962804635,20,0.1,1.5
1527,4,0.23087614566764164,0,1.3389339897083736,0,13.54325732752883,380.5897054527668,382.05153695557516,20,0.1,1.5
1527,3,0.23087614566764164,0,1.3362586641778014,0,13.516504072223107,394.10620952498994,395.56804102779824,20,0.1,1.5
1527,2,0.011543807283382081,0,5.677947471136118e-4,0,0.01337381899339084,394.1195833439833,395.58141484679163,1,0.1,1.5
1527,1,150,0,1.3490815814639543,0,113.49081581463955,507.61039915862284,509.07223066143115,99999,0.1,1.5
1547,33,0.23087614566764164,0.04560080445481345,0.9020386915055342,0,9.63031239004857,0,0,20,0.1,1.5
1547,32,0.23087614566764164,4.5600804454814025e-42,0.9002363269681499,0.04393653682794104,9.783945511954323,9.156280700126594,9.783945511954323,20,0.1,1.5
1547,31,0.23087614566764164,0.011095085057560869,1.1179116744931028,0.037109436751165945,11.974119836682673,20.600265726078323,21.758065348636997,20,0.1,1.5
1547,30,0.23087614566764164,0.009371069886658067,1.301048993550642,0.01986948277392748,13.541967818731344,33.85838379089641,35.30003316736834,20,0.1,1.5
1547,29,0.23087614566764164,0.005017546155032192,1.397702456504491,0.0014127488435669508,14.201299583376997,48.039501247936734,49.501332750745334,20,0.1,1.5
1547,28,0.23087614566764164,3.567547584765027e-4,1.401966743318897,0,14.177152411218827,62.216653659155554,63.67848516196416,20,0.1,1.5
1547,27,0.23087614566764164,3.5675475847650723e-44,1.3991654719715085,0,14.145572150160179,76.36222580931573,77.82405731212434,20,0.1,1.5
1547,26,0.23087614566764164,3.567547584765117e-84,1.3963697978475915,0,14.11761540892101,90.47984121823674,91.94167272104535,20,0.1,1.5
1547,25,0.23087614566764164,3.567547584765162e-124,1.3935797097633273,0,14.089714528078368,104.5695557463151,106.03138724912372,20,0.1,1.5
1547,24,0.23087614566764164,3.5675475847652064e-164,1.3907951965572436,0,14.06186939601753,118.63142514233263,120.09325664514125,20,0.1,1.5
1547,23,0.23087614566764164,3.5675475847652515e-204,1.3880162470901698,0,14.034079901346791,132.66550504367942,134.12733654648804,20,0.1,1.5
1547,22,0.23087614566764164,3.5675475847652965e-244,1.385242850245193,0,14.006345932897023,146.67185097657645,148.13368247938507,20,0.1,1.5
1547,21,0.23087614566764164,3.567547584765341e-284,1.3824749949276125,0,13.97866737972122,160.65051835629768,162.1123498591063,20,0.1,1.5
1547,20,0.23087614566764164,5e-324,1.379712670064896,0,13.951044131094054,174.60156248739173,176.06339399020035,20,0.1,1.5
1547,19,0.23087614566764164,0,1.3769558646066355,0,13.923476076511449,188.52503856390317,189.9868700667118,20,0.1,1.5
1547,18,0.23087614566764164,0,1.3742045675245025,0,13.895963105690118,202.42100166959327,203.88283317240192,20,0.1,1.5
1547,17,0.23087614566764164,0,1.3714587678122043,0,13.868505108567136,216.2895067781604,217.75133828096907,20,0.1,1.5
1547,16,0.23087614566764164,0,1.3687184544854403,0,13.841101975299496,230.13060875345988,231.59244025626856,20,0.1,1.5
1547,15,0.23087614566764164,0,1.365983616581857,0,13.813753596263664,243.94436234972355,245.40619385253223,20,0.1,1.5
1547,14,0.23087614566764164,0,1.3632542431610053,0,13.786459862055146,257.73082221177873,259.1926537145874,20,0.1,1.5
1547,13,0.23087614566764164,0,1.360530323304296,0,13.759220663488055,271.4900428752668,272.95187437807544,20,0.1,1.5
1547,12,0.23087614566764164,0,1.3578118461149564,0,13.732035891594657,285.2220787668615,286.6839102696701,20,0.1,1.5
1547,11,0.23087614566764164,0,1.3550988007179865,0,13.704905437624959,298.9269842044865,300.38881570729507,20,0.1,1.5
1547,10,0.23087614566764164,0,1.3523911762601157,0,13.677829193046252,312.6048133975327,314.0666449003413,20,0.1,1.5
1547,9,0.23087614566764164,0,1.3496889619097596,0,13.65080704954269,326.25562044707544,327.717451949884,20,0.1,1.5
1547,8,0.23087614566764164,0,1.3469921468569763,0,13.623838899014856,339.8794593460903,341.34129084889884,20,0.1,1.5
1547,7,0.23087614566764164,0,1.344300720313423,0,13.596924633579324,353.47638397966966,354.93821548247814,20,0.1,1.5
1547,6,0.23087614566764164,0,1.3416146715123132,0,13.570064145568226,367.04644812523793,368.50827962804635,20,0.1,1.5
1547,5,0.23087614566764164,0,1.3389339897083736,0,13.54325732752883,380.5897054527668,382.05153695557516,20,0.1,1.5
1547,4,0.23087614566764164,0,1.3362586641778014,0,13.516504072223107,394.10620952498994,395.56804102779824,20,0.1,1.5
1547,3,0.23087614566764164,0,1.3335886842182203,0,13.489804272627296,407.5960137976173,409.0578453004255,20,0.1,1.5
1547,2,0.011543807283382081,0,5.666602357823931e-4,0,0.013362473880078652,407.60937627149735,409.0712077743056,1,0.1,1.5
1547,1,150,0,1.3463859800187319,0,113.46385980018732,521.0732360716847,522.5350675744929,99999,0.1,1.5
1567,34,0.23087614566764164,0.04560080445481345,0.9020386915055342,0,9.63031239004857,0,0,20,0.1,1.5
1567,33,0.23087614566764164,4.5600804454814025e-42,0.9002363269681499,0.04393653682794104,9.783945511954323,9.156280700126594,9.783945511954323,20,0.1,1.5
1567,32,0.23087614566764164,0.011095085057560869,1.1179116744931028,0.037109436751165945,11.974119836682673,20.600265726078323,21.758065348636997,20,0.1,1.5
1567,31,0.23087614566764164,0.009371069886658067,1.301048993550642,0.01986948277392748,13.541967818731344,33.85838379089641,35.30003316736834,20,0.1,1.5
1567,30,0.23087614566764164,0.005017546155032192,1.397702456504491,0.0014127488435669508,14.201299583376997,48.039501247936734,49.501332750745334,20,0.1,1.5
1567,29,0.23087614566764164,3.567547584765027e-4,1.401966743318897,0,14.177152411218827,62.216653659155554,63.67848516196416,20,0.1,1.5
1567,28,0.23087614566764164,3.5675475847650723e-44,1.3991654719715085,0,14.145572150160179,76.36222580931573,77.82405731212434,20,0.1,1.5
1567,27,0.23087614566764164,3.567547584765117e-84,1.3963697978475915,0,14.11761540892101,90.47984121823674,91.94167272104535,20,0.1,1.5
1567,26,0.23087614566764164,3.567547584765162e-124,1.3935797097633273,0,14.089714528078368,104.5695557463151,106.03138724912372,20,0.1,1.5
1567,25,0.23087614566764164,3.5675475847652064e-164,1.3907951965572436,0,14.06186939601753,118.63142514233263,120.09325664514125,20,0.1,1.5
1567,24,0.23087614566764164,3.5675475847652515e-204,1.3880162470901698,0,14.034079901346791,132.66550504367942,134.12733654648804,20,0.1,1.5
1567,23,0.23087614566764164,3.5675475847652965e-244,1.385242850245193,0,14.006345932897023,146.67185097657645,148.13368247938507,20,0.1,1.5
1567,22,0.23087614566764164,3.567547584765341e-284,1.3824749949276125,0,13.97866737972122,160.65051835629768,162.1123498591063,20,0.1,1.5
1567,21,0.23087614566764164,5e-324,1.379712670064896,0,13.951044131094054,174.60156248739173,176.06339399020035,20,0.1,1.5
1567,20,0.23087614566764164,0,1.3769558646066355,0,13.923476076511449,188.52503856390317,189.9868700667118,20,0.1,1.5
1567,19,0.23087614566764164,0,1.3742045675245025,0,13.895963105690118,202.42100166959327,203.88283317240192,20,0.1,1.5
1567,18,0.23087614566764164,0,1.3714587678122043,0,13.868505108567136,216.2895067781604,217.75133828096907,20,0.1,1.5
1567,17,0.23087614566764164,0,1.3687184544854403,0,13.841101975299496,230.13060875345988,231.59244025626856,20,0.1,1.5
1567,16,0.23087614566764164,0,1.365983616581857,0,13.813753596263664,243.94436234972355,245.40619385253223,20,0.1,1.5
1567,15,0.23087614566764164,0,1.3632542431610053,0,13.786459862055146,257.73082221177873,259.1926537145874,20,0.1,1.5
1567,14,0.23087614566764164,0,1.360530323304296,0,13.759220663488055,271.4900428752668,272.95187437807544,20,0.1,1.5
1567,13,0.23087614566764164,0,1.3578118461149564,0,13.732035891594657,285.2220787668615,286.6839102696701,20,0.1,1.5
1567,12,0.23087614566764164,0,1.3550988007179865,0,13.704905437624959,298.9269842044865,300.38881570729507,20,0.1,1.5
1567,11,0.23087614566764164,0,1.3523911762601157,0,13.677829193046252,312.6048133975327,314.0666449003413,20,0.1,1.5
1567,10,0.23087614566764164,0,1.3496889619097596,0,13.65080704954269,326.25562044707544,327.717451949884,20,0.1,1.5
1567,9,0.23087614566764164,0,1.3469921468569763,0,13.623838899014856,339.8794593460903,341.34129084889884,20,0.1,1.5
1567,8,0.23087614566764164,0,1.344300720313423,0,13.596924633579324,353.47638397966966,354.93821548247814,20,0.1,1.5
1567,7,0.23087614566764164,0,1.3416146715123132,0,13.570064145568226,367.04644812523793,368.50827962804635,20,0.1,1.5
1567,6,0.23087614566764164,0,1.3389339897083736,0,13.54325732752883,380.5897054527668,382.05153695557516,20,0.1,1.5
1567,5,0.23087614566764164,0,1.3362586641778014,0,13.516504072223107,394.10620952498994,395.56804102779824,20,0.1,1.5
1567,4,0.23087614566764164,0,1.3335886842182203,0,13.489804272627296,407.5960137976173,409.0578453004255,20,0.1,1.5
1567,3,0.23087614566764164,0,1.330924039148639,0,13.463157821931484,421.0591716195488,422.521003122357,20,0.1,1.5
1567,2,0.011543807283382081,0,5.655279913195583e-4,0,0.013351151435450303,421.0725227709842,422.5343542737925,1,0.1,1.5
1567,1,150,0,1.3436957646578287,0,113.43695764657829,534.5094804175625,535.9713119203708,99999,0.1,1.5
1587,35,0.23087614566764164,0.04560080445481345,0.9020386915055342,0,9.63031239004857,0,0,20,0.1,1.5
1587,34,0.23087614566764164,4.5600804454814025e-42,0.9002363269681499,0.04393653682794104,9.783945511954323,9.156280700126594,9.783945511954323,20,0.1,1.5
1587,33,0.23087614566764164,0.011095085057560869,1.1179116744931028,0.037109436751165945,11.974119836682673,20.600265726078323,21.758065348636997,20,0.1,1.5
1587,32,0.23087614566764164,0.009371069886658067,1.301048993550642,0.01986948277392748,13.541967818731344,33.85838379089641,35.30003316736834,20,0.1,1.5
1587,31,0.23087614566764164,0.005017546155032192,1.397702456504491,0.0014127488435669508,14.201299583376997,48.039501247936734,49.501332750745334,20,0.1,1.5
1587,30,0.23087614566764164,3.567547584765027e-4,1.401966743318897,0,14.177152411218827,62.216653659155554,63.67848516196416,20,0.1,1.5
1587,29,0.23087614566764164,3.5675475847650723e-44,1.3991654719715085,0,14.145572150160179,76.36222580931573,77.82405731212434,20,0.1,1.5
1587,28,0.23087614566764164,3.567547584765117e-84,1.3963697978475915,0,14.11761540892101,90.47984121823674,91.94167272104535,20,0.1,1.5
1587,27,0.23087614566764164,3.567547584765162e-124,1.3935797097633273,0,14.089714528078368,104.5695557463151,106.03138724912372,20,0.1,1.5
1587,26,0.23087614566764164,3.5675475847652064e-164,1.3907951965572436,0,14.06186939601753,118.63142514233263,120.09325664514125,20,0.1,1.5
1587,25,0.23087614566764164,3.5675475847652515e-204,1.3880162470901698,0,14.034079901346791,132.66550504367942,134.12733654648804,20,0.1,1.5
1587,24,0.23087614566764164,3.5675475847652965e-244,1.385242850245193,0,14.006345932897023,146.67185097657645,148.13368247938507,20,0.1,1.5
1587,23,0.23087614566764164,3.567547584765341e-284,1.3824749949276125,0,13.97866737972122,160.65051835629768,162.1123498591063,20,0.1,1.5
1587,22,0.23087614566764164,5e-324,1.379712670064896,0,13.951044131094054,174.60156248739173,176.06339399020035,20,0.1,1.5
1587,21,0.23087614566764164,0,1.3769558646066355,0,13.923476076511449,188.52503856390317,189.9868700667118,20,0.1,1.5
1587,20,0.23087614566764164,0,1.3742045675245025,0,13.895963105690118,202.42100166959327,203.88283317240192,20,0.1,1.5
1587,19,0.23087614566764164,0,1.3714587678122043,0,13.868505108567136,216.2895067781604,217.75133828096907,20,0.1,1.5
1587,18,0.23087614566764164,0,1.3687184544854403,0,13.841101975299496,230.13060875345988,231.59244025626856,20,0.1,1.5
1587,17,0.23087614566764164,0,1.365983616581857,0,13.813753596263664,243.94436234972355,245.40619385253223,20,0.1,1.5
1587,16,0.23087614566764164,0,1.3632542431610053,0,13.786459862055146,257.73082221177873,259.1926537145874,20,0.1,1.5
1587,15,0.23087614566764164,0,1.360530323304296,0,13.759220663488055,271.4900428752668,272.95187437807544,20,0.1,1.5
1587,14,0.23087614566764164,0,1.3578118461149564,0,13.732035891594657,285.2220787668615,286.6839102696701,20,0.1,1.5
1587,13,0.23087614566764164,0,1.3550988007179865,0,13.704905437624959,298.9269842044865,300.38881570729507,20,0.1,1.5
1587,12,0.23087614566764164,0,1.3523911762601157,0,13.677829193046252,312.6048133975327,314.0666449003413,20,0.1,1.5
1587,11,0.23087614566764164,0,1.3496889619097596,0,13.65080704954269,326.25562044707544,327.717451949884,20,0.1,1.5
1587,10,0.23087614566764164,0,1.3469921468569763,0,13.623838899014856,339.8794593460903,341.34129084889884,20,0.1,1.5
1587,9,0.23087614566764164,0,1.344300720313423,0,13.596924633579324,353.47638397966966,354.93821548247814,20,0.1,1.5
1587,8,0.23087614566764164,0,1.3416146715123132,0,13.570064145568226,367.04644812523793,368.50827962804635,20,0.1,1.5
1587,7,0.23087614566764164,0,1.3389339897083736,0,13.54325732752883,380.5897054527668,382.05153695557516,20,0.1,1.5
1587,6,0.23087614566764164,0,1.3362586641778014,0,13.516504072223107,394.10620952498994,395.56804102779824,20,0.1,1.5
1587,5,0.23087614566764164,0,1.3335886842182203,0,13.489804272627296,407.5960137976173,409.0578453004255,20,0.1,1.5
1587,4,0.23087614566764164,0,1.330924039148639,0,13.463157821931484,421.0591716195488,422.521003122357,20,0.1,1.5
1587,3,0.23087614566764164,0,1.3282647183094076,0,13.43656461353917,434.495736233088,435.9575677358962,20,0.1,1.5
1587,2,0.011543807283382081,0,5.643980091956747e-4,0,0.013339851614211468,434.5090760847022,435.9709075875104,1,0.1,1.5
1587,1,150,0,1.3410109246193038,0,113.41010924619303,547.9191853308953,549.3810168337034,99999,0.1,1.5
1607,36,0.23087614566764164,0.04560080445481345,0.9020386915055342,0,9.63031239004857,0,0,20,0.1,1.5
1607,35,0.23087614566764164,4.5600804454814025e-42,0.9002363269681499,0.04393653682794104,9.783945511954323,9.156280700126594,9.783945511954323,20,0.1,1.5
1607,34,0.23087614566764164,0.011095085057560869,1.1179116744931028,0.037109436751165945,11.974119836682673,20.600265726078323,21.758065348636997,20,0.1,1.5
1607,33,0.23087614566764164,0.009371069886658067,1.301048993550642,0.01986948277392748,13.541967818731344,33.85838379089641,35.30003316736834,20,0.1,1.5
1607,32,0.23087614566764164,0.005017546155032192,1.397702456504491,0.0014127488435669508,14.201299583376997,48.039501247936734,49.501332750745334,20,0.1,1.5
1607,31,0.23087614566764164,3.567547584765027e-4,1.401966743318897,0,14.177152411218827,62.216653659155554,63.67848516196416,20,0.1,1.5
1607,30,0.23087614566764164,3.5675475847650723e-44,1.3991654719715085,0,14.145572150160179,76.36222580931573,77.82405731212434,20,0.1,1.5
1607,29,0.23087614566764164,3.567547584765117e-84,1.3963697978475915,0,14.11761540892101,90.47984121823674,91.94167272104535,20,0.1,1.5
1607,28,0.23087614566764164,3.567547584765162e-124,1.3935797097633273,0,14.089714528078368,104.5695557463151,106.03138724912372,20,0.1,1.5
1607,27,0.23087614566764164,3.5675475847652064e-164,1.3907951965572436,0,14.06186939601753,118.63142514233263,120.09325664514125,20,0.1,1.5
1607,26,0.23087614566764164,3.5675475847652515e-204,1.3880162470901698,0,14.034079901346791,132.66550504367942,134.12733654648804,20,0.1,1.5
1607,25,0.23087614566764164,3.5675475847652965e-244,1.385242850245193,0,14.006345932897023,146.67185097657645,148.13368247938507,20,0.1,1.5
1607,24,0.23087614566764164,3.567547584765341e-284,1.3824749949276125,0,13.97866737972122,160.65051835629768,162.1123498591063,20,0.1,1.5
1607,23,0.23087614566764164,5e-324,1.379712670064896,0,13.951044131094054,174.60156248739173,176.06339399020035,20,0.1,1.5
1607,22,0.23087614566764164,0,1.3769558646066355,0,13.923476076511449,188.52503856390317,189.9868700667118,20,0.1,1.5
1607,21,0.23087614566764164,0,1.3742045675245025,0,13.895963105690118,202.42100166959327,203.88283317240192,20,0.1,1.5
1607,20,0.23087614566764164,0,1.3714587678122043,0,13.868505108567136,216.2895067781604,217.75133828096907,20,0.1,1.5
1607,19,0.23087614566764164,0,1.3687184544854403,0,13.841101975299496,230.13060875345988,231.59244025626856,20,0.1,1.5
1607,18,0.23087614566764164,0,1.365983616581857,0,13.813753596263664,243.94436234972355,245.40619385253223,20,0.1,1.5
1607,17,0.23087614566764164,0,1.3632542431610053,0,13.786459862055146,257.73082221177873,259.1926537145874,20,0.1,1.5
1607,16,0.23087614566764164,0,1.360530323304296,0,13.759220663488055,271.4900428752668,272.95187437807544,20,0.1,1.5
1607,15,0.23087614566764164,0,1.3578118461149564,0,13.732035891594657,285.2220787668615,286.6839102696701,20,0.1,1.5
1607,14,0.23087614566764164,0,1.3550988007179865,0,13.704905437624959,298.9269842044865,300.38881570729507,20,0.1,1.5
1607,13,0.23087614566764164,0,1.3523911762601157,0,13.677829193046252,312.6048133975327,314.0666449003413,20,0.1,1.5
1607,12,0.23087614566764164,0,1.3496889619097596,0,13.65080704954269,326.25562044707544,327.717451949884,20,0.1,1.5
1607,11,0.23087614566764164,0,1.3469921468569763,0,13.623838899014856,339.8794593460903,341.34129084889884,20,0.1,1.5
1607,10,0.23087614566764164,0,1.344300720313423,0,13.596924633579324,353.47638397966966,354.93821548247814,20,0.1,1.5
1607,9,0.23087614566764164,0,1.3416146715123132,0,13.570064145568226,367.04644812523793,368.50827962804635,20,0.1,1.5
1607,8,0.23087614566764164,0,1.3389339897083736,0,13.54325732752883,380.5897054527668,382.05153695557516,20,0.1,1.5
1607,7,0.23087614566764164,0,1.3362586641778014,0,13.516504072223107,394.10620952498994,395.56804102779824,20,0.1,1.5
1607,6,0.23087614566764164,0,1.3335886842182203,0,13.489804272627296,407.5960137976173,409.0578453004255,20,0.1,1.5
1607,5,0.23087614566764164,0,1.330924039148639,0,13.463157821931484,421.0591716195488,422.521003122357,20,0.1,1.5
1607,4,0.23087614566764164,0,1.3282647183094076,0,13.43656461353917,434.495736233088,435.9575677358962,20,0.1,1.5
1607,3,0.23087614566764164,0,1.3256107110621753,0,13.410024541066846,447.9057607741549,449.367592276963,20,0.1,1.5
1607,2,0.011543807283382081,0,5.632702848903606e-4,0,0.013328574371158326,447.91908934852603,449.38092085133417,1,0.1,1.5
1607,1,150,0,1.3383314491627192,0,113.38331449162719,561.3024038401531,562.7642353429613,99999,0.1,1.5
1627,37,0.23087614566764164,0.04560080445481345,0.9020386915055342,0,9.63031239004857,0,0,20,0.1,1.5
1627,36,0.23087614566764164,4.5600804454814025e-42,0.9002363269681499,0.04393653682794104,9.783945511954323,9.156280700126594,9.783945511954323,20,0.1,1.5
1627,35,0.23087614566764164,0.011095085057560869,1.1179116744931028,0.037109436751165945,11.974119836682673,20.600265726078323,21.758065348636997,20,0.1,1.5
1627,34,0.23087614566764164,0.009371069886658067,1.301048993550642,0.01986948277392748,13.541967818731344,33.85838379089641,35.30003316736834,20,0.1,1.5
1627,33,0.23087614566764164,0.005017546155032192,1.397702456504491,0.0014127488435669508,14.201299583376997,48.039501247936734,49.501332750745334,20,0.1,1.5
1627,32,0.23087614566764164,3.567547584765027e-4,1.401966743318897,0,14.177152411218827,62.216653659155554,63.67848516196416,20,0.1,1.5
1627,31,0.23087614566764164,3.5675475847650723e-44,1.3991654719715085,0,14.145572150160179,76.36222580931573,77.82405731212434,20,0.1,1.5
1627,30,0.23087614566764164,3.567547584765117e-84,1.3963697978475915,0,14.11761540892101,90.47984121823674,91.94167272104535,20,0.1,1.5
1627,29,0.23087614566764164,3.567547584765162e-124,1.3935797097633273,0,14.089714528078368,104.5695557463151,106.03138724912372,20,0.1,1.5
1627,28,0.23087614566764164,3.5675475847652064e-164,1.3907951965572436,0,14.06186939601753,118.63142514233263,120.09325664514125,20,0.1,1.5
1627,27,0.23087614566764164,3.5675475847652515e-204,1.3880162470901698,0,14.034079901346791,132.66550504367942,134.12733654648804,20,0.1,1.5
1627,26,0.23087614566764164,3.5675475847652965e-244,1.385242850245193,0,14.006345932897023,146.67185097657645,148.13368247938507,20,0.1,1.5
1627,25,0.23087614566764164,3.567547584765341e-284,1.3824749949276125,0,13.97866737972122,160.65051835629768,162.1123498591063,20,0.1,1.5
1627,24,0.23087614566764164,5e-324,1.379712670064896,0,13.951044131094054,174.60156248739173,176.06339399020035,20,0.1,1.5
1627,23,0.23087614566764164,0,1.3769558646066355,0,13.923476076511449,188.52503856390317,189.9868700667118,20,0.1,1.5
1627,22,0.23087614566764164,0,1.3742045675245025,0,13.895963105690118,202.42100166959327,203.88283317240192,20,0.1,1.5
1627,21,0.23087614566764164,0,1.3714587678122043,0,13.868505108567136,216.2895067781604,217.75133828096907,20,0.1,1.5
1627,20,0.23087614566764164,0,1.3687184544854403,0,13.841101975299496,230.13060875345988,231.59244025626856,20,0.1,1.5
1627,19,0.23087614566764164,0,1.365983616581857,0,13.813753596263664,243.94436234972355,245.40619385253223,20,0.1,1.5
1627,18,0.23087614566764164,0,1.3632542431610053,0,13.786459862055146,257.73082221177873,259.1926537145874,20,0.1,1.5
1627,17,0.23087614566764164,0,1.360530323304296,0,13.759220663488055,271.4900428752668,272.95187437807544,20,0.1,1.5
1627,16,0.23087614566764164,0,1.3578118461149564,0,13.732035891594657,285.2220787668615,286.6839102696701,20,0.1,1.5
1627,15,0.23087614566764164,0,1.3550988007179865,0,13.704905437624959,298.9269842044865,300.38881570729507,20,0.1,1.5
1627,14,0.23087614566764164,0,1.3523911762601157,0,13.677829193046252,312.6048133975327,314.0666449003413,20,0.1,1.5
1627,13,0.23087614566764164,0,1.3496889619097596,0,13.65080704954269,326.25562044707544,327.717451949884,20,0.1,1.5
1627,12,0.23087614566764164,0,1.3469921468569763,0,13.623838899014856,339.8794593460903,341.34129084889884,20,0.1,1.5
1627,11,0.23087614566764164,0,1.344300720313423,0,13.596924633579324,353.47638397966966,354.93821548247814,20,0.1,1.5
1627,10,0.23087614566764164,0,1.3416146715123132,0,13.570064145568226,367.04644812523793,368.50827962804635,20,0.1,1.5
1627,9,0.23087614566764164,0,1.3389339897083736,0,13.54325732752883,380.5897054527668,382.05153695557516,20,0.1,1.5
1627,8,0.23087614566764164,0,1.3362586641778014,0,13.516504072223107,394.10620952498994,395.56804102779824,20,0.1,1.5
1627,7,0.23087614566764164,0,1.3335886842182203,0,13.489804272627296,407.5960137976173,409.0578453004255,20,0.1,1.5
1627,6,0.23087614566764164,0,1.330924039148639,0,13.463157821931484,421.0591716195488,422.521003122357,20,0.1,1.5
1627,5,0.23087614566764164,0,1.3282647183094076,0,13.43656461353917,434.495736233088,435.9575677358962,20,0.1,1.5
1627,4,0.23087614566764164,0,1.3256107110621753,0,13.410024541066846,447.9057607741549,449.367592276963,20,0.1,1.5
1627,3,0.23087614566764164,0,1.322962006789848,0,13.383537498343573,461.28929827249846,462.7511297753066,20,0.1,1.5
1627,2,0.011543807283382081,0,5.62144813892266e-4,0,0.013317319661177381,461.3026155921596,462.76444709496775,1,0.1,1.5
1627,1,150,0,1.3356573275690977,0,113.35657327569098,574.6591888678506,576.1210203706587,99999,0.1,1.5
1647,38,0.23087614566764164,0.04560080445481345,0.9020386915055342,0,9.63031239004857,0,0,20,0.1,1.5
1647,37,0.23087614566764164,4.5600804454814025e-42,0.9002363269681499,0.04393653682794104,9.783945511954323,9.156280700126594,9.783945511954323,20,0.1,1.5
1647,36,0.23087614566764164,0.011095085057560869,1.1179116744931028,0.037109436751165945,11.974119836682673,20.600265726078323,21.758065348636997,20,0.1,1.5
1647,35,0.23087614566764164,0.009371069886658067,1.301048993550642,0.01986948277392748,13.541967818731344,33.85838379089641,35.30003316736834,20,0.1,1.5
1647,34,0.23087614566764164,0.005017546155032192,1.397702456504491,0.0014127488435669508,14.201299583376997,48.039501247936734,49.501332750745334,20,0.1,1.5
1647,33,0.23087614566764164,3.567547584765027e-4,1.401966743318897,0,14.177152411218827,62.216653659155554,63.67848516196416,20,0.1,1.5
1647,32,0.23087614566764164,3.5675475847650723e-44,1.3991654719715085,0,14.145572150160179,76.36222580931573,77.82405731212434,20,0.1,1.5
1647,31,0.23087614566764164,3.567547584765117e-84,1.3963697978475915,0,14.11761540892101,90.47984121823674,91.94167272104535,20,0.1,1.5
1647,30,0.23087614566764164,3.567547584765162e-124,1.3935797097633273,0,14.089714528078368,104.5695557463151,106.03138724912372,20,0.1,1.5
1647,29,0.23087614566764164,3.5675475847652064e-164,1.3907951965572436,0,14.06186939601753,118.63142514233263,120.09325664514125,20,0.1,1.5
1647,28,0.23087614566764164,3.5675475847652515e-204,1.3880162470901698,0,14.034079901346791,132.66550504367942,134.12733654648804,20,0.1,1.5
1647,27,0.23087614566764164,3.5675475847652965e-244,1.385242850245193,0,14.006345932897023,146.67185097657645,148.13368247938507,20,0.1,1.5
1647,26,0.23087614566764164,3.567547584765341e-284,1.3824749949276125,0,13.97866737972122,160.65051835629768,162.1123498591063,20,0.1,1.5
1647,25,0.23087614566764164,5e-324,1.379712670064896,0,13.951044131094054,174.60156248739173,176.06339399020035,20,0.1,1.5
1647,24,0.23087614566764164,0,1.3769558646066355,0,13.923476076511449,188.52503856390317,189.9868700667118,20,0.1,1.5
1647,23,0.23087614566764164,0,1.3742045675245025,0,13.895963105690118,202.42100166959327,203.88283317240192,20,0.1,1.5
1647,22,0.23087614566764164,0,1.3714587678122043,0,13.868505108567136,216.2895067781604,217.75133828096907,20,0.1,1.5
1647,21,0.23087614566764164,0,1.3687184544854403,0,13.841101975299496,230.13060875345988,231.59244025626856,20,0.1,1.5
1647,20,0.23087614566764164,0,1.365983616581857,0,13.813753596263664,243.94436234972355,245.40619385253223,20,0.1,1.5
1647,19,0.23087614566764164,0,1.3632542431610053,0,13.786459862055146,257.73082221177873,259.1926537145874,20,0.1,1.5
1647,18,0.23087614566764164,0,1.360530323304296,0,13.759220663488055,271.4900428752668,272.95187437807544,20,0.1,1.5
1647,17,0.23087614566764164,0,1.3578118461149564,0,13.732035891594657,285.2220787668615,286.6839102696701,20,0.1,1.5
1647,16,0.23087614566764164,0,1.3550988007179865,0,13.704905437624959,298.9269842044865,300.38881570729507,20,0.1,1.5
1647,15,0.23087614566764164,0,1.3523911762601157,0,13.677829193046252,312.6048133975327,314.0666449003413,20,0.1,1.5
1647,14,0.23087614566764164,0,1.3496889619097596,0,13.65080704954269,326.25562044707544,327.717451949884,20,0.1,1.5
1647,13,0.23087614566764164,0,1.3469921468569763,0,13.623838899014856,339.8794593460903,341.34129084889884,20,0.1,1.5
1647,12,0.23087614566764164,0,1.344300720313423,0,13.596924633579324,353.47638397966966,354.93821548247814,20,0.1,1.5
1647,11,0.23087614566764164,0,1.3416146715123132,0,13.570064145568226,367.04644812523793,368.50827962804635,20,0.1,1.5
1647,10,0.23087614566764164,0,1.3389339897083736,0,13.54325732752883,380.5897054527668,382.05153695557516,20,0.1,1.5
1647,9,0.23087614566764164,0,1.3362586641778014,0,13.516504072223107,394.10620952498994,395.56804102779824,20,0.1,1.5
1647,8,0.23087614566764164,0,1.3335886842182203,0,13.489804272627296,407.5960137976173,409.0578453004255,20,0.1,1.5
1647,7,0.23087614566764164,0,1.330924039148639,0,13.463157821931484,421.0591716195488,422.521003122357,20,0.1,1.5
1647,6,0.23087614566764164,0,1.3282647183094076,0,13.43656461353917,434.495736233088,435.9575677358962,20,0.1,1.5
1647,5,0.23087614566764164,0,1.3256107110621753,0,13.410024541066846,447.9057607741549,449.367592276963,20,0.1,1.5
1647,4,0.23087614566764164,0,1.322962006789848,0,13.383537498343573,461.28929827249846,462.7511297753066,20,0.1,1.5
1647,3,0.23087614566764164,0,1.3203185948965455,0,13.357103379410548,474.646401651909,476.10823315471714,20,0.1,1.5
1647,2,0.011543807283382081,0,5.610215916990551e-4,0,0.013306087439245272,474.6597077393482,476.12153924215636,1,0.1,1.5
1647,1,150,0,1.3329885491408797,0,113.3298854914088,587.989593230757,589.4514247335652,99999,0.1,1.5
1667,39,0.23087614566764164,0.04560080445481345,0.9020386915055342,0,9.63031239004857,0,0,20,0.1,1.5
1667,38,0.23087614566764164,4.5600804454814025e-42,0.9002363269681499,0.04393653682794104,9.783945511954323,9.156280700126594,9.783945511954323,20,0.1,1.5
1667,37,0.23087614566764164,0.011095085057560869,1.1179116744931028,0.037109436751165945,11.974119836682673,20.600265726078323,21.758065348636997,20,0.1,1.5
1667,36,0.23087614566764164,0.009371069886658067,1.301048993550642,0.01986948277392748,13.541967818731344,33.85838379089641,35.30003316736834,20,0.1,1.5
1667,35,0.23087614566764164,0.005017546155032192,1.397702456504491,0.0014127488435669508,14.201299583376997,48.039501247936734,49.501332750745334,20,0.1,1.5
1667,34,0.23087614566764164,3.567547584765027e-4,1.401966743318897,0,14.177152411218827,62.216653659155554,63.67848516196416,20,0.1,1.5
1667,33,0.23087614566764164,3.5675475847650723e-44,1.3991654719715085,0,14.145572150160179,76.36222580931573,77.82405731212434,20,0.1,1.5
1667,32,0.23087614566764164,3.567547584765117e-84,1.3963697978475915,0,14.11761540892101,90.47984121823674,91.94167272104535,20,0.1,1.5
1667,31,0.23087614566764164,3.567547584765162e-124,1.3935797097633273,0,14.089714528078368,104.5695557463151,106.03138724912372,20,0.1,1.5
1667,30,0.23087614566764164,3.5675475847652064e-164,1.3907951965572436,0,14.06186939601753,118.63142514233263,120.09325664514125,20,0.1,1.5
1667,29,0.23087614566764164,3.5675475847652515e-204,1.3880162470901698,0,14.034079901346791,132.66550504367942,134.12733654648804,20,0.1,1.5
1667,28,0.23087614566764164,3.5675475847652965e-244,1.385242850245193,0,14.006345932897023,146.67185097657645,148.13368247938507,20,0.1,1.5
1667,27,0.23087614566764164,3.567547584765341e-284,1.3824749949276125,0,13.97866737972122,160.65051835629768,162.1123498591063,20,0.1,1.5
1667,26,0.23087614566764164,5e-324,1.379712670064896,0,13.951044131094054,174.60156248739173,176.06339399020035,20,0.1,1.5
1667,25,0.23087614566764164,0,1.3769558646066355,0,13.923476076511449,188.52503856390317,189.9868700667118,20,0.1,1.5
1667,24,0.23087614566764164,0,1.3742045675245025,0,13.895963105690118,202.42100166959327,203.88283317240192,20,0.1,1.5
1667,23,0.23087614566764164,0,1.3714587678122043,0,13.868505108567136,216.2895067781604,217.75133828096907,20,0.1,1.5
1667,22,0.23087614566764164,0,1.3687184544854403,0,13.841101975299496,230.13060875345988,231.59244025626856,20,0.1,1.5
1667,21,0.23087614566764164,0,1.365983616581857,0,13.813753596263664,243.94436234972355,245.40619385253223,20,0.1,1.5
1667,20,0.23087614566764164,0,1.3632542431610053,0,13.786459862055146,257.73082221177873,259.1926537145874,20,0.1,1.5
1667,19,0.23087614566764164,0,1.360530323304296,0,13.759220663488055,271.4900428752668,272.95187437807544,20,0.1,1.5
1667,18,0.23087614566764164,0,1.3578118461149564,0,13.732035891594657,285.2220787668615,286.6839102696701,20,0.1,1.5
1667,17,0.23087614566764164,0,1.3550988007179865,0,13.704905437624959,298.9269842044865,300.38881570729507,20,0.1,1.5
1667,16,0.23087614566764164,0,1.3523911762601157,0,13.677829193046252,312.6048133975327,314.0666449003413,20,0.1,1.5
1667,15,0.23087614566764164,0,1.3496889619097596,0,13.65080704954269,326.25562044707544,327.717451949884,20,0.1,1.5
1667,14,0.23087614566764164,0,1.3469921468569763,0,13.623838899014856,339.8794593460903,341.34129084889884,20,0.1,1.5
1667,13,0.23087614566764164,0,1.344300720313423,0,13.596924633579324,353.47638397966966,354.93821548247814,20,0.1,1.5
1667,12,0.23087614566764164,0,1.3416146715123132,0,13.570064145568226,367.04644812523793,368.50827962804635,20,0.1,1.5
1667,11,0.23087614566764164,0,1.3389339897083736,0,13.54325732752883,380.5897054527668,382.05153695557516,20,0.1,1.5
1667,10,0.23087614566764164,0,1.3362586641778014,0,13.516504072223107,394.10620952498994,395.56804102779824,20,0.1,1.5
1667,9,0.23087614566764164,0,1.3335886842182203,0,13.489804272627296,407.5960137976173,409.0578453004255,20,0.1,1.5
1667,8,0.23087614566764164,0,1.330924039148639,0,13.463157821931484,421.0591716195488,422.521003122357,20,0.1,1.5
1667,7,0.23087614566764164,0,1.3282647183094076,0,13.43656461353917,434.495736233088,435.9575677358962,20,0.1,1.5
1667,6,0.23087614566764164,0,1.3256107110621753,0,13.410024541066846,447.9057607741549,449.367592276963,20,0.1,1.5
1667,5,0.23087614566764164,0,1.322962006789848,0,13.383537498343573,461.28929827249846,462.7511297753066,20,0.1,1.5
1667,4,0.23087614566764164,0,1.3203185948965455,0,13.357103379410548,474.646401651909,476.10823315471714,20,0.1,1.5
1667,3,0.23087614566764164,0,1.3176804648075593,0,13.330722078520687,487.9771237304297,489.43895523323783,20,0.1,1.5
1667,2,0.011543807283382081,0,5.599006138173884e-4,0,0.013294877660428604,487.9904186080901,489.45225011089826,1,0.1,1.5
1667,1,150,0,1.3303251032018801,0,113.3032510320188,601.2936696401089,602.7555011429171,99999,0.1,1.5
1687,40,0.23087614566764164,0.04560080445481345,0.9020386915055342,0,9.63031239004857,0,0,20,0.1,1.5
1687,39,0.23087614566764164,4.5600804454814025e-42,0.9002363269681499,0.04393653682794104,9.783945511954323,9.156280700126594,9.783945511954323,20,0.1,1.5
1687,38,0.23087614566764164,0.011095085057560869,1.1179116744931028,0.037109436751165945,11.974119836682673,20.600265726078323,21.758065348636997,20,0.1,1.5
1687,37,0.23087614566764164,0.009371069886658067,1.301048993550642,0.01986948277392748,13.541967818731344,33.85838379089641,35.30003316736834,20,0.1,1.5
1687,36,0.23087614566764164,0.005017546155032192,1.397702456504491,0.0014127488435669508,14.201299583376997,48.039501247936734,49.501332750745334,20,0.1,1.5
1687,35,0.23087614566764164,3.567547584765027e-4,1.401966743318897,0,14.177152411218827,62.216653659155554,63.67848516196416,20,0.1,1.5
1687,34,0.23087614566764164,3.5675475847650723e-44,1.3991654719715085,0,14.145572150160179,76.36222580931573,77.82405731212434,20,0.1,1.5
1687,33,0.23087614566764164,3.567547584765117e-84,1.3963697978475915,0,14.11761540892101,90.47984121823674,91.94167272104535,20,0.1,1.5
1687,32,0.23087614566764164,3.567547584765162e-124,1.3935797097633273,0,14.089714528078368,104.5695557463151,106.03138724912372,20,0.1,1.5
1687,31,0.23087614566764164,3.5675475847652064e-164,1.3907951965572436,0,14.06186939601753,118.63142514233263,120.09325664514125,20,0.1,1.5
1687,30,0.23087614566764164,3.5675475847652515e-204,1.3880162470901698,0,14.034079901346791,132.66550504367942,134.12733654648804,20,0.1,1.5
1687,29,0.23087614566764164,3.5675475847652965e-244,1.385242850245193,0,14.006345932897023,146.67185097657645,148.13368247938507,20,0.1,1.5
1687,28,0.23087614566764164,3.567547584765341e-284,1.3824749949276125,0,13.97866737972122,160.65051835629768,162.1123498591063,20,0.1,1.5
1687,27,0.23087614566764164,5e-324,1.379712670064896,0,13.951044131094054,174.60156248739173,176.06339399020035,20,0.1,1.5
1687,26,0.23087614566764164,0,1.3769558646066355,0,13.923476076511449,188.52503856390317,189.9868700667118,20,0.1,1.5
1687,25,0.23087614566764164,0,1.3742045675245025,0,13.895963105690118,202.42100166959327,203.88283317240192,20,0.1,1.5
1687,24,0.23087614566764164,0,1.3714587678122043,0,13.868505108567136,216.2895067781604,217.75133828096907,20,0.1,1.5
1687,23,0.23087614566764164,0,1.3687184544854403,0,13.841101975299496,230.13060875345988,231.59244025626856,20,0.1,1.5
1687,22,0.23087614566764164,0,1.365983616581857,0,13.813753596263664,243.94436234972355,245.40619385253223,20,0.1,1.5
1687,21,0.23087614566764164,0,1.3632542431610053,0,13.786459862055146,257.73082221177873,259.1926537145874,20,0.1,1.5
1687,20,0.23087614566764164,0,1.360530323304296,0,13.759220663488055,271.4900428752668,272.95187437807544,20,0.1,1.5
1687,19,0.23087614566764164,0,1.3578118461149564,0,13.732035891594657,285.2220787668615,286.6839102696701,20,0.1,1.5
1687,18,0.23087614566764164,0,1.3550988007179865,0,13.704905437624959,298.9269842044865,300.38881570729507,20,0.1,1.5
1687,17,0.23087614566764164,0,1.3523911762601157,0,13.677829193046252,312.6048133975327,314.0666449003413,20,0.1,1.5
1687,16,0.23087614566764164,0,1.3496889619097596,0,13.65080704954269,326.25562044707544,327.717451949884,20,0.1,1.5
1687,15,0.23087614566764164,0,1.3469921468569763,0,13.623838899014856,339.8794593460903,341.34129084889884,20,0.1,1.5
1687,14,0.23087614566764164,0,1.344300720313423,0,13.596924633579324,353.47638397966966,354.93821548247814,20,0.1,1.5
1687,13,0.23087614566764164,0,1.3416146715123132,0,13.570064145568226,367.04644812523793,368.50827962804635,20,0.1,1.5
1687,12,0.23087614566764164,0,1.3389339897083736,0,13.54325732752883,380.5897054527668,382.05153695557516,20,0.1,1.5
1687,11,0.23087614566764164,0,1.3362586641778014,0,13.516504072223107,394.10620952498994,395.56804102779824,20,0.1,1.5
1687,10,0.23087614566764164,0,1.3335886842182203,0,13.489804272627296,407.5960137976173,409.0578453004255,20,0.1,1.5
1687,9,0.23087614566764164,0,1.330924039148639,0,13.463157821931484,421.0591716195488,422.521003122357,20,0.1,1.5
1687,8,0.23087614566764164,0,1.3282647183094076,0,13.43656461353917,434.495736233088,435.9575677358962,20,0.1,1.5
1687,7,0.23087614566764164,0,1.3256107110621753,0,13.410024541066846,447.9057607741549,449.367592276963,20,0.1,1.5
1687,6,0.23087614566764164,0,1.322962006789848,0,13.383537498343573,461.28929827249846,462.7511297753066,20,0.1,1.5
1687,5,0.23087614566764164,0,1.3203185948965455,0,13.357103379410548,474.646401651909,476.10823315471714,20,0.1,1.5
1687,4,0.23087614566764164,0,1.3176804648075593,0,13.330722078520687,487.9771237304297,489.43895523323783,20,0.1,1.5
1687,3,0.23087614566764164,0,1.31504760596931,0,13.304393490138192,501.28151722056793,502.743348723376,20,0.1,1.5
1687,2,0.011543807283382081,0,5.587818757629044e-4,0,0.013283690279883766,501.2948009108478,502.7566324136559,1,0.1,1.5
1687,1,150,0,1.3276669790972464,0,113.27666979097246,614.5714707018203,616.0333022046284,99999,0.1,1.5
1707,41,0.23087614566764164,0.04560080445481345,0.9020386915055342,0,9.63031239004857,0,0,20,0.1,1.5
1707,40,0.23087614566764164,4.5600804454814025e-42,0.9002363269681499,0.04393653682794104,9.783945511954323,9.156280700126594,9.783945511954323,20,0.1,1.5
1707,39,0.23087614566764164,0.011095085057560869,1.1179116744931028,0.037109436751165945,11.974119836682673,20.600265726078323,21.758065348636997,20,0.1,1.5
1707,38,0.23087614566764164,0.009371069886658067,1.301048993550642,0.01986948277392748,13.541967818731344,33.85838379089641,35.30003316736834,20,0.1,1.5
1707,37,0.23087614566764164,0.005017546155032192,1.397702456504491,0.0014127488435669508,14.201299583376997,48.039501247936734,49.501332750745334,20,0.1,1.5
1707,36,0.23087614566764164,3.567547584765027e-4,1.401966743318897,0,14.177152411218827,62.216653659155554,63.67848516196416,20,0.1,1.5
1707,35,0.23087614566764164,3.5675475847650723e-44,1.3991654719715085,0,14.145572150160179,76.36222580931573,77.82405731212434,20,0.1,1.5
1707,34,0.23087614566764164,3.567547584765117e-84,1.3963697978475915,0,14.11761540892101,90.47984121823674,91.94167272104535,20,0.1,1.5
1707,33,0.23087614566764164,3.567547584765162e-124,1.3935797097633273,0,14.089714528078368,104.5695557463151,106.03138724912372,20,0.1,1.5
1707,32,0.23087614566764164,3.5675475847652064e-164,1.3907951965572436,0,14.06186939601753,118.63142514233263,120.09325664514125,20,0.1,1.5
1707,31,0.23087614566764164,3.5675475847652515e-204,1.3880162470901698,0,14.034079901346791,132.66550504367942,134.12733654648804,20,0.1,1.5
1707,30,0.23087614566764164,3.5675475847652965e-244,1.385242850245193,0,14.006345932897023,146.67185097657645,148.13368247938507,20,0.1,1.5
1707,29,0.23087614566764164,3.567547584765341e-284,1.3824749949276125,0,13.97866737972122,160.65051835629768,162.1123498591063,20,0.1,1.5
1707,28,0.23087614566764164,5e-324,1.379712670064896,0,13.951044131094054,174.60156248739173,176.06339399020035,20,0.1,1.5
1707,27,0.23087614566764164,0,1.3769558646066355,0,13.923476076511449,188.52503856390317,189.9868700667118,20,0.1,1.5
1707,26,0.23087614566764164,0,1.3742045675245025,0,13.895963105690118,202.42100166959327,203.88283317240192,20,0.1,1.5
1707,25,0.23087614566764164,0,1.3714587678122043,0,13.868505108567136,216.2895067781604,217.75133828096907,20,0.1,1.5
1707,24,0.23087614566764164,0,1.3687184544854403,0,13.841101975299496,230.13060875345988,231.59244025626856,20,0.1,1.5
1707,23,0.23087614566764164,0,1.365983616581857,0,13.813753596263664,243.94436234972355,245.40619385253223,20,0.1,1.5
1707,22,0.23087614566764164,0,1.3632542431610053,0,13.786459862055146,257.73082221177873,259.1926537145874,20,0.1,1.5
1707,21,0.23087614566764164,0,1.360530323304296,0,13.759220663488055,271.4900428752668,272.95187437807544,20,0.1,1.5
1707,20,0.23087614566764164,0,1.3578118461149564,0,13.732035891594657,285.2220787668615,286.6839102696701,20,0.1,1.5
1707,19,0.23087614566764164,0,1.3550988007179865,0,13.704905437624959,298.9269842044865,300.38881570729507,20,0.1,1.5
1707,18,0.23087614566764164,0,1.3523911762601157,0,13.677829193046252,312.6048133975327,314.0666449003413,20,0.1,1.5
1707,17,0.23087614566764164,0,1.3496889619097596,0,13.65080704954269,326.25562044707544,327.717451949884,20,0.1,1.5
1707,16,0.23087614566764164,0,1.3469921468569763,0,13.623838899014856,339.8794593460903,341.34129084889884,20,0.1,1.5
1707,15,0.23087614566764164,0,1.344300720313423,0,13.596924633579324,353.47638397966966,354.93821548247814,20,0.1,1.5
1707,14,0.23087614566764164,0,1.3416146715123132,0,13.570064145568226,367.04644812523793,368.50827962804635,20,0.1,1.5
1707,13,0.23087614566764164,0,1.3389339897083736,0,13.54325732752883,380.5897054527668,382.05153695557516,20,0.1,1.5
1707,12,0.23087614566764164,0,1.3362586641778014,0,13.516504072223107,394.10620952498994,395.56804102779824,20,0.1,1.5
1707,11,0.23087614566764164,0,1.3335886842182203,0,13.489804272627296,407.5960137976173,409.0578453004255,20,0.1,1.5
1707,10,0.23087614566764164,0,1.330924039148639,0,13.463157821931484,421.0591716195488,422.521003122357,20,0.1,1.5
1707,9,0.23087614566764164,0,1.3282647183094076,0,13.43656461353917,434.495736233088,435.9575677358962,20,0.1,1.5
1707,8,0.23087614566764164,0,1.3256107110621753,0,13.410024541066846,447.9057607741549,449.367592276963,20,0.1,1.5
1707,7,0.23087614566764164,0,1.322962006789848,0,13.383537498343573,461.28929827249846,462.7511297753066,20,0.1,1.5
1707,6,0.23087614566764164,0,1.3203185948965455,0,13.357103379410548,474.646401651909,476.10823315471714,20,0.1,1.5
1707,5,0.23087614566764164,0,1.3176804648075593,0,13.330722078520687,487.9771237304297,489.43895523323783,20,0.1,1.5
1707,4,0.23087614566764164,0,1.31504760596931,0,13.304393490138192,501.28151722056793,502.743348723376,20,0.1,1.5
1707,3,0.23087614566764164,0,1.3124200078493056,0,13.27811750893815,514.559634729506,516.0214662323142,20,0.1,1.5
1707,2,0.011543807283382081,0,5.576653730602019e-4,0,0.01327252525285674,514.5729072547589,516.0347387575671,1,0.1,1.5
1707,1,150,0,1.3250141661934152,0,113.25014166193415,627.8230489166931,629.2848804195012,99999,0.1,1.5
1727,42,0.23087614566764164,0.04560080445481345,0.9020386915055342,0,9.63031239004857,0,0,20,0.1,1.5
1727,41,0.23087614566764164,4.5600804454814025e-42,0.9002363269681499,0.04393653682794104,9.783945511954323,9.156280700126594,9.783945511954323,20,0.1,1.5
1727,40,0.23087614566764164,0.011095085057560869,1.1179116744931028,0.037109436751165945,11.974119836682673,20.600265726078323,21.758065348636997,20,0.1,1.5
1727,39,0.23087614566764164,0.009371069886658067,1.301048993550642,0.01986948277392748,13.541967818731344,33.85838379089641,35.30003316736834,20,0.1,1.5
1727,38,0.23087614566764164,0.005017546155032192,1.397702456504491,0.0014127488435669508,14.201299583376997,48.039501247936734,49.501332750745334,20,0.1,1.5
1727,37,0.23087614566764164,3.567547584765027e-4,1.401966743318897,0,14.177152411218827,62.216653659155554,63.67848516196416,20,0.1,1.5
1727,36,0.23087614566764164,3.5675475847650723e-44,1.3991654719715085,0,14.145572150160179,76.36222580931573,77.82405731212434,20,0.1,1.5
1727,35,0.23087614566764164,3.567547584765117e-84,1.3963697978475915,0,14.11761540892101,90.47984121823674,91.94167272104535,20,0.1,1.5
1727,34,0.23087614566764164,3.567547584765162e-124,1.3935797097633273,0,14.089714528078368,104.5695557463151,106.03138724912372,20,0.1,1.5
1727,33,0.23087614566764164,3.5675475847652064e-164,1.3907951965572436,0,14.06186939601753,118.63142514233263,120.09325664514125,20,0.1,1.5
1727,32,0.23087614566764164,3.5675475847652515e-204,1.3880162470901698,0,14.034079901346791,132.66550504367942,134.12733654648804,20,0.1,1.5
1727,31,0.23087614566764164,3.5675475847652965e-244,1.385242850245193,0,14.006345932897023,146.67185097657645,148.13368247938507,20,0.1,1.5
1727,30,0.23087614566764164,3.567547584765341e-284,1.3824749949276125,0,13.97866737972122,160.65051835629768,162.1123498591063,20,0.1,1.5
1727,29,0.23087614566764164,5e-324,1.379712670064896,0,13.951044131094054,174.60156248739173,176.06339399020035,20,0.1,1.5
1727,28,0.23087614566764164,0,1.3769558646066355,0,13.923476076511449,188.52503856390317,189.9868700667118,20,0.1,1.5
1727,27,0.23087614566764164,0,1.3742045675245025,0,13.895963105690118,202.42100166959327,203.88283317240192,20,0.1,1.5
1727,26,0.23087614566764164,0,1.3714587678122043,0,13.868505108567136,216.2895067781604,217.75133828096907,20,0.1,1.5
1727,25,0.23087614566764164,0,1.3687184544854403,0,13.841101975299496,230.13060875345988,231.59244025626856,20,0.1,1.5
1727,24,0.23087614566764164,0,1.365983616581857,0,13.813753596263664,243.94436234972355,245.40619385253223,20,0.1,1.5
1727,23,0.23087614566764164,0,1.3632542431610053,0,13.786459862055146,257.73082221177873,259.1926537145874,20,0.1,1.5
1727,22,0.23087614566764164,0,1.360530323304296,0,13.759220663488055,271.4900428752668,272.95187437807544,20,0.1,1.5
1727,21,0.23087614566764164,0,1.3578118461149564,0,13.732035891594657,285.2220787668615,286.6839102696701,20,0.1,1.5
1727,20,0.23087614566764164,0,1.3550988007179865,0,13.704905437624959,298.9269842044865,300.38881570729507,20,0.1,1.5
1727,19,0.23087614566764164,0,1.3523911762601157,0,13.677829193046252,312.6048133975327,314.0666449003413,20,0.1,1.5
1727,18,0.23087614566764164,0,1.3496889619097596,0,13.65080704954269,326.25562044707544,327.717451949884,20,0.1,1.5
1727,17,0.23087614566764164,0,1.3469921468569763,0,13.623838899014856,339.8794593460903,341.34129084889884,20,0.1,1.5
1727,16,0.23087614566764164,0,1.344300720313423,0,13.596924633579324,353.47638397966966,354.93821548247814,20,0.1,1.5
1727,15,0.23087614566764164,0,1.3416146715123132,0,13.570064145568226,367.04644812523793,368.50827962804635,20,0.1,1.5
1727,14,0.23087614566764164,0,1.3389339897083736,0,13.54325732752883,380.5897054527668,382.05153695557516,20,0.1,1.5
1727,13,0.23087614566764164,0,1.3362586641778014,0,13.516504072223107,394.10620952498994,395.56804102779824,20,0.1,1.5
1727,12,0.23087614566764164,0,1.3335886842182203,0,13.489804272627296,407.5960137976173,409.0578453004255,20,0.1,1.5
1727,11,0.23087614566764164,0,1.330924039148639,0,13.463157821931484,421.0591716195488,422.521003122357,20,0.1,1.5
1727,10,0.23087614566764164,0,1.3282647183094076,0,13.43656461353917,434.495736233088,435.9575677358962,20,0.1,1.5
1727,9,0.23087614566764164,0,1.3256107110621753,0,13.410024541066846,447.9057607741549,449.367592276963,20,0.1,1.5
1727,8,0.23087614566764164,0,1.322962006789848,0,13.383537498343573,461.28929827249846,462.7511297753066,20,0.1,1.5
1727,7,0.23087614566764164,0,1.3203185948965455,0,13.357103379410548,474.646401651909,476.10823315471714,20,0.1,1.5
1727,6,0.23087614566764164,0,1.3176804648075593,0,13.330722078520687,487.9771237304297,489.43895523323783,20,0.1,1.5
1727,5,0.23087614566764164,0,1.31504760596931,0,13.304393490138192,501.28151722056793,502.743348723376,20,0.1,1.5
1727,4,0.23087614566764164,0,1.3124200078493056,0,13.27811750893815,514.559634729506,516.0214662323142,20,0.1,1.5
1727,3,0.23087614566764164,0,1.309797659936099,0,13.251894029806083,527.8115287593121,529.2733602621203,20,0.1,1.5
1727,2,0.011543807283382081,0,5.56551101242822e-4,0,0.013261382534682942,527.8247901418467,529.2866216446549,1,0.1,1.5
1727,1,150,0,1.3223666538780698,0,113.22366653878069,641.0484566806274,642.5102881834356,99999,0.1,1.5
1747,43,0.23087614566764164,0.04560080445481345,0.9020386915055342,0,9.63031239004857,0,0,20,0.1,1.5
1747,42,0.23087614566764164,4.5600804454814025e-42,0.9002363269681499,0.04393653682794104,9.783945511954323,9.156280700126594,9.783945511954323,20,0.1,1.5
1747,41,0.23087614566764164,0.011095085057560869,1.1179116744931028,0.037109436751165945,11.974119836682673,20.600265726078323,21.758065348636997,20,0.1,1.5
1747,40,0.23087614566764164,0.009371069886658067,1.301048993550642,0.01986948277392748,13.541967818731344,33.85838379089641,35.30003316736834,20,0.1,1.5
1747,39,0.23087614566764164,0.005017546155032192,1.397702456504491,0.0014127488435669508,14.201299583376997,48.039501247936734,49.501332750745334,20,0.1,1.5
1747,38,0.23087614566764164,3.567547584765027e-4,1.401966743318897,0,14.177152411218827,62.216653659155554,63.67848516196416,20,0.1,1.5
1747,37,0.23087614566764164,3.5675475847650723e-44,1.3991654719715085,0,14.145572150160179,76.36222580931573,77.82405731212434,20,0.1,1.5
1747,36,0.23087614566764164,3.567547584765117e-84,1.3963697978475915,0,14.11761540892101,90.47984121823674,91.94167272104535,20,0.1,1.5
1747,35,0.23087614566764164,3.567547584765162e-124,1.3935797097633273,0,14.089714528078368,104.5695557463151,106.03138724912372,20,0.1,1.5
1747,34,0.23087614566764164,3.5675475847652064e-164,1.3907951965572436,0,14.06186939601753,118.63142514233263,120.09325664514125,20,0.1,1.5
1747,33,0.23087614566764164,3.5675475847652515e-204,1.3880162470901698,0,14.034079901346791,132.66550504367942,134.12733654648804,20,0.1,1.5
1747,32,0.23087614566764164,3.5675475847652965e-244,1.385242850245193,0,14.006345932897023,146.67185097657645,148.13368247938507,20,0.1,1.5
1747,31,0.23087614566764164,3.567547584765341e-284,1.3824749949276125,0,13.97866737972122,160.65051835629768,162.1123498591063,20,0.1,1.5
1747,30,0.23087614566764164,5e-324,1.379712670064896,0,13.951044131094054,174.60156248739173,176.06339399020035,20,0.1,1.5
1747,29,0.23087614566764164,0,1.3769558646066355,0,13.923476076511449,188.52503856390317,189.9868700667118,20,0.1,1.5
1747,28,0.23087614566764164,0,1.3742045675245025,0,13.895963105690118,202.42100166959327,203.88283317240192,20,0.1,1.5
1747,27,0.23087614566764164,0,1.3714587678122043,0,13.868505108567136,216.2895067781604,217.75133828096907,20,0.1,1.5
1747,26,0.23087614566764164,0,1.3687184544854403,0,13.841101975299496,230.13060875345988,231.59244025626856,20,0.1,1.5
1747,25,0.23087614566764164,0,1.365983616581857,0,13.813753596263664,243.94436234972355,245.40619385253223,20,0.1,1.5
1747,24,0.23087614566764164,0,1.3632542431610053,0,13.786459862055146,257.73082221177873,259.1926537145874,20,0.1,1.5
1747,23,0.23087614566764164,0,1.360530323304296,0,13.759220663488055,271.4900428752668,272.95187437807544,20,0.1,1.5
1747,22,0.23087614566764164,0,1.3578118461149564,0,13.732035891594657,285.2220787668615,286.6839102696701,20,0.1,1.5
1747,21,0.23087614566764164,0,1.3550988007179865,0,13.704905437624959,298.9269842044865,300.38881570729507,20,0.1,1.5
1747,20,0.23087614566764164,0,1.3523911762601157,0,13.677829193046252,312.6048133975327,314.0666449003413,20,0.1,1.5
1747,19,0.23087614566764164,0,1.3496889619097596,0,13.65080704954269,326.25562044707544,327.717451949884,20,0.1,1.5
1747,18,0.23087614566764164,0,1.3469921468569763,0,13.623838899014856,339.8794593460903,341.34129084889884,20,0.1,1.5
1747,17,0.23087614566764164,0,1.344300720313423,0,13.596924633579324,353.47638397966966,354.93821548247814,20,0.1,1.5
1747,16,0.23087614566764164,0,1.3416146715123132,0,13.570064145568226,367.04644812523793,368.50827962804635,20,0.1,1.5
1747,15,0.23087614566764164,0,1.3389339897083736,0,13.54325732752883,380.5897054527668,382.05153695557516,20,0.1,1.5
1747,14,0.23087614566764164,0,1.3362586641778014,0,13.516504072223107,394.10620952498994,395.56804102779824,20,0.1,1.5
1747,13,0.23087614566764164,0,1.3335886842182203,0,13.489804272627296,407.5960137976173,409.0578453004255,20,0.1,1.5
1747,12,0.23087614566764164,0,1.330924039148639,0,13.463157821931484,421.0591716195488,422.521003122357,20,0.1,1.5
1747,11,0.23087614566764164,0,1.3282647183094076,0,13.43656461353917,434.495736233088,435.9575677358962,20,0.1,1.5
1747,10,0.23087614566764164,0,1.3256107110621753,0,13.410024541066846,447.9057607741549,449.367592276963,20,0.1,1.5
1747,9,0.23087614566764164,0,1.322962006789848,0,13.383537498343573,461.28929827249846,462.7511297753066,20,0.1,1.5
1747,8,0.23087614566764164,0,1.3203185948965455,0,13.357103379410548,474.646401651909,476.10823315471714,20,0.1,1.5
1747,7,0.23087614566764164,0,1.3176804648075593,0,13.330722078520687,487.9771237304297,489.43895523323783,20,0.1,1.5
1747,6,0.23087614566764164,0,1.31504760596931,0,13.304393490138192,501.28151722056793,502.743348723376,20,0.1,1.5
1747,5,0.23087614566764164,0,1.3124200078493056,0,13.27811750893815,514.559634729506,516.0214662323142,20,0.1,1.5
1747,4,0.23087614566764164,0,1.309797659936099,0,13.251894029806083,527.8115287593121,529.2733602621203,20,0.1,1.5
1747,3,0.23087614566764164,0,1.3071805517392459,0,13.225722947837552,541.0372517071496,542.4990832099578,20,0.1,1.5
1747,2,0.011543807283382081,0,5.554390558532302e-4,0,0.013250262080787022,541.0505019692305,542.5123334720386,1,0.1,1.5
1747,1,150,0,1.3197244315600989,0,113.19724431560098,654.2477462848315,655.7095777876395,99999,0.1,1.5
1767,44,0.23087614566764164,0.04560080445481345,0.9020386915055342,0,9.63031239004857,0,0,20,0.1,1.5
1767,43,0.23087614566764164,4.5600804454814025e-42,0.9002363269681499,0.04393653682794104,9.783945511954323,9.156280700126594,9.783945511954323,20,0.1,1.5
1767,42,0.23087614566764164,0.011095085057560869,1.1179116744931028,0.037109436751165945,11.974119836682673,20.600265726078323,21.758065348636997,20,0.1,1.5
1767,41,0.23087614566764164,0.009371069886658067,1.301048993550642,0.01986948277392748,13.541967818731344,33.85838379089641,35.30003316736834,20,0.1,1.5
1767,40,0.23087614566764164,0.005017546155032192,1.397702456504491,0.0014127488435669508,14.201299583376997,48.039501247936734,49.501332750745334,20,0.1,1.5
1767,39,0.23087614566764164,3.567547584765027e-4,1.401966743318897,0,14.177152411218827,62.216653659155554,63.67848516196416,20,0.1,1.5
1767,38,0.23087614566764164,3.5675475847650723e-44,1.3991654719715085,0,14.145572150160179,76.36222580931573,77.82405731212434,20,0.1,1.5
1767,37,0.23087614566764164,3.567547584765117e-84,1.3963697978475915,0,14.11761540892101,90.47984121823674,91.94167272104535,20,0.1,1.5
1767,36,0.23087614566764164,3.567547584765162e-124,1.3935797097633273,0,14.089714528078368,104.5695557463151,106.03138724912372,20,0.1,1.5
1767,35,0.23087614566764164,3.5675475847652064e-164,1.3907951965572436,0,14.06186939601753,118.63142514233263,120.09325664514125,20,0.1,1.5
1767,34,0.23087614566764164,3.5675475847652515e-204,1.3880162470901698,0,14.034079901346791,132.66550504367942,134.12733654648804,20,0.1,1.5
1767,33,0.23087614566764164,3.5675475847652965e-244,1.385242850245193,0,14.006345932897023,146.67185097657645,148.13368247938507,20,0.1,1.5
1767,32,0.23087614566764164,3.567547584765341e-284,1.3824749949276125,0,13.97866737972122,160.65051835629768,162.1123498591063,20,0.1,1.5
1767,31,0.23087614566764164,5e-324,1.379712670064896,0,13.951044131094054,174.60156248739173,176.06339399020035,20,0.1,1.5
1767,30,0.23087614566764164,0,1.3769558646066355,0,13.923476076511449,188.52503856390317,189.9868700667118,20,0.1,1.5
1767,29,0.23087614566764164,0,1.3742045675245025,0,13.895963105690118,202.42100166959327,203.88283317240192,20,0.1,1.5
1767,28,0.23087614566764164,0,1.3714587678122043,0,13.868505108567136,216.2895067781604,217.75133828096907,20,0.1,1.5
1767,27,0.23087614566764164,0,1.3687184544854403,0,13.841101975299496,230.13060875345988,231.59244025626856,20,0.1,1.5
1767,26,0.23087614566764164,0,1.365983616581857,0,13.813753596263664,243.94436234972355,245.40619385253223,20,0.1,1.5
1767,25,0.23087614566764164,0,1.3632542431610053,0,13.786459862055146,257.73082221177873,259.1926537145874,20,0.1,1.5
1767,24,0.23087614566764164,0,1.360530323304296,0,13.759220663488055,271.4900428752668,272.95187437807544,20,0.1,1.5
1767,23,0.23087614566764164,0,1.3578118461149564,0,13.732035891594657,285.2220787668615,286.6839102696701,20,0.1,1.5
1767,22,0.23087614566764164,0,1.3550988007179865,0,13.704905437624959,298.9269842044865,300.38881570729507,20,0.1,1.5
1767,21,0.23087614566764164,0,1.3523911762601157,0,13.677829193046252,312.6048133975327,314.0666449003413,20,0.1,1.5
1767,20,0.23087614566764164,0,1.3496889619097596,0,13.65080704954269,326.25562044707544,327.717451949884,20,0.1,1.5
1767,19,0.23087614566764164,0,1.3469921468569763,0,13.623838899014856,339.8794593460903,341.34129084889884,20,0.1,1.5
1767,18,0.23087614566764164,0,1.344300720313423,0,13.596924633579324,353.47638397966966,354.93821548247814,20,0.1,1.5
1767,17,0.23087614566764164,0,1.3416146715123132,0,13.570064145568226,367.04644812523793,368.50827962804635,20,0.1,1.5
1767,16,0.23087614566764164,0,1.3389339897083736,0,13.54325732752883,380.5897054527668,382.05153695557516,20,0.1,1.5
1767,15,0.23087614566764164,0,1.3362586641778014,0,13.516504072223107,394.10620952498994,395.56804102779824,20,0.1,1.5
1767,14,0.23087614566764164,0,1.3335886842182203,0,13.489804272627296,407.5960137976173,409.0578453004255,20,0.1,1.5
1767,13,0.23087614566764164,0,1.330924039148639,0,13.463157821931484,421.0591716195488,422.521003122357,20,0.1,1.5
1767,12,0.23087614566764164,0,1.3282647183094076,0,13.43656461353917,434.495736233088,435.9575677358962,20,0.1,1.5
1767,11,0.23087614566764164,0,1.3256107110621753,0,13.410024541066846,447.9057607741549,449.367592276963,20,0.1,1.5
1767,10,0.23087614566764164,0,1.322962006789848,0,13.383537498343573,461.28929827249846,462.7511297753066,20,0.1,1.5
1767,9,0.23087614566764164,0,1.3203185948965455,0,13.357103379410548,474.646401651909,476.10823315471714,20,0.1,1.5
1767,8,0.23087614566764164,0,1.3176804648075593,0,13.330722078520687,487.9771237304297,489.43895523323783,20,0.1,1.5
1767,7,0.23087614566764164,0,1.31504760596931,0,13.304393490138192,501.28151722056793,502.743348723376,20,0.1,1.5
1767,6,0.23087614566764164,0,1.3124200078493056,0,13.27811750893815,514.559634729506,516.0214662323142,20,0.1,1.5
1767,5,0.23087614566764164,0,1.309797659936099,0,13.251894029806083,527.8115287593121,529.2733602621203,20,0.1,1.5
1767,4,0.23087614566764164,0,1.3071805517392459,0,13.225722947837552,541.0372517071496,542.4990832099578,20,0.1,1.5
1767,3,0.23087614566764164,0,1.3045686727892631,0,13.199604158337726,554.2368558654873,555.6986873682955,20,0.1,1.5
1767,2,0.011543807283382081,0,5.543292324427984e-4,0,0.013239163846682705,554.250095029334,555.7119265321422,1,0.1,1.5
1767,1,150,0,1.3170874886695523,0,113.17087488669551,667.4209699160295,668.8828014188377,99999,0.1,1.5
1787,45,0.23087614566764164,0.04560080445481345,0.9020386915055342,0,9.63031239004857,0,0,20,0.1,1.5
1787,44,0.23087614566764164,4.5600804454814025e-42,0.9002363269681499,0.04393653682794104,9.783945511954323,9.156280700126594,9.783945511954323,20,0.1,1.5
1787,43,0.23087614566764164,0.011095085057560869,1.1179116744931028,0.037109436751165945,11.974119836682673,20.600265726078323,21.758065348636997,20,0.1,1.5
1787,42,0.23087614566764164,0.009371069886658067,1.301048993550642,0.01986948277392748,13.541967818731344,33.85838379089641,35.30003316736834,20,0.1,1.5
1787,41,0.23087614566764164,0.005017546155032192,1.397702456504491,0.0014127488435669508,14.201299583376997,48.039501247936734,49.501332750745334,20,0.1,1.5
1787,40,0.23087614566764164,3.567547584765027e-4,1.401966743318897,0,14.177152411218827,62.216653659155554,63.67848516196416,20,0.1,1.5
1787,39,0.23087614566764164,3.5675475847650723e-44,1.3991654719715085,0,14.145572150160179,76.36222580931573,77.82405731212434,20,0.1,1.5
1787,38,0.23087614566764164,3.567547584765117e-84,1.3963697978475915,0,14.11761540892101,90.47984121823674,91.94167272104535,20,0.1,1.5
1787,37,0.23087614566764164,3.567547584765162e-124,1.3935797097633273,0,14.089714528078368,104.5695557463151,106.03138724912372,20,0.1,1.5
1787,36,0.23087614566764164,3.5675475847652064e-164,1.3907951965572436,0,14.06186939601753,118.63142514233263,120.09325664514125,20,0.1,1.5
1787,35,0.23087614566764164,3.5675475847652515e-204,1.3880162470901698,0,14.034079901346791,132.66550504367942,134.12733654648804,20,0.1,1.5
1787,34,0.23087614566764164,3.5675475847652965e-244,1.385242850245193,0,14.006345932897023,146.67185097657645,148.13368247938507,20,0.1,1.5
1787,33,0.23087614566764164,3.567547584765341e-284,1.3824749949276125,0,13.97866737972122,160.65051835629768,162.1123498591063,20,0.1,1.5
1787,32,0.23087614566764164,5e-324,1.379712670064896,0,13.951044131094054,174.60156248739173,176.06339399020035,20,0.1,1.5
1787,31,0.23087614566764164,0,1.3769558646066355,0,13.923476076511449,188.52503856390317,189.9868700667118,20,0.1,1.5
1787,30,0.23087614566764164,0,1.3742045675245025,0,13.895963105690118,202.42100166959327,203.88283317240192,20,0.1,1.5
1787,29,0.23087614566764164,0,1.3714587678122043,0,13.868505108567136,216.2895067781604,217.75133828096907,20,0.1,1.5
1787,28,0.23087614566764164,0,1.3687184544854403,0,13.841101975299496,230.13060875345988,231.59244025626856,20,0.1,1.5
1787,27,0.23087614566764164,0,1.365983616581857,0,13.813753596263664,243.94436234972355,245.40619385253223,20,0.1,1.5
1787,26,0.23087614566764164,0,1.3632542431610053,0,13.786459862055146,257.73082221177873,259.1926537145874,20,0.1,1.5
1787,25,0.23087614566764164,0,1.360530323304296,0,13.759220663488055,271.4900428752668,272.95187437807544,20,0.1,1.5
1787,24,0.23087614566764164,0,1.3578118461149564,0,13.732035891594657,285.2220787668615,286.6839102696701,20,0.1,1.5
1787,23,0.23087614566764164,0,1.3550988007179865,0,13.704905437624959,298.9269842044865,300.38881570729507,20,0.1,1.5
1787,22,0.23087614566764164,0,1.3523911762601157,0,13.677829193046252,312.6048133975327,314.0666449003413,20,0.1,1.5
1787,21,0.23087614566764164,0,1.3496889619097596,0,13.65080704954269,326.25562044707544,327.717451949884,20,0.1,1.5
1787,20,0.23087614566764164,0,1.3469921468569763,0,13.623838899014856,339.8794593460903,341.34129084889884,20,0.1,1.5
1787,19,0.23087614566764164,0,1.344300720313423,0,13.596924633579324,353.47638397966966,354.93821548247814,20,0.1,1.5
1787,18,0.23087614566764164,0,1.3416146715123132,0,13.570064145568226,367.04644812523793,368.50827962804635,20,0.1,1.5
1787,17,0.23087614566764164,0,1.3389339897083736,0,13.54325732752883,380.5897054527668,382.05153695557516,20,0.1,1.5
1787,16,0.23087614566764164,0,1.3362586641778014,0,13.516504072223107,394.10620952498994,395.56804102779824,20,0.1,1.5
1787,15,0.23087614566764164,0,1.3335886842182203,0,13.489804272627296,407.5960137976173,409.0578453004255,20,0.1,1.5
1787,14,0.23087614566764164,0,1.330924039148639,0,13.463157821931484,421.0591716195488,422.521003122357,20,0.1,1.5
1787,13,0.23087614566764164,0,1.3282647183094076,0,13.43656461353917,434.495736233088,435.9575677358962,20,0.1,1.5
1787,12,0.23087614566764164,0,1.3256107110621753,0,13.410024541066846,447.9057607741549,449.367592276963,20,0.1,1.5
1787,11,0.23087614566764164,0,1.322962006789848,0,13.383537498343573,461.28929827249846,462.7511297753066,20,0.1,1.5
1787,10,0.23087614566764164,0,1.3203185948965455,0,13.357103379410548,474.646401651909,476.10823315471714,20,0.1,1.5
1787,9,0.23087614566764164,0,1.3176804648075593,0,13.330722078520687,487.9771237304297,489.43895523323783,20,0.1,1.5
1787,8,0.23087614566764164,0,1.31504760596931,0,13.304393490138192,501.28151722056793,502.743348723376,20,0.1,1.5
1787,7,0.23087614566764164,0,1.3124200078493056,0,13.27811750893815,514.559634729506,516.0214662323142,20,0.1,1.5
1787,6,0.23087614566764164,0,1.309797659936099,0,13.251894029806083,527.8115287593121,529.2733602621203,20,0.1,1.5
1787,5,0.23087614566764164,0,1.3071805517392459,0,13.225722947837552,541.0372517071496,542.4990832099578,20,0.1,1.5
1787,4,0.23087614566764164,0,1.3045686727892631,0,13.199604158337726,554.2368558654873,555.6986873682955,20,0.1,1.5
1787,3,0.23087614566764164,0,1.3019620126375868,0,13.173537556820962,567.4103934223083,568.8722249251165,20,0.1,1.5
1787,2,0.011543807283382081,0,5.532216265717877e-4,0,0.013228087787972598,567.4236215100963,568.8854530129045,1,0.1,1.5
1787,1,150,0,1.3144558146576,0,113.144558146576,680.5681796566722,682.0300111594804,99999,0.1,1.5
1807,46,0.23087614566764164,0.04560080445481345,0.9020386915055342,0,9.63031239004857,0,0,20,0.1,1.5
1807,45,0.23087614566764164,4.5600804454814025e-42,0.9002363269681499,0.04393653682794104,9.783945511954323,9.156280700126594,9.783945511954323,20,0.1,1.5
1807,44,0.23087614566764164,0.011095085057560869,1.1179116744931028,0.037109436751165945,11.974119836682673,20.600265726078323,21.758065348636997,20,0.1,1.5
1807,43,0.23087614566764164,0.009371069886658067,1.301048993550642,0.01986948277392748,13.541967818731344,33.85838379089641,35.30003316736834,20,0.1,1.5
1807,42,0.23087614566764164,0.005017546155032192,1.397702456504491,0.0014127488435669508,14.201299583376997,48.039501247936734,49.501332750745334,20,0.1,1.5
1807,41,0.23087614566764164,3.567547584765027e-4,1.401966743318897,0,14.177152411218827,62.216653659155554,63.67848516196416,20,0.1,1.5
1807,40,0.23087614566764164,3.5675475847650723e-44,1.3991654719715085,0,14.145572150160179,76.36222580931573,77.82405731212434,20,0.1,1.5
1807,39,0.23087614566764164,3.567547584765117e-84,1.3963697978475915,0,14.11761540892101,90.47984121823674,91.94167272104535,20,0.1,1.5
1807,38,0.23087614566764164,3.567547584765162e-124,1.3935797097633273,0,14.089714528078368,104.5695557463151,106.03138724912372,20,0.1,1.5
1807,37,0.23087614566764164,3.5675475847652064e-164,1.3907951965572436,0,14.06186939601753,118.63142514233263,120.09325664514125,20,0.1,1.5
1807,36,0.23087614566764164,3.5675475847652515e-204,1.3880162470901698,0,14.034079901346791,132.66550504367942,134.12733654648804,20,0.1,1.5
1807,35,0.23087614566764164,3.5675475847652965e-244,1.385242850245193,0,14.006345932897023,146.67185097657645,148.13368247938507,20,0.1,1.5
1807,34,0.23087614566764164,3.567547584765341e-284,1.3824749949276125,0,13.97866737972122,160.65051835629768,162.1123498591063,20,0.1,1.5
1807,33,0.23087614566764164,5e-324,1.379712670064896,0,13.951044131094054,174.60156248739173,176.06339399020035,20,0.1,1.5
1807,32,0.23087614566764164,0,1.3769558646066355,0,13.923476076511449,188.52503856390317,189.9868700667118,20,0.1,1.5
1807,31,0.23087614566764164,0,1.3742045675245025,0,13.895963105690118,202.42100166959327,203.88283317240192,20,0.1,1.5
1807,30,0.23087614566764164,0,1.3714587678122043,0,13.868505108567136,216.2895067781604,217.75133828096907,20,0.1,1.5
1807,29,0.23087614566764164,0,1.3687184544854403,0,13.841101975299496,230.13060875345988,231.59244025626856,20,0.1,1.5
1807,28,0.23087614566764164,0,1.365983616581857,0,13.813753596263664,243.94436234972355,245.40619385253223,20,0.1,1.5
1807,27,0.23087614566764164,0,1.3632542431610053,0,13.786459862055146,257.73082221177873,259.1926537145874,20,0.1,1.5
1807,26,0.23087614566764164,0,1.360530323304296,0,13.759220663488055,271.4900428752668,272.95187437807544,20,0.1,1.5
1807,25,0.23087614566764164,0,1.3578118461149564,0,13.732035891594657,285.2220787668615,286.6839102696701,20,0.1,1.5
1807,24,0.23087614566764164,0,1.3550988007179865,0,13.704905437624959,298.9269842044865,300.38881570729507,20,0.1,1.5
1807,23,0.23087614566764164,0,1.3523911762601157,0,13.677829193046252,312.6048133975327,314.0666449003413,20,0.1,1.5
1807,22,0.23087614566764164,0,1.3496889619097596,0,13.65080704954269,326.25562044707544,327.717451949884,20,0.1,1.5
1807,21,0.23087614566764164,0,1.3469921468569763,0,13.623838899014856,339.8794593460903,341.34129084889884,20,0.1,1.5
1807,20,0.23087614566764164,0,1.344300720313423,0,13.596924633579324,353.47638397966966,354.93821548247814,20,0.1,1.5
1807,19,0.23087614566764164,0,1.3416146715123132,0,13.570064145568226,367.04644812523793,368.50827962804635,20,0.1,1.5
1807,18,0.23087614566764164,0,1.3389339897083736,0,13.54325732752883,380.5897054527668,382.05153695557516,20,0.1,1.5
1807,17,0.23087614566764164,0,1.3362586641778014,0,13.516504072223107,394.10620952498994,395.56804102779824,20,0.1,1.5
1807,16,0.23087614566764164,0,1.3335886842182203,0,13.489804272627296,407.5960137976173,409.0578453004255,20,0.1,1.5
1807,15,0.23087614566764164,0,1.330924039148639,0,13.463157821931484,421.0591716195488,422.521003122357,20,0.1,1.5
1807,14,0.23087614566764164,0,1.3282647183094076,0,13.43656461353917,434.495736233088,435.9575677358962,20,0.1,1.5
1807,13,0.23087614566764164,0,1.3256107110621753,0,13.410024541066846,447.9057607741549,449.367592276963,20,0.1,1.5
1807,12,0.23087614566764164,0,1.322962006789848,0,13.383537498343573,461.28929827249846,462.7511297753066,20,0.1,1.5
1807,11,0.23087614566764164,0,1.3203185948965455,0,13.357103379410548,474.646401651909,476.10823315471714,20,0.1,1.5
1807,10,0.23087614566764164,0,1.3176804648075593,0,13.330722078520687,487.9771237304297,489.43895523323783,20,0.1,1.5
1807,9,0.23087614566764164,0,1.31504760596931,0,13.304393490138192,501.28151722056793,502.743348723376,20,0.1,1.5
1807,8,0.23087614566764164,0,1.3124200078493056,0,13.27811750893815,514.559634729506,516.0214662323142,20,0.1,1.5
1807,7,0.23087614566764164,0,1.309797659936099,0,13.251894029806083,527.8115287593121,529.2733602621203,20,0.1,1.5
1807,6,0.23087614566764164,0,1.3071805517392459,0,13.225722947837552,541.0372517071496,542.4990832099578,20,0.1,1.5
1807,5,0.23087614566764164,0,1.3045686727892631,0,13.199604158337726,554.2368558654873,555.6986873682955,20,0.1,1.5
1807,4,0.23087614566764164,0,1.3019620126375868,0,13.173537556820962,567.4103934223083,568.8722249251165,20,0.1,1.5
1807,3,0.23087614566764164,0,1.2993605608565297,0,13.147523039010391,580.5579164613187,582.0197479641269,20,0.1,1.5
1807,2,0.011543807283382081,0,5.5211623380933e-4,0,0.013217033860348022,580.5711334951791,582.0329649979872,1,0.1,1.5
1807,1,150,0,1.3118293989964898,0,113.1182939899649,693.6894274851439,695.151258987952,99999,0.1,1.5
1827,47,0.23087614566764164,0.04560080445481345,0.9020386915055342,0,9.63031239004857,0,0,20,0.1,1.5
1827,46,0.23087614566764164,4.5600804454814025e-42,0.9002363269681499,0.04393653682794104,9.783945511954323,9.156280700126594,9.783945511954323,20,0.1,1.5
1827,45,0.23087614566764164,0.011095085057560869,1.1179116744931028,0.037109436751165945,11.974119836682673,20.600265726078323,21.758065348636997,20,0.1,1.5
1827,44,0.23087614566764164,0.009371069886658067,1.301048993550642,0.01986948277392748,13.541967818731344,33.85838379089641,35.30003316736834,20,0.1,1.5
1827,43,0.23087614566764164,0.005017546155032192,1.397702456504491,0.0014127488435669508,14.201299583376997,48.039501247936734,49.501332750745334,20,0.1,1.5
1827,42,0.23087614566764164,3.567547584765027e-4,1.401966743318897,0,14.177152411218827,62.216653659155554,63.67848516196416,20,0.1,1.5
1827,41,0.23087614566764164,3.5675475847650723e-44,1.3991654719715085,0,14.145572150160179,76.36222580931573,77.82405731212434,20,0.1,1.5
1827,40,0.23087614566764164,3.567547584765117e-84,1.3963697978475915,0,14.11761540892101,90.47984121823674,91.94167272104535,20,0.1,1.5
1827,39,0.23087614566764164,3.567547584765162e-124,1.3935797097633273,0,14.089714528078368,104.5695557463151,106.03138724912372,20,0.1,1.5
1827,38,0.23087614566764164,3.5675475847652064e-164,1.3907951965572436,0,14.06186939601753,118.63142514233263,120.09325664514125,20,0.1,1.5
1827,37,0.23087614566764164,3.5675475847652515e-204,1.3880162470901698,0,14.034079901346791,132.66550504367942,134.12733654648804,20,0.1,1.5
1827,36,0.23087614566764164,3.5675475847652965e-244,1.385242850245193,0,14.006345932897023,146.67185097657645,148.13368247938507,20,0.1,1.5
1827,35,0.23087614566764164,3.567547584765341e-284,1.3824749949276125,0,13.97866737972122,160.65051835629768,162.1123498591063,20,0.1,1.5
1827,34,0.23087614566764164,5e-324,1.379712670064896,0,13.951044131094054,174.60156248739173,176.06339399020035,20,0.1,1.5
1827,33,0.23087614566764164,0,1.3769558646066355,0,13.923476076511449,188.52503856390317,189.9868700667118,20,0.1,1.5
1827,32,0.23087614566764164,0,1.3742045675245025,0,13.895963105690118,202.42100166959327,203.88283317240192,20,0.1,1.5
1827,31,0.23087614566764164,0,1.3714587678122043,0,13.868505108567136,216.2895067781604,217.75133828096907,20,0.1,1.5
1827,30,0.23087614566764164,0,1.3687184544854403,0,13.841101975299496,230.13060875345988,231.59244025626856,20,0.1,1.5
1827,29,0.23087614566764164,0,1.365983616581857,0,13.813753596263664,243.94436234972355,245.40619385253223,20,0.1,1.5
1827,28,0.23087614566764164,0,1.3632542431610053,0,13.786459862055146,257.73082221177873,259.1926537145874,20,0.1,1.5
1827,27,0.23087614566764164,0,1.360530323304296,0,13.759220663488055,271.4900428752668,272.95187437807544,20,0.1,1.5
1827,26,0.23087614566764164,0,1.3578118461149564,0,13.732035891594657,285.2220787668615,286.6839102696701,20,0.1,1.5
1827,25,0.23087614566764164,0,1.3550988007179865,0,13.704905437624959,298.9269842044865,300.38881570729507,20,0.1,1.5
1827,24,0.23087614566764164,0,1.3523911762601157,0,13.677829193046252,312.6048133975327,314.0666449003413,20,0.1,1.5
1827,23,0.23087614566764164,0,1.3496889619097596,0,13.65080704954269,326.25562044707544,327.717451949884,20,0.1,1.5
1827,22,0.23087614566764164,0,1.3469921468569763,0,13.623838899014856,339.8794593460903,341.34129084889884,20,0.1,1.5
1827,21,0.23087614566764164,0,1.344300720313423,0,13.596924633579324,353.47638397966966,354.93821548247814,20,0.1,1.5
1827,20,0.23087614566764164,0,1.3416146715123132,0,13.570064145568226,367.04644812523793,368.50827962804635,20,0.1,1.5
1827,19,0.23087614566764164,0,1.3389339897083736,0,13.54325732752883,380.5897054527668,382.05153695557516,20,0.1,1.5
1827,18,0.23087614566764164,0,1.3362586641778014,0,13.516504072223107,394.10620952498994,395.56804102779824,20,0.1,1.5
1827,17,0.23087614566764164,0,1.3335886842182203,0,13.489804272627296,407.5960137976173,409.0578453004255,20,0.1,1.5
1827,16,0.23087614566764164,0,1.330924039148639,0,13.463157821931484,421.0591716195488,422.521003122357,20,0.1,1.5
1827,15,0.23087614566764164,0,1.3282647183094076,0,13.43656461353917,434.495736233088,435.9575677358962,20,0.1,1.5
1827,14,0.23087614566764164,0,1.3256107110621753,0,13.410024541066846,447.9057607741549,449.367592276963,20,0.1,1.5
1827,13,0.23087614566764164,0,1.322962006789848,0,13.383537498343573,461.28929827249846,462.7511297753066,20,0.1,1.5
1827,12,0.23087614566764164,0,1.3203185948965455,0,13.357103379410548,474.646401651909,476.10823315471714,20,0.1,1.5
1827,11,0.23087614566764164,0,1.3176804648075593,0,13.330722078520687,487.9771237304297,489.43895523323783,20,0.1,1.5
1827,10,0.23087614566764164,0,1.31504760596931,0,13.304393490138192,501.28151722056793,502.743348723376,20,0.1,1.5
1827,9,0.23087614566764164,0,1.3124200078493056,0,13.27811750893815,514.559634729506,516.0214662323142,20,0.1,1.5
1827,8,0.23087614566764164,0,1.309797659936099,0,13.251894029806083,527.8115287593121,529.2733602621203,20,0.1,1.5
1827,7,0.23087614566764164,0,1.3071805517392459,0,13.225722947837552,541.0372517071496,542.4990832099578,20,0.1,1.5
1827,6,0.23087614566764164,0,1.3045686727892631,0,13.199604158337726,554.2368558654873,555.6986873682955,20,0.1,1.5
1827,5,0.23087614566764164,0,1.3019620126375868,0,13.173537556820962,567.4103934223083,568.8722249251165,20,0.1,1.5
1827,4,0.23087614566764164,0,1.2993605608565297,0,13.147523039010391,580.5579164613187,582.0197479641269,20,0.1,1.5
1827,3,0.23087614566764164,0,1.2967643070392407,0,13.121560500837502,593.6794769621562,595.1413084649644,20,0.1,1.5
1827,2,0.011543807283382081,0,5.510130497334106e-4,0,0.013206002019588827,593.6926829641758,595.154514466984,1,0.1,1.5
1827,1,150,0,1.309208231179505,0,113.09208231179505,706.7847652759708,708.246596778779,99999,0.1,1.5
1847,48,0.23087614566764164,0.04560080445481345,0.9020386915055342,0,9.63031239004857,0,0,20,0.1,1.5
1847,47,0.23087614566764164,4.5600804454814025e-42,0.9002363269681499,0.04393653682794104,9.783945511954323,9.156280700126594,9.783945511954323,20,0.1,1.5
1847,46,0.23087614566764164,0.011095085057560869,1.1179116744931028,0.037109436751165945,11.974119836682673,20.600265726078323,21.758065348636997,20,0.1,1.5
1847,45,0.23087614566764164,0.009371069886658067,1.301048993550642,0.01986948277392748,13.541967818731344,33.85838379089641,35.30003316736834,20,0.1,1.5
1847,44,0.23087614566764164,0.005017546155032192,1.397702456504491,0.0014127488435669508,14.201299583376997,48.039501247936734,49.501332750745334,20,0.1,1.5
1847,43,0.23087614566764164,3.567547584765027e-4,1.401966743318897,0,14.177152411218827,62.216653659155554,63.67848516196416,20,0.1,1.5
1847,42,0.23087614566764164,3.5675475847650723e-44,1.3991654719715085,0,14.145572150160179,76.36222580931573,77.82405731212434,20,0.1,1.5
1847,41,0.23087614566764164,3.567547584765117e-84,1.3963697978475915,0,14.11761540892101,90.47984121823674,91.94167272104535,20,0.1,1.5
1847,40,0.23087614566764164,3.567547584765162e-124,1.3935797097633273,0,14.089714528078368,104.5695557463151,106.03138724912372,20,0.1,1.5
1847,39,0.23087614566764164,3.5675475847652064e-164,1.3907951965572436,0,14.06186939601753,118.63142514233263,120.09325664514125,20,0.1,1.5
1847,38,0.23087614566764164,3.5675475847652515e-204,1.3880162470901698,0,14.034079901346791,132.66550504367942,134.12733654648804,20,0.1,1.5
1847,37,0.23087614566764164,3.5675475847652965e-244,1.385242850245193,0,14.006345932897023,146.67185097657645,148.13368247938507,20,0.1,1.5
1847,36,0.23087614566764164,3.567547584765341e-284,1.3824749949276125,0,13.97866737972122,160.65051835629768,162.1123498591063,20,0.1,1.5
1847,35,0.23087614566764164,5e-324,1.379712670064896,0,13.951044131094054,174.60156248739173,176.06339399020035,20,0.1,1.5
1847,34,0.23087614566764164,0,1.3769558646066355,0,13.923476076511449,188.52503856390317,189.9868700667118,20,0.1,1.5
1847,33,0.23087614566764164,0,1.3742045675245025,0,13.895963105690118,202.42100166959327,203.88283317240192,20,0.1,1.5
1847,32,0.23087614566764164,0,1.3714587678122043,0,13.868505108567136,216.2895067781604,217.75133828096907,20,0.1,1.5
1847,31,0.23087614566764164,0,1.3687184544854403,0,13.841101975299496,230.13060875345988,231.59244025626856,20,0.1,1.5
1847,30,0.23087614566764164,0,1.365983616581857,0,13.813753596263664,243.94436234972355,245.40619385253223,20,0.1,1.5
1847,29,0.23087614566764164,0,1.3632542431610053,0,13.786459862055146,257.73082221177873,259.1926537145874,20,0.1,1.5
1847,28,0.23087614566764164,0,1.360530323304296,0,13.759220663488055,271.4900428752668,272.95187437807544,20,0.1,1.5
1847,27,0.23087614566764164,0,1.3578118461149564,0,13.732035891594657,285.2220787668615,286.6839102696701,20,0.1,1.5
1847,26,0.23087614566764164,0,1.3550988007179865,0,13.704905437624959,298.9269842044865,300.38881570729507,20,0.1,1.5
1847,25,0.23087614566764164,0,1.3523911762601157,0,13.677829193046252,312.6048133975327,314.0666449003413,20,0.1,1.5
1847,24,0.23087614566764164,0,1.3496889619097596,0,13.65080704954269,326.25562044707544,327.717451949884,20,0.1,1.5
1847,23,0.23087614566764164,0,1.3469921468569763,0,13.623838899014856,339.8794593460903,341.34129084889884,20,0.1,1.5
1847,22,0.23087614566764164,0,1.344300720313423,0,13.596924633579324,353.47638397966966,354.93821548247814,20,0.1,1.5
1847,21,0.23087614566764164,0,1.3416146715123132,0,13.570064145568226,367.04644812523793,368.50827962804635,20,0.1,1.5
1847,20,0.23087614566764164,0,1.3389339897083736,0,13.54325732752883,380.5897054527668,382.05153695557516,20,0.1,1.5
1847,19,0.23087614566764164,0,1.3362586641778014,0,13.516504072223107,394.10620952498994,395.56804102779824,20,0.1,1.5
1847,18,0.23087614566764164,0,1.3335886842182203,0,13.489804272627296,407.5960137976173,409.0578453004255,20,0.1,1.5
1847,17,0.23087614566764164,0,1.330924039148639,0,13.463157821931484,421.0591716195488,422.521003122357,20,0.1,1.5
1847,16,0.23087614566764164,0,1.3282647183094076,0,13.43656461353917,434.495736233088,435.9575677358962,20,0.1,1.5
1847,15,0.23087614566764164,0,1.3256107110621753,0,13.410024541066846,447.9057607741549,449.367592276963,20,0.1,1.5
1847,14,0.23087614566764164,0,1.322962006789848,0,13.383537498343573,461.28929827249846,462.7511297753066,20,0.1,1.5
1847,13,0.23087614566764164,0,1.3203185948965455,0,13.357103379410548,474.646401651909,476.10823315471714,20,0.1,1.5
1847,12,0.23087614566764164,0,1.3176804648075593,0,13.330722078520687,487.9771237304297,489.43895523323783,20,0.1,1.5
1847,11,0.23087614566764164,0,1.31504760596931,0,13.304393490138192,501.28151722056793,502.743348723376,20,0.1,1.5
1847,10,0.23087614566764164,0,1.3124200078493056,0,13.27811750893815,514.559634729506,516.0214662323142,20,0.1,1.5
1847,9,0.23087614566764164,0,1.309797659936099,0,13.251894029806083,527.8115287593121,529.2733602621203,20,0.1,1.5
1847,8,0.23087614566764164,0,1.3071805517392459,0,13.225722947837552,541.0372517071496,542.4990832099578,20,0.1,1.5
1847,7,0.23087614566764164,0,1.3045686727892631,0,13.199604158337726,554.2368558654873,555.6986873682955,20,0.1,1.5
1847,6,0.23087614566764164,0,1.3019620126375868,0,13.173537556820962,567.4103934223083,568.8722249251165,20,0.1,1.5
1847,5,0.23087614566764164,0,1.2993605608565297,0,13.147523039010391,580.5579164613187,582.0197479641269,20,0.1,1.5
1847,4,0.23087614566764164,0,1.2967643070392407,0,13.121560500837502,593.6794769621562,595.1413084649644,20,0.1,1.5
1847,3,0.23087614566764164,0,1.2941732407996627,0,13.095649838441721,606.7751268005978,608.2369583034061,20,0.1,1.5
1847,2,0.011543807283382081,0,5.499120699308503e-4,0,0.013194992221563225,606.7883217928194,608.2501532956277,1,0.1,1.5
1847,1,150,0,1.3065923007209221,0,113.06592300720922,719.8542448000286,721.3160763028369,99999,0.1,1.5
1867,49,0.23087614566764164,0.04560080445481345,0.9020386915055342,0,9.63031239004857,0,0,20,0.1,1.5
1867,48,0.23087614566764164,4.5600804454814025e-42,0.9002363269681499,0.04393653682794104,9.783945511954323,9.156280700126594,9.783945511954323,20,0.1,1.5
1867,47,0.23087614566764164,0.011095085057560869,1.1179116744931028,0.037109436751165945,11.974119836682673,20.600265726078323,21.758065348636997,20,0.1,1.5
1867,46,0.23087614566764164,0.009371069886658067,1.301048993550642,0.01986948277392748,13.541967818731344,33.85838379089641,35.30003316736834,20,0.1,1.5
1867,45,0.23087614566764164,0.005017546155032192,1.397702456504491,0.0014127488435669508,14.201299583376997,48.039501247936734,49.501332750745334,20,0.1,1.5
1867,44,0.23087614566764164,3.567547584765027e-4,1.401966743318897,0,14.177152411218827,62.216653659155554,63.67848516196416,20,0.1,1.5
1867,43,0.23087614566764164,3.5675475847650723e-44,1.3991654719715085,0,14.145572150160179,76.36222580931573,77.82405731212434,20,0.1,1.5
1867,42,0.23087614566764164,3.567547584765117e-84,1.3963697978475915,0,14.11761540892101,90.47984121823674,91.94167272104535,20,0.1,1.5
1867,41,0.23087614566764164,3.567547584765162e-124,1.3935797097633273,0,14.089714528078368,104.5695557463151,106.03138724912372,20,0.1,1.5
1867,40,0.23087614566764164,3.5675475847652064e-164,1.3907951965572436,0,14.06186939601753,118.63142514233263,120.09325664514125,20,0.1,1.5
1867,39,0.23087614566764164,3.5675475847652515e-204,1.3880162470901698,0,14.034079901346791,132.66550504367942,134.12733654648804,20,0.1,1.5
1867,38,0.23087614566764164,3.5675475847652965e-244,1.385242850245193,0,14.006345932897023,146.67185097657645,148.13368247938507,20,0.1,1.5
1867,37,0.23087614566764164,3.567547584765341e-284,1.3824749949276125,0,13.97866737972122,160.65051835629768,162.1123498591063,20,0.1,1.5
1867,36,0.23087614566764164,5e-324,1.379712670064896,0,13.951044131094054,174.60156248739173,176.06339399020035,20,0.1,1.5
1867,35,0.23087614566764164,0,1.3769558646066355,0,13.923476076511449,188.52503856390317,189.9868700667118,20,0.1,1.5
1867,34,0.23087614566764164,0,1.3742045675245025,0,13.895963105690118,202.42100166959327,203.88283317240192,20,0.1,1.5
1867,33,0.23087614566764164,0,1.3714587678122043,0,13.868505108567136,216.2895067781604,217.75133828096907,20,0.1,1.5
1867,32,0.23087614566764164,0,1.3687184544854403,0,13.841101975299496,230.13060875345988,231.59244025626856,20,0.1,1.5
1867,31,0.23087614566764164,0,1.365983616581857,0,13.813753596263664,243.94436234972355,245.40619385253223,20,0.1,1.5
1867,30,0.23087614566764164,0,1.3632542431610053,0,13.786459862055146,257.73082221177873,259.1926537145874,20,0.1,1.5
1867,29,0.23087614566764164,0,1.360530323304296,0,13.759220663488055,271.4900428752668,272.95187437807544,20,0.1,1.5
1867,28,0.23087614566764164,0,1.3578118461149564,0,13.732035891594657,285.2220787668615,286.6839102696701,20,0.1,1.5
1867,27,0.23087614566764164,0,1.3550988007179865,0,13.704905437624959,298.9269842044865,300.38881570729507,20,0.1,1.5
1867,26,0.23087614566764164,0,1.3523911762601157,0,13.677829193046252,312.6048133975327,314.0666449003413,20,0.1,1.5
1867,25,0.23087614566764164,0,1.3496889619097596,0,13.65080704954269,326.25562044707544,327.717451949884,20,0.1,1.5
1867,24,0.23087614566764164,0,1.3469921468569763,0,13.623838899014856,339.8794593460903,341.34129084889884,20,0.1,1.5
1867,23,0.23087614566764164,0,1.344300720313423,0,13.596924633579324,353.47638397966966,354.93821548247814,20,0.1,1.5
1867,22,0.23087614566764164,0,1.3416146715123132,0,13.570064145568226,367.04644812523793,368.50827962804635,20,0.1,1.5
1867,21,0.23087614566764164,0,1.3389339897083736,0,13.54325732752883,380.5897054527668,382.05153695557516,20,0.1,1.5
1867,20,0.23087614566764164,0,1.3362586641778014,0,13.516504072223107,394.10620952498994,395.56804102779824,20,0.1,1.5
1867,19,0.23087614566764164,0,1.3335886842182203,0,13.489804272627296,407.5960137976173,409.0578453004255,20,0.1,1.5
1867,18,0.23087614566764164,0,1.330924039148639,0,13.463157821931484,421.0591716195488,422.521003122357,20,0.1,1.5
1867,17,0.23087614566764164,0,1.3282647183094076,0,13.43656461353917,434.495736233088,435.9575677358962,20,0.1,1.5
1867,16,0.23087614566764164,0,1.3256107110621753,0,13.410024541066846,447.9057607741549,449.367592276963,20,0.1,1.5
1867,15,0.23087614566764164,0,1.322962006789848,0,13.383537498343573,461.28929827249846,462.7511297753066,20,0.1,1.5
1867,14,0.23087614566764164,0,1.3203185948965455,0,13.357103379410548,474.646401651909,476.10823315471714,20,0.1,1.5
1867,13,0.23087614566764164,0,1.3176804648075593,0,13.330722078520687,487.9771237304297,489.43895523323783,20,0.1,1.5
1867,12,0.23087614566764164,0,1.31504760596931,0,13.304393490138192,501.28151722056793,502.743348723376,20,0.1,1.5
1867,11,0.23087614566764164,0,1.3124200078493056,0,13.27811750893815,514.559634729506,516.0214662323142,20,0.1,1.5
1867,10,0.23087614566764164,0,1.309797659936099,0,13.251894029806083,527.8115287593121,529.2733602621203,20,0.1,1.5
1867,9,0.23087614566764164,0,1.3071805517392459,0,13.225722947837552,541.0372517071496,542.4990832099578,20,0.1,1.5
1867,8,0.23087614566764164,0,1.3045686727892631,0,13.199604158337726,554.2368558654873,555.6986873682955,20,0.1,1.5
1867,7,0.23087614566764164,0,1.3019620126375868,0,13.173537556820962,567.4103934223083,568.8722249251165,20,0.1,1.5
1867,6,0.23087614566764164,0,1.2993605608565297,0,13.147523039010391,580.5579164613187,582.0197479641269,20,0.1,1.5
1867,5,0.23087614566764164,0,1.2967643070392407,0,13.121560500837502,593.6794769621562,595.1413084649644,20,0.1,1.5
1867,4,0.23087614566764164,0,1.2941732407996627,0,13.095649838441721,606.7751268005978,608.2369583034061,20,0.1,1.5
1867,3,0.23087614566764164,0,1.2915873517724905,0,13.069790948169999,619.8449177487678,621.3067492515761,20,0.1,1.5
1867,2,0.011543807283382081,0,5.488132899972882e-4,0,0.013184004422227603,619.85810175319,621.3199332559983,1,0.1,1.5
1867,1,150,0,1.3039815971559694,0,113.03981597155969,732.8979177247497,734.359749227558,99999,0.1,1.5
1887,50,0.23087614566764164,0.04560080445481345,0.9020386915055342,0,9.63031239004857,0,0,20,0.1,1.5
1887,49,0.23087614566764164,4.5600804454814025e-42,0.9002363269681499,0.04393653682794104,9.783945511954323,9.156280700126594,9.783945511954323,20,0.1,1.5
1887,48,0.23087614566764164,0.011095085057560869,1.1179116744931028,0.037109436751165945,11.974119836682673,20.600265726078323,21.758065348636997,20,0.1,1.5
1887,47,0.23087614566764164,0.009371069886658067,1.301048993550642,0.01986948277392748,13.541967818731344,33.85838379089641,35.30003316736834,20,0.1,1.5
1887,46,0.23087614566764164,0.005017546155032192,1.397702456504491,0.0014127488435669508,14.201299583376997,48.039501247936734,49.501332750745334,20,0.1,1.5
1887,45,0.23087614566764164,3.567547584765027e-4,1.401966743318897,0,14.177152411218827,62.216653659155554,63.67848516196416,20,0.1,1.5
1887,44,0.23087614566764164,3.5675475847650723e-44,1.3991654719715085,0,14.145572150160179,76.36222580931573,77.82405731212434,20,0.1,1.5
1887,43,0.23087614566764164,3.567547584765117e-84,1.3963697978475915,0,14.11761540892101,90.47984121823674,91.94167272104535,20,0.1,1.5
1887,42,0.23087614566764164,3.567547584765162e-124,1.3935797097633273,0,14.089714528078368,104.5695557463151,106.03138724912372,20,0.1,1.5
1887,41,0.23087614566764164,3.5675475847652064e-164,1.3907951965572436,0,14.06186939601753,118.63142514233263,120.09325664514125,20,0.1,1.5
1887,40,0.23087614566764164,3.5675475847652515e-204,1.3880162470901698,0,14.034079901346791,132.66550504367942,134.12733654648804,20,0.1,1.5
1887,39,0.23087614566764164,3.5675475847652965e-244,1.385242850245193,0,14.006345932897023,146.67185097657645,148.13368247938507,20,0.1,1.5
1887,38,0.23087614566764164,3.567547584765341e-284,1.3824749949276125,0,13.97866737972122,160.65051835629768,162.1123498591063,20,0.1,1.5
1887,37,0.23087614566764164,5e-324,1.379712670064896,0,13.951044131094054,174.60156248739173,176.06339399020035,20,0.1,1.5
1887,36,0.23087614566764164,0,1.3769558646066355,0,13.923476076511449,188.52503856390317,189.9868700667118,20,0.1,1.5
1887,35,0.23087614566764164,0,1.3742045675245025,0,13.895963105690118,202.42100166959327,203.88283317240192,20,0.1,1.5
1887,34,0.23087614566764164,0,1.3714587678122043,0,13.868505108567136,216.2895067781604,217.75133828096907,20,0.1,1.5
1887,33,0.23087614566764164,0,1.3687184544854403,0,13.841101975299496,230.13060875345988,231.59244025626856,20,0.1,1.5
1887,32,0.23087614566764164,0,1.365983616581857,0,13.813753596263664,243.94436234972355,245.40619385253223,20,0.1,1.5
1887,31,0.23087614566764164,0,1.3632542431610053,0,13.786459862055146,257.73082221177873,259.1926537145874,20,0.1,1.5
1887,30,0.23087614566764164,0,1.360530323304296,0,13.759220663488055,271.4900428752668,272.95187437807544,20,0.1,1.5
1887,29,0.23087614566764164,0,1.3578118461149564,0,13.732035891594657,285.2220787668615,286.6839102696701,20,0.1,1.5
1887,28,0.23087614566764164,0,1.3550988007179865,0,13.704905437624959,298.9269842044865,300.38881570729507,20,0.1,1.5
1887,27,0.23087614566764164,0,1.3523911762601157,0,13.677829193046252,312.6048133975327,314.0666449003413,20,0.1,1.5
1887,26,0.23087614566764164,0,1.3496889619097596,0,13.65080704954269,326.25562044707544,327.717451949884,20,0.1,1.5
1887,25,0.23087614566764164,0,1.3469921468569763,0,13.623838899014856,339.8794593460903,341.34129084889884,20,0.1,1.5
1887,24,0.23087614566764164,0,1.344300720313423,0,13.596924633579324,353.47638397966966,354.93821548247814,20,0.1,1.5
1887,23,0.23087614566764164,0,1.3416146715123132,0,13.570064145568226,367.04644812523793,368.50827962804635,20,0.1,1.5
1887,22,0.23087614566764164,0,1.3389339897083736,0,13.54325732752883,380.5897054527668,382.05153695557516,20,0.1,1.5
1887,21,0.23087614566764164,0,1.3362586641778014,0,13.516504072223107,394.10620952498994,395.56804102779824,20,0.1,1.5
1887,20,0.23087614566764164,0,1.3335886842182203,0,13.489804272627296,407.5960137976173,409.0578453004255,20,0.1,1.5
1887,19,0.23087614566764164,0,1.330924039148639,0,13.463157821931484,421.0591716195488,422.521003122357,20,0.1,1.5
1887,18,0.23087614566764164,0,1.3282647183094076,0,13.43656461353917,434.495736233088,435.9575677358962,20,0.1,1.5
1887,17,0.23087614566764164,0,1.3256107110621753,0,13.410024541066846,447.9057607741549,449.367592276963,20,0.1,1.5
1887,16,0.23087614566764164,0,1.322962006789848,0,13.383537498343573,461.28929827249846,462.7511297753066,20,0.1,1.5
1887,15,0.23087614566764164,0,1.3203185948965455,0,13.357103379410548,474.646401651909,476.10823315471714,20,0.1,1.5
1887,14,0.23087614566764164,0,1.3176804648075593,0,13.330722078520687,487.9771237304297,489.43895523323783,20,0.1,1.5
1887,13,0.23087614566764164,0,1.31504760596931,0,13.304393490138192,501.28151722056793,502.743348723376,20,0.1,1.5
1887,12,0.23087614566764164,0,1.3124200078493056,0,13.27811750893815,514.559634729506,516.0214662323142,20,0.1,1.5
1887,11,0.23087614566764164,0,1.309797659936099,0,13.251894029806083,527.8115287593121,529.2733602621203,20,0.1,1.5
1887,10,0.23087614566764164,0,1.3071805517392459,0,13.225722947837552,541.0372517071496,542.4990832099578,20,0.1,1.5
1887,9,0.23087614566764164,0,1.3045686727892631,0,13.199604158337726,554.2368558654873,555.6986873682955,20,0.1,1.5
1887,8,0.23087614566764164,0,1.3019620126375868,0,13.173537556820962,567.4103934223083,568.8722249251165,20,0.1,1.5
1887,7,0.23087614566764164,0,1.2993605608565297,0,13.147523039010391,580.5579164613187,582.0197479641269,20,0.1,1.5
1887,6,0.23087614566764164,0,1.2967643070392407,0,13.121560500837502,593.6794769621562,595.1413084649644,20,0.1,1.5
1887,5,0.23087614566764164,0,1.2941732407996627,0,13.095649838441721,606.7751268005978,608.2369583034061,20,0.1,1.5
1887,4,0.23087614566764164,0,1.2915873517724905,0,13.069790948169999,619.8449177487678,621.3067492515761,20,0.1,1.5
1887,3,0.23087614566764164,0,1.2890066296131302,0,13.043983726576396,632.8889014753441,634.3507329781525,20,0.1,1.5
1887,2,0.011543807283382081,0,5.477167055371634e-4,0,0.013173038577626354,632.9020745139218,634.3639060167301,1,0.1,1.5
1887,1,150,0,1.3013761100407848,0,113.01376110040785,745.9158356143296,747.3776671171379,99999,0.1,1.5
1907,51,0.23087614566764164,0.04560080445481345,0.9020386915055342,0,9.63031239004857,0,0,20,0.1,1.5
1907,50,0.23087614566764164,4.5600804454814025e-42,0.9002363269681499,0.04393653682794104,9.783945511954323,9.156280700126594,9.783945511954323,20,0.1,1.5
1907,49,0.23087614566764164,0.011095085057560869,1.1179116744931028,0.037109436751165945,11.974119836682673,20.600265726078323,21.758065348636997,20,0.1,1.5
1907,48,0.23087614566764164,0.009371069886658067,1.301048993550642,0.01986948277392748,13.541967818731344,33.85838379089641,35.30003316736834,20,0.1,1.5
1907,47,0.23087614566764164,0.005017546155032192,1.397702456504491,0.0014127488435669508,14.201299583376997,48.039501247936734,49.501332750745334,20,0.1,1.5
1907,46,0.23087614566764164,3.567547584765027e-4,1.401966743318897,0,14.177152411218827,62.216653659155554,63.67848516196416,20,0.1,1.5
1907,45,0.23087614566764164,3.5675475847650723e-44,1.3991654719715085,0,14.145572150160179,76.36222580931573,77.82405731212434,20,0.1,1.5
1907,44,0.23087614566764164,3.567547584765117e-84,1.3963697978475915,0,14.11761540892101,90.47984121823674,91.94167272104535,20,0.1,1.5
1907,43,0.23087614566764164,3.567547584765162e-124,1.3935797097633273,0,14.089714528078368,104.5695557463151,106.03138724912372,20,0.1,1.5
1907,42,0.23087614566764164,3.5675475847652064e-164,1.3907951965572436,0,14.06186939601753,118.63142514233263,120.09325664514125,20,0.1,1.5
1907,41,0.23087614566764164,3.5675475847652515e-204,1.3880162470901698,0,14.034079901346791,132.66550504367942,134.12733654648804,20,0.1,1.5
1907,40,0.23087614566764164,3.5675475847652965e-244,1.385242850245193,0,14.006345932897023,146.67185097657645,148.13368247938507,20,0.1,1.5
1907,39,0.23087614566764164,3.567547584765341e-284,1.3824749949276125,0,13.97866737972122,160.65051835629768,162.1123498591063,20,0.1,1.5
1907,38,0.23087614566764164,5e-324,1.379712670064896,0,13.951044131094054,174.60156248739173,176.06339399020035,20,0.1,1.5
1907,37,0.23087614566764164,0,1.3769558646066355,0,13.923476076511449,188.52503856390317,189.9868700667118,20,0.1,1.5
1907,36,0.23087614566764164,0,1.3742045675245025,0,13.895963105690118,202.42100166959327,203.88283317240192,20,0.1,1.5
1907,35,0.23087614566764164,0,1.3714587678122043,0,13.868505108567136,216.2895067781604,217.75133828096907,20,0.1,1.5
1907,34,0.23087614566764164,0,1.3687184544854403,0,13.841101975299496,230.13060875345988,231.59244025626856,20,0.1,1.5
1907,33,0.23087614566764164,0,1.365983616581857,0,13.813753596263664,243.94436234972355,245.40619385253223,20,0.1,1.5
1907,32,0.23087614566764164,0,1.3632542431610053,0,13.786459862055146,257.73082221177873,259.1926537145874,20,0.1,1.5
1907,31,0.23087614566764164,0,1.360530323304296,0,13.759220663488055,271.4900428752668,272.95187437807544,20,0.1,1.5
1907,30,0.23087614566764164,0,1.3578118461149564,0,13.732035891594657,285.2220787668615,286.6839102696701,20,0.1,1.5
1907,29,0.23087614566764164,0,1.3550988007179865,0,13.704905437624959,298.9269842044865,300.38881570729507,20,0.1,1.5
1907,28,0.23087614566764164,0,1.3523911762601157,0,13.677829193046252,312.6048133975327,314.0666449003413,20,0.1,1.5
1907,27,0.23087614566764164,0,1.3496889619097596,0,13.65080704954269,326.25562044707544,327.717451949884,20,0.1,1.5
1907,26,0.23087614566764164,0,1.3469921468569763,0,13.623838899014856,339.8794593460903,341.34129084889884,20,0.1,1.5
1907,25,0.23087614566764164,0,1.344300720313423,0,13.596924633579324,353.47638397966966,354.93821548247814,20,0.1,1.5
1907,24,0.23087614566764164,0,1.3416146715123132,0,13.570064145568226,367.04644812523793,368.50827962804635,20,0.1,1.5
1907,23,0.23087614566764164,0,1.3389339897083736,0,13.54325732752883,380.5897054527668,382.05153695557516,20,0.1,1.5
1907,22,0.23087614566764164,0,1.3362586641778014,0,13.516504072223107,394.10620952498994,395.56804102779824,20,0.1,1.5
1907,21,0.23087614566764164,0,1.3335886842182203,0,13.489804272627296,407.5960137976173,409.0578453004255,20,0.1,1.5
1907,20,0.23087614566764164,0,1.330924039148639,0,13.463157821931484,421.0591716195488,422.521003122357,20,0.1,1.5
1907,19,0.23087614566764164,0,1.3282647183094076,0,13.43656461353917,434.495736233088,435.9575677358962,20,0.1,1.5
1907,18,0.23087614566764164,0,1.3256107110621753,0,13.410024541066846,447.9057607741549,449.367592276963,20,0.1,1.5
1907,17,0.23087614566764164,0,1.322962006789848,0,13.383537498343573,461.28929827249846,462.7511297753066,20,0.1,1.5
1907,16,0.23087614566764164,0,1.3203185948965455,0,13.357103379410548,474.646401651909,476.10823315471714,20,0.1,1.5
1907,15,0.23087614566764164,0,1.3176804648075593,0,13.330722078520687,487.9771237304297,489.43895523323783,20,0.1,1.5
1907,14,0.23087614566764164,0,1.31504760596931,0,13.304393490138192,501.28151722056793,502.743348723376,20,0.1,1.5
1907,13,0.23087614566764164,0,1.3124200078493056,0,13.27811750893815,514.559634729506,516.0214662323142,20,0.1,1.5
1907,12,0.23087614566764164,0,1.309797659936099,0,13.251894029806083,527.8115287593121,529.2733602621203,20,0.1,1.5
1907,11,0.23087614566764164,0,1.3071805517392459,0,13.225722947837552,541.0372517071496,542.4990832099578,20,0.1,1.5
1907,10,0.23087614566764164,0,1.3045686727892631,0,13.199604158337726,554.2368558654873,555.6986873682955,20,0.1,1.5
1907,9,0.23087614566764164,0,1.3019620126375868,0,13.173537556820962,567.4103934223083,568.8722249251165,20,0.1,1.5
1907,8,0.23087614566764164,0,1.2993605608565297,0,13.147523039010391,580.5579164613187,582.0197479641269,20,0.1,1.5
1907,7,0.23087614566764164,0,1.2967643070392407,0,13.121560500837502,593.6794769621562,595.1413084649644,20,0.1,1.5
1907,6,0.23087614566764164,0,1.2941732407996627,0,13.095649838441721,606.7751268005978,608.2369583034061,20,0.1,1.5
1907,5,0.23087614566764164,0,1.2915873517724905,0,13.069790948169999,619.8449177487678,621.3067492515761,20,0.1,1.5
1907,4,0.23087614566764164,0,1.2890066296131302,0,13.043983726576396,632.8889014753441,634.3507329781525,20,0.1,1.5
1907,3,0.23087614566764164,0,1.286431063997657,0,13.018228070421664,645.9071295457658,647.3689610485741,20,0.1,1.5
1907,2,0.011543807283382081,0,5.466223121636979e-4,0,0.0131620946438917,645.9202916404097,647.382123143218,1,0.1,1.5
1907,1,150,0,1.298775828952374,0,112.98775828952374,758.9080499299334,760.3698814327417,99999,0.1,1.5
1927,52,0.23087614566764164,0.04560080445481345,0.9020386915055342,0,9.63031239004857,0,0,20,0.1,1.5
1927,51,0.23087614566764164,4.5600804454814025e-42,0.9002363269681499,0.04393653682794104,9.783945511954323,9.156280700126594,9.783945511954323,20,0.1,1.5
1927,50,0.23087614566764164,0.011095085057560869,1.1179116744931028,0.037109436751165945,11.974119836682673,20.600265726078323,21.758065348636997,20,0.1,1.5
1927,49,0.23087614566764164,0.009371069886658067,1.301048993550642,0.01986948277392748,13.541967818731344,33.85838379089641,35.30003316736834,20,0.1,1.5
1927,48,0.23087614566764164,0.005017546155032192,1.397702456504491,0.0014127488435669508,14.201299583376997,48.039501247936734,49.501332750745334,20,0.1,1.5
1927,47,0.23087614566764164,3.567547584765027e-4,1.401966743318897,0,14.177152411218827,62.216653659155554,63.67848516196416,20,0.1,1.5
1927,46,0.23087614566764164,3.5675475847650723e-44,1.3991654719715085,0,14.145572150160179,76.36222580931573,77.82405731212434,20,0.1,1.5
1927,45,0.23087614566764164,3.567547584765117e-84,1.3963697978475915,0,14.11761540892101,90.47984121823674,91.94167272104535,20,0.1,1.5
1927,44,0.23087614566764164,3.567547584765162e-124,1.3935797097633273,0,14.089714528078368,104.5695557463151,106.03138724912372,20,0.1,1.5
1927,43,0.23087614566764164,3.5675475847652064e-164,1.3907951965572436,0,14.06186939601753,118.63142514233263,120.09325664514125,20,0.1,1.5
1927,42,0.23087614566764164,3.5675475847652515e-204,1.3880162470901698,0,14.034079901346791,132.66550504367942,134.12733654648804,20,0.1,1.5
1927,41,0.23087614566764164,3.5675475847652965e-244,1.385242850245193,0,14.006345932897023,146.67185097657645,148.13368247938507,20,0.1,1.5
1927,40,0.23087614566764164,3.567547584765341e-284,1.3824749949276125,0,13.97866737972122,160.65051835629768,162.1123498591063,20,0.1,1.5
1927,39,0.23087614566764164,5e-324,1.379712670064896,0,13.951044131094054,174.60156248739173,176.06339399020035,20,0.1,1.5
1927,38,0.23087614566764164,0,1.3769558646066355,0,13.923476076511449,188.52503856390317,189.9868700667118,20,0.1,1.5
1927,37,0.23087614566764164,0,1.3742045675245025,0,13.895963105690118,202.42100166959327,203.88283317240192,20,0.1,1.5
1927,36,0.23087614566764164,0,1.3714587678122043,0,13.868505108567136,216.2895067781604,217.75133828096907,20,0.1,1.5
1927,35,0.23087614566764164,0,1.3687184544854403,0,13.841101975299496,230.13060875345988,231.59244025626856,20,0.1,1.5
1927,34,0.23087614566764164,0,1.365983616581857,0,13.813753596263664,243.94436234972355,245.40619385253223,20,0.1,1.5
1927,33,0.23087614566764164,0,1.3632542431610053,0,13.786459862055146,257.73082221177873,259.1926537145874,20,0.1,1.5
1927,32,0.23087614566764164,0,1.360530323304296,0,13.759220663488055,271.4900428752668,272.95187437807544,20,0.1,1.5
1927,31,0.23087614566764164,0,1.3578118461149564,0,13.732035891594657,285.2220787668615,286.6839102696701,20,0.1,1.5
1927,30,0.23087614566764164,0,1.3550988007179865,0,13.704905437624959,298.9269842044865,300.38881570729507,20,0.1,1.5
1927,29,0.23087614566764164,0,1.3523911762601157,0,13.677829193046252,312.6048133975327,314.0666449003413,20,0.1,1.5
1927,28,0.23087614566764164,0,1.3496889619097596,0,13.65080704954269,326.25562044707544,327.717451949884,20,0.1,1.5
1927,27,0.23087614566764164,0,1.3469921468569763,0,13.623838899014856,339.8794593460903,341.34129084889884,20,0.1,1.5
1927,26,0.23087614566764164,0,1.344300720313423,0,13.596924633579324,353.47638397966966,354.93821548247814,20,0.1,1.5
1927,25,0.23087614566764164,0,1.3416146715123132,0,13.570064145568226,367.04644812523793,368.50827962804635,20,0.1,1.5
1927,24,0.23087614566764164,0,1.3389339897083736,0,13.54325732752883,380.5897054527668,382.05153695557516,20,0.1,1.5
1927,23,0.23087614566764164,0,1.3362586641778014,0,13.516504072223107,394.10620952498994,395.56804102779824,20,0.1,1.5
1927,22,0.23087614566764164,0,1.3335886842182203,0,13.489804272627296,407.5960137976173,409.0578453004255,20,0.1,1.5
1927,21,0.23087614566764164,0,1.330924039148639,0,13.463157821931484,421.0591716195488,422.521003122357,20,0.1,1.5
1927,20,0.23087614566764164,0,1.3282647183094076,0,13.43656461353917,434.495736233088,435.9575677358962,20,0.1,1.5
1927,19,0.23087614566764164,0,1.3256107110621753,0,13.410024541066846,447.9057607741549,449.367592276963,20,0.1,1.5
1927,18,0.23087614566764164,0,1.322962006789848,0,13.383537498343573,461.28929827249846,462.7511297753066,20,0.1,1.5
1927,17,0.23087614566764164,0,1.3203185948965455,0,13.357103379410548,474.646401651909,476.10823315471714,20,0.1,1.5
1927,16,0.23087614566764164,0,1.3176804648075593,0,13.330722078520687,487.9771237304297,489.43895523323783,20,0.1,1.5
1927,15,0.23087614566764164,0,1.31504760596931,0,13.304393490138192,501.28151722056793,502.743348723376,20,0.1,1.5
1927,14,0.23087614566764164,0,1.3124200078493056,0,13.27811750893815,514.559634729506,516.0214662323142,20,0.1,1.5
1927,13,0.23087614566764164,0,1.309797659936099,0,13.251894029806083,527.8115287593121,529.2733602621203,20,0.1,1.5
1927,12,0.23087614566764164,0,1.3071805517392459,0,13.225722947837552,541.0372517071496,542.4990832099578,20,0.1,1.5
1927,11,0.23087614566764164,0,1.3045686727892631,0,13.199604158337726,554.2368558654873,555.6986873682955,20,0.1,1.5
1927,10,0.23087614566764164,0,1.3019620126375868,0,13.173537556820962,567.4103934223083,568.8722249251165,20,0.1,1.5
1927,9,0.23087614566764164,0,1.2993605608565297,0,13.147523039010391,580.5579164613187,582.0197479641269,20,0.1,1.5
1927,8,0.23087614566764164,0,1.2967643070392407,0,13.121560500837502,593.6794769621562,595.1413084649644,20,0.1,1.5
1927,7,0.23087614566764164,0,1.2941732407996627,0,13.095649838441721,606.7751268005978,608.2369583034061,20,0.1,1.5
1927,6,0.23087614566764164,0,1.2915873517724905,0,13.069790948169999,619.8449177487678,621.3067492515761,20,0.1,1.5
1927,5,0.23087614566764164,0,1.2890066296131302,0,13.043983726576396,632.8889014753441,634.3507329781525,20,0.1,1.5
1927,4,0.23087614566764164,0,1.286431063997657,0,13.018228070421664,645.9071295457658,647.3689610485741,20,0.1,1.5
1927,3,0.23087614566764164,0,1.2838606446227752,0,12.992523876672845,658.8996534224386,660.3614849252469,20,0.1,1.5
1927,2,0.011543807283382081,0,5.45530105498879e-4,0,0.01315117257724351,658.9128045950159,660.3746360978242,1,0.1,1.5
1927,1,150,0,1.2961807434885693,0,112.96180743488569,771.8746120299016,773.33644353271,99999,0.1,1.5
1928,53,0.011543807283382081,0.04514479641026532,0.04514479641026532,0,0.9105917997275611,0,0,1,0.1,1.5
1928,52,0.23087614566764164,0.00045600804454813476,0.9019484876363836,0.044025196867607384,9.806893771077373,9.17796238725441,9.806893771077373,20,0.1,1.5
1928,51,0.23087614566764164,0.01098413420698526,0.9111304375424384,0.03178123012199881,9.829080721110742,18.553025535193743,19.635974492188115,20,0.1,1.5
1928,50,0.23087614566764164,0.009388310038367095,1.127077242513445,0.021864967068004358,11.830929628363277,30.07159849115696,31.46690412055139,20,0.1,1.5
1928,49,0.23087614566764164,0.00506108139234845,1.3058862593447689,0.004656811138990871,13.329916711230423,43.33498932897322,44.796820831781815,20,0.1,1.5
1928,48,0.23087614566764164,4.0336267244205965e-4,1.3979158734697323,0,14.137109791866838,57.472099120840056,58.93393062364865,20,0.1,1.5
1928,47,0.23087614566764164,3.567547584765029e-6,1.401826546644565,0,14.17221857236659,71.644317693206645,73.10614919601524,20,0.1,1.5
1928,46,0.23087614566764164,3.567547584765074e-46,1.3990255554243114,0,14.144172984688208,85.78849067789486,87.25032218070345,20,0.1,1.5
1928,45,0.23087614566764164,3.567547584765119e-86,1.3962301608678067,0,14.11621903912316,99.90470971701801,101.36654121982662,20,0.1,1.5
1928,44,0.23087614566764164,3.567547584765164e-126,1.393440351792351,0,14.088320948368604,113.99303066538661,115.45486216819522,20,0.1,1.5
1928,43,0.23087614566764164,3.567547584765208e-166,1.390656117037588,0,14.060478600820973,128.05350926620758,129.5153407690162,20,0.1,1.5
1928,42,0.23087614566764164,3.5675475847652536e-206,1.3878774454654608,0,14.032691885099702,142.08620115130728,143.5480326541159,20,0.1,1.5
1928,41,0.23087614566764164,3.5675475847652986e-246,1.3851043259601685,0,14.00496069004678,156.09116184135405,157.55299334416267,20,0.1,1.5
1928,40,0.23087614566764164,3.567547584765343e-286,1.3823367474281198,0,13.977284904726293,170.06844674608035,171.53027824888898,20,0.1,1.5
1928,39,0.23087614566764164,0,1.3795746987978896,0,13.94966441842399,184.01811116450435,185.47994266731297,20,0.1,1.5
1928,38,0.23087614566764164,0,1.3768181690201748,0,13.922099120646843,197.94021028515118,199.4020417879598,20,0.1,1.5
1928,37,0.23087614566764164,0,1.3740671470677501,0,13.894588901122596,211.83479918627378,213.2966306890824,20,0.1,1.5
1928,36,0.23087614566764164,0,1.3713216219354232,0,13.867133649799326,225.7019328360731,227.16376433888172,20,0.1,1.5
1928,35,0.23087614566764164,0,1.3685815826399916,0,13.83973325684501,239.5416660929181,241.00349759572674,20,0.1,1.5
1928,34,0.23087614566764164,0,1.365847018220199,0,13.812387612647083,253.35405370556518,254.81588520837383,20,0.1,1.5
1928,33,0.23087614566764164,0,1.3631179177366892,0,13.785096607811987,267.1391503133772,268.6009818161858,20,0.1,1.5
1928,32,0.23087614566764164,0,1.3603942702719656,0,13.75786013316475,280.89701044654197,282.35884194935056,20,0.1,1.5
1928,31,0.23087614566764164,0,1.357676064930345,0,13.730678079748543,294.6276885262905,296.0895200290991,20,0.1,1.5
1928,30,0.23087614566764164,0,1.3549632908379148,0,13.703550338824241,308.33123886511476,309.79307036792335,20,0.1,1.5
1928,29,0.23087614566764164,0,1.3522559371424898,0,13.676476801869992,322.0077156669848,323.4695471697933,20,0.1,1.5
1928,28,0.23087614566764164,0,1.3495539930135687,0,13.649457360580781,335.6571730275656,337.11900453037407,20,0.1,1.5
1928,27,0.23087614566764164,0,1.3468574476422905,0,13.622491906868,349.27966493443364,350.74149643724206,20,0.1,1.5
1928,26,0.23087614566764164,0,1.3441662902413916,0,13.59558033285901,362.87524526729266,364.3370767701011,20,0.1,1.5
1928,25,0.23087614566764164,0,1.3414805100451619,0,13.568722530896713,376.4439677981894,377.9057993009978,20,0.1,1.5
1928,24,0.23087614566764164,0,1.3388000963094029,0,13.541918393539122,389.9858861917286,391.4477176945369,20,0.1,1.5
1928,23,0.23087614566764164,0,1.3361250383113836,0,13.51516781355893,403.50105400528753,404.96288550809584,20,0.1,1.5
1928,22,0.23087614566764164,0,1.3334553253497985,0,13.48847068394308,416.9895246892306,418.45135619203893,20,0.1,1.5
1928,21,0.23087614566764164,0,1.330790946744724,0,13.461826897892335,430.451351587123,431.91318308993124,20,0.1,1.5
1928,20,0.23087614566764164,0,1.3281318918375766,0,13.43523634882086,443.88658793594385,445.3484194387521,20,0.1,1.5
1928,19,0.23087614566764164,0,1.325478149991069,0,13.408698930355785,457.29528686629965,458.7571183691079,20,0.1,1.5
1928,18,0.23087614566764164,0,1.322829710589169,0,13.382214536336784,470.67750140263644,472.1393329054447,20,0.1,1.5
1928,17,0.23087614566764164,0,1.3201865630370557,0,13.355783060815652,484.0332844634521,485.49511596626036,20,0.1,1.5
1928,16,0.23087614566764164,0,1.3175486967610786,0,13.32940439805588,497.362688861508,498.82452036431624,20,0.1,1.5
1928,15,0.23087614566764164,0,1.314916101208713,0,13.303078442532223,510.66576730404023,512.1275988068485,20,0.1,1.5
1928,14,0.23087614566764164,0,1.3122887658485207,0,13.2768050889303,523.9425723929705,525.4044038957787,20,0.1,1.5
1928,13,0.23087614566764164,0,1.3096666801701053,0,13.250584232146148,537.1931566251167,538.6549881279249,20,0.1,1.5
1928,12,0.23087614566764164,0,1.307049833684072,0,13.224415767285812,550.4175723924025,551.8794038952107,20,0.1,1.5
1928,11,0.23087614566764164,0,1.3044382159219843,0,13.198299589664936,563.6158719820673,565.0777034848755,20,0.1,1.5
1928,10,0.23087614566764164,0,1.3018318164363232,0,13.172235594808326,576.7881075768756,578.2499390796838,20,0.1,1.5
1928,9,0.23087614566764164,0,1.2992306248004442,0,13.146223678449536,589.9343312553251,591.3961627581334,20,0.1,1.5
1928,8,0.23087614566764164,0,1.2966346306085368,0,13.120263736530461,603.0545949918555,604.5164264946638,20,0.1,1.5
1928,7,0.23087614566764164,0,1.2940438234755827,0,13.09435566520092,616.1489506570564,617.6107821598648,20,0.1,1.5
1928,6,0.23087614566764164,0,1.2914581930373132,0,13.068499360818226,629.2174500178746,630.679281520683,20,0.1,1.5
1928,5,0.23087614566764164,0,1.288877728950169,0,13.042694719946784,642.2601447378214,643.7219762406298,20,0.1,1.5
1928,4,0.23087614566764164,0,1.2863024208912572,0,13.016941639357666,655.277086377179,656.7389178799875,20,0.1,1.5
1928,3,0.23087614566764164,0,1.2837322585583129,0,12.991240016028222,668.2683263932072,669.7301578960157,20,0.1,1.5
1928,2,0.011543807283382081,0,5.454755524883291e-4,0,0.013150627047138012,668.2814770202543,669.7433085230629,1,0.1,1.5
1928,1,150,0,1.2960511254142204,0,112.9605112541422,781.2419882743965,782.7038197772051,99999,0.1,1.5
1929,54,0.013713438286392123,0.04514479641026532,0.04514479641026532,0,0.9120382203962345,0,0,1,0.1,1.5
1929,53,0.011543807283382081,4.5144796410265345e-4,0.0451402819306243,0.0025238828910368236,0.4996686403414788,0.46361317046952416,0.4996686403414788,1,0.1,1.5
1929,52,0.23087614566764164,0.011010859297347327,0.9128645920045219,0.04391515402502259,10.020031286678394,9.856285113933309,10.519699927019873,20,0.1,1.5
1929,51,0.23087614566764164,0.008055148872569555,0.9189846320291839,0.030769351022506525,9.863877396927005,19.280600353395936,20.38357732394688,20,0.1,1.5
1929,50,0.23087614566764164,0.005560124867384761,1.1324307765561947,0.020594802423039585,11.828037907867166,30.814426798076823,32.21161523181405,20,0.1,1.5
1929,49,0.23087614566764164,0.0012148135986712024,1.3069198735035823,0.003854011132013474,13.290321603353535,44.04969109954445,45.501936835167584,20,0.1,1.5
1929,48,0.23087614566764164,4.033626724420599e-6,1.3977760818823854,0,14.131718585536193,58.18140968508064,59.633655420703775,20,0.1,1.5
1929,47,0.23087614566764164,3.567547584765031e-8,1.4016863639899004,0,14.170781427098857,72.3521911121795,73.80443684780263,20,0.1,1.5
1929,46,0.23087614566764164,3.567547584765076e-48,1.398885652868769,0,14.142773959132784,86.49496507131228,87.94721080693542,20,0.1,1.5
1929,45,0.23087614566764164,3.567547584765121e-88,1.3960905378517199,0,14.114822808962293,100.60978788027457,102.0620336158977,20,0.1,1.5
1929,44,0.23087614566764164,3.567547584765166e-128,1.393301007757172,0,14.086927508016814,114.69671538829138,116.14896112391452,20,0.1,1.5
1929,43,0.23087614566764164,3.56754758476521e-168,1.3905170514258842,0,14.059087944703936,128.75580333299533,130.20804906861846,20,0.1,1.5
1929,42,0.23087614566764164,3.5675475847652557e-208,1.3877386577209143,0,14.031304007654237,142.78710734064956,144.2393530762727,20,0.1,1.5
1929,41,0.23087614566764164,3.5675475847653004e-248,1.3849658155275726,0,14.003575585720819,156.79068292637038,158.24292866199352,20,0.1,1.5
1929,40,0.23087614566764164,3.567547584765345e-288,1.382198513753377,0,13.975902567978864,170.76658549434924,172.21883122997238,20,0.1,1.5
1929,39,0.23087614566764164,0,1.3794367413280098,0,13.948284843725192,184.71487033807443,186.16711607369757,20,0.1,1.5
1929,38,0.23087614566764164,0,1.3766804872032727,0,13.920722302477822,198.63559264055226,200.0878383761754,20,0.1,1.5
1929,37,0.23087614566764164,0,1.3739297403530433,0,13.893214833975527,212.52880747452778,213.98105321015092,20,0.1,1.5
1929,36,0.23087614566764164,0,1.3711844897732297,0,13.865762328177391,226.39456980270518,227.84681553832831,20,0.1,1.5
1929,35,0.23087614566764164,0,1.3684447244817277,0,13.83836467526237,240.23293447796755,241.68518021359068,20,0.1,1.5
1929,34,0.23087614566764164,0,1.365710433518377,0,13.811021765628864,254.0439562435964,255.49620197921953,20,0.1,1.5
1929,33,0.23087614566764164,0,1.3629816059449156,0,13.78373348989425,267.8276897334907,269.2799354691138,20,0.1,1.5
1929,32,0.23087614566764164,0,1.3602582308449385,0,13.756499738894478,281.58418947238516,283.0364352080083,20,0.1,1.5
1929,31,0.23087614566764164,0,1.357540297323852,0,13.729320403683614,295.3135098760688,296.76575561169193,20,0.1,1.5
1929,30,0.23087614566764164,0,1.354827794508831,0,13.702195375533403,309.01570525160224,310.4679509872253,20,0.1,1.5
1929,29,0.23087614566764164,0,1.3521207115487757,0,13.675124545932851,322.6908297975351,324.1430755331582,20,0.1,1.5
1929,28,0.23087614566764164,0,1.3494190376142674,0,13.648107806587769,336.3389376041229,337.79118333974594,20,0.1,1.5
1929,27,0.23087614566764164,0,1.3467227618975264,0,13.621145049420358,349.9600826535433,351.4123283891663,20,0.1,1.5
1929,26,0.23087614566764164,0,1.3440318736123675,0,13.59423616656877,363.5543188201121,365.00656455573505,20,0.1,1.5
1929,25,0.23087614566764164,0,1.3413463619941575,0,13.567381050386668,377.1216998704988,378.5739456061217,20,0.1,1.5
1929,24,0.23087614566764164,0,1.338666216299772,0,13.540579593442814,390.6622794639416,392.1145251995645,20,0.1,1.5
1929,23,0.23087614566764164,0,1.3359914258075525,0,13.513831688520618,404.1761111524623,405.62835688808514,20,0.1,1.5
1929,22,0.23087614566764164,0,1.3333219798172635,0,13.48713722861773,417.66324838108005,419.11549411670285,20,0.1,1.5
1929,21,0.23087614566764164,0,1.3306578676500496,0,13.46049610694559,431.1237444880257,432.57599022364843,20,0.1,1.5
1929,20,0.23087614566764164,0,1.3279990786483928,0,13.433908216929023,444.55765270495476,446.00989844057744,20,0.1,1.5
1929,19,0.23087614566764164,0,1.32534560217607,0,13.407373452205793,457.9650261571606,459.4172718927832,20,0.1,1.5
1929,18,0.23087614566764164,0,1.3226974276181103,0,13.380891706626196,471.34591786378684,472.7981635994094,20,0.1,1.5
1929,17,0.23087614566764164,0,1.320054544380752,0,13.354462874252615,484.7003807380395,486.152626473662,20,0.1,1.5
1929,16,0.23087614566764164,0,1.3174169418914023,0,13.328086849359117,498.0284675873986,499.4807133230211,20,0.1,1.5
1929,15,0.23087614566764164,0,1.314784609598592,0,13.301763526431014,511.33023111382965,512.7824768494521,20,0.1,1.5
1929,14,0.23087614566764164,0,1.3121575369719358,0,13.275492800164452,524.6057239139941,526.0579696496166,20,0.1,1.5
1929,13,0.23087614566764164,0,1.3095357135020884,0,13.249274565465978,537.85499847946,539.3072442150825,20,0.1,1.5
1929,12,0.23087614566764164,0,1.3069191287007036,0,13.22310871745213,551.0781071969121,552.5303529325346,20,0.1,1.5
1929,11,0.23087614566764164,0,1.3043077721003922,0,13.196995151449016,564.2751023483611,565.7273480839835,20,0.1,1.5
1929,10,0.23087614566764164,0,1.3017016332546796,0,13.17093376299189,577.4460361113529,578.8982818469755,20,0.1,1.5
1929,9,0.23087614566764164,0,1.299100701737964,0,13.144924447824735,590.5909605591776,592.0432062948003,20,0.1,1.5
1929,8,0.23087614566764164,0,1.296504967145476,0,13.118967101899853,603.7099276610774,605.1621733967002,20,0.1,1.5
1929,7,0.23087614566764164,0,1.293914419093235,0,13.093061621377444,616.8029892824547,618.2552350180777,20,0.1,1.5
1929,6,0.23087614566764164,0,1.2913290472180095,0,13.067207902625189,629.8701971850799,631.3224429207029,20,0.1,1.5
1929,5,0.23087614566764164,0,1.2887488411772738,0,13.041405842217833,642.9116030272977,644.3638487629207,20,0.1,1.5
1929,4,0.23087614566764164,0,1.2861737906491681,0,13.015655336936776,655.9272583642345,657.3795040998575,20,0.1,1.5
1929,3,0.23087614566764164,0,1.283603885332457,0,12.989956283769663,668.9172146480041,670.3694603836271,20,0.1,1.5
1929,2,0.011543807283382081,0,5.454210049330802e-4,0,0.013150081571585523,668.9303647295758,670.3826104651987,1,0.1,1.5
1929,1,150,0,1.295921520301679,0,112.95921520301678,781.8895799325926,783.3418256682155,99999,0.1,1.5
1930,55,0.013951118016842803,0.04484876536483192,0.04484876536483192,0,0.9062760526412001,0,0,1,0.1,1.5
1930,54,0.013713438286392123,4.5144796410265345e-4,0.0451402819306243,0.002529733772069492,0.5011986450249045,0.46505959113819756,0.5011986450249045,1,0.1,1.5
1930,53,0.011543807283382081,6.354852024002324e-4,0.04576673862519044,0.0025308876003408086,0.5078736469458872,0.936777700936359,1.0090722919707917,1,0.1,1.5
1930,52,0.23087614566764164,0.011088897099229122,0.9237520940515771,0.04362260833965491,10.125507461091084,10.439105042889516,11.134579753061876,20,0.1,1.5
1930,51,0.23087614566764164,0.007772889244352326,0.9265850713216076,0.03013130126976443,9.927944197101327,19.93660207899421,21.062523950163204,20,0.1,1.5
1930,50,0.23087614566764164,0.005204301854433744,1.1374662340842991,0.019589414909945514,11.860471574260215,31.51722486882663,32.92299552442342,20,0.1,1.5
1930,49,0.23087614566764164,9.756509189900805e-4,1.3077526842992353,0.003179825518709871,13.28662686146606,44.758425651453976,46.20962238588948,20,0.1,1.5
1930,48,0.23087614566764164,4.033626724420601e-8,1.3976363042741973,0,14.130280876549739,58.88870652800371,60.33990326243922,20,0.1,1.5
1930,47,0.23087614566764164,3.567547584765033e-10,1.4015461953535016,0,14.169379387547657,73.05808591555136,74.50928264998689,20,0.1,1.5
1930,46,0.23087614566764164,3.5675475847650776e-50,1.3987457643034822,0,14.141375073479916,87.19946098903127,88.65065772346681,20,0.1,1.5
1930,45,0.23087614566764164,3.5675475847651226e-90,1.3959509287979348,0,14.113426718424442,101.3128877074557,102.76408444189124,20,0.1,1.5
1930,44,0.23087614566764164,3.567547584765168e-130,1.3931616776563962,0,14.085534207009056,115.39842191446475,116.8496186489003,20,0.1,1.5
1930,43,0.23087614566764164,3.567547584765212e-170,1.3903779997207417,0,14.057697427652512,129.45611934211726,130.9073160765528,20,0.1,1.5
1930,42,0.23087614566764164,3.567547584765258e-210,1.3875998838551422,0,14.029916268996516,143.48603561111378,144.93723234554932,20,0.1,1.5
1930,41,0.23087614566764164,3.5675475847653025e-250,1.3848273189460198,0,14.002190619905292,157.48822623101907,158.9394229654546,20,0.1,1.5
1930,40,0.23087614566764164,3.567547584765347e-290,1.3820602939020017,0,13.974520369465111,171.46274660048417,172.91394333491974,20,0.1,1.5
1930,39,0.23087614566764164,0,1.3792987976538769,0,13.946905406983863,185.40965200746803,186.8608487419036,20,0.1,1.5
1930,38,0.23087614566764164,0,1.3765428191545523,0,13.919345621990617,199.32899762945863,200.78019436389422,20,0.1,1.5
1930,37,0.23087614566764164,0,1.373792347379008,0,13.891840904235172,213.2208385336938,214.6720352681294,20,0.1,1.5
1930,36,0.23087614566764164,0,1.3710473713242524,0,13.864391143687618,227.08522967738142,228.53642641181702,20,0.1,1.5
1930,35,0.23087614566764164,0,1.3683078800092796,0,13.83699623053789,240.9222259079193,242.3734226423549,20,0.1,1.5
1930,34,0.23087614566764164,0,1.365573862475025,0,13.809656055195346,254.73188196311466,256.18307869755023,20,0.1,1.5
1930,33,0.23087614566764164,0,1.362845307784321,0,13.782370508288304,268.514252471403,269.9654492058385,20,0.1,1.5
1930,32,0.23087614566764164,0,1.360122205021854,0,13.755139480663633,282.26939195206666,283.72058868650214,20,0.1,1.5
1930,31,0.23087614566764164,0,1.3574045432941195,0,13.727962863386288,295.997354815453,297.4485515498884,20,0.1,1.5
1930,30,0.23087614566764164,0,1.35469231172938,0,13.700840547738895,309.6981953631919,311.1493920976273,20,0.1,1.5
1930,29,0.23087614566764164,0,1.3519854994776208,0,13.673772425221301,323.37196778841326,324.82316452284863,20,0.1,1.5
1930,28,0.23087614566764164,0,1.349284095710506,0,13.646758387550152,337.0187261759634,338.4699229103988,20,0.1,1.5
1930,27,0.23087614566764164,0,1.3465880896213367,0,13.619798326658461,350.6385245026219,352.08972123705723,20,0.1,1.5
1930,26,0.23087614566764164,0,1.3438974704250064,0,13.592892134695157,364.2314166373171,365.6826133717524,20,0.1,1.5
1930,25,0.23087614566764164,0,1.341212227357958,0,13.566039704024675,377.79745634134184,379.24865307577704,20,0.1,1.5
1930,24,0.23087614566764164,0,1.338532349678142,0,13.539240927226514,391.3366972685684,392.78789400300354,20,0.1,1.5
1930,23,0.23087614566764164,0,1.3358578266649717,0,13.51249569709481,404.84919296566324,406.3003897000984,20,0.1,1.5
1930,22,0.23087614566764164,0,1.3331886476192818,0,13.485803906637912,418.3349968723012,419.7861936067363,20,0.1,1.5
1930,21,0.23087614566764164,0,1.3305248018632845,0,13.459165449077938,431.79416232137913,433.2453590558142,20,0.1,1.5
1930,20,0.23087614566764164,0,1.327866278740528,0,13.432580217850374,445.2267425392295,446.6779392736646,20,0.1,1.5
1930,19,0.23087614566764164,0,1.3252130676158522,0,13.406048106603617,458.63279064583315,460.08398738026824,20,0.1,1.5
1930,18,0.23087614566764164,0,1.3225651578753486,0,13.37956900919858,472.01235965503173,473.4635563894668,20,0.1,1.5
1930,17,0.23087614566764164,0,1.319922538926314,0,13.353142819708234,485.36550247473997,486.81669920917506,20,0.1,1.5
1930,16,0.23087614566764164,0,1.3172852001972133,0,13.326769432417226,498.69227190715725,500.1434686415923,20,0.1,1.5
1930,15,0.23087614566764164,0,1.3146531311376322,0,13.300448741821416,511.9927206489787,513.4439173834137,20,0.1,1.5
1930,14,0.23087614566764164,0,1.3120263212182386,0,13.27418064262748,525.2669012916061,526.7180980260412,20,0.1,1.5
1930,13,0.23087614566764164,0,1.3094047599307381,0,13.247965029752475,538.5148663213586,539.9660630557936,20,0.1,1.5
1930,12,0.23087614566764164,0,1.3067884367878335,0,13.22180179832343,551.736668119682,553.187864854117,20,0.1,1.5
1930,11,0.23087614566764164,0,1.304177341323182,0,13.195690843676914,564.9323589633589,566.383555697794,20,0.1,1.5
1930,10,0.23087614566764164,0,1.3015714630913542,0,13.169632061358636,578.1019910247174,579.5531877591526,20,0.1,1.5
1930,9,0.23087614566764164,0,1.2989707916677904,0,13.143625347122997,591.2456163718405,592.6968131062756,20,0.1,1.5
1930,8,0.23087614566764164,0,1.2963753166487615,0,13.117670596932708,604.3632869687732,605.8144837032083,20,0.1,1.5
1930,7,0.23087614566764164,0,1.2937850276513256,0,13.09176770695835,617.4550546757315,618.9062514101666,20,0.1,1.5
1930,6,0.23087614566764164,0,1.2911999143132877,0,13.06591657357797,630.5209712493095,631.9721679837446,20,0.1,1.5
1930,5,0.23087614566764164,0,1.2886199662931561,0,13.040117093376654,643.561088342686,645.0122850771213,20,0.1,1.5
1930,4,0.23087614566764164,0,1.2860451732701033,0,13.014369163146126,656.5754575058321,658.0266542402675,20,0.1,1.5
1930,3,0.23087614566764164,0,1.2834755249439238,0,12.988672679884331,669.5641301857164,671.0153269201518,20,0.1,1.5
1930,2,0.011543807283382081,0,5.45366462832587e-4,0,0.01314953615058059,669.5772797218671,671.0284764563023,1,0.1,1.5
1930,1,150,0,1.2957919281496488,0,112.95791928149649,782.5351990033636,783.9863957377988,99999,0.1,1.5
1931,56,0.014128158199904888,0.044816369739919856,0.044816369739919856,0,0.905746166931667,0,0,1,0.1,1.5
1931,55,0.013951118016842803,4.4848765364831946e-4,0.04484428048829544,0.0025129792959481525,0.4981281309918302,0.46222842676399944,0.4981281309918302,1,0.1,1.5
1931,54,0.013713438286392123,6.369479226583995e-4,0.04576820134544861,0.0025374926170603418,0.5094436794014316,0.9354222116359976,1.0075718103932618,1,0.1,1.5
1931,53,0.011543807283382081,6.390767521092045e-4,0.046394883851413125,0.002527503049617414,0.514142663980584,1.4134576891934758,1.5217144743738458,1,0.1,1.5
1931,52,0.23087614566764164,0.011016541055906019,0.9345653709270856,0.043310111065903587,10.228452422645061,11.023194239468484,11.750166897018907,20,0.1,1.5
1931,51,0.23087614566764164,0.007610554209884631,0.9340252381319166,0.029487030058052123,9.991518640406708,20.59346959333159,21.741685537425617,20,0.1,1.5
1931,50,0.23087614566764164,0.004949396746030716,1.142249841188377,0.018581596252123293,11.891361184819505,32.21937940312076,33.633046722245126,20,0.1,1.5
1931,49,0.23087614566764164,8.047128888673686e-4,1.3084168654104829,0.002572372236511432,13.282881388245901,45.46551261655935,46.91592811049102,20,0.1,1.5
1931,48,0.23087614566764164,4.0336267244206035e-10,1.3974965406437698,0,14.128882840916418,59.59439545747577,61.04481095140744,20,0.1,1.5
1931,47,0.23087614566764164,3.5675475847650346e-12,1.4014060407339661,0,14.16797783782043,73.7623732952962,75.21278878922787,20,0.1,1.5
1931,46,0.23087614566764164,3.5675475847650795e-52,1.398605889727052,0,14.139976327715614,87.90234962301182,89.35276511694349,20,0.1,1.5
1931,45,0.23087614566764164,3.567547584765125e-92,1.395811333705055,0,14.112030767495645,102.01438039050745,103.46479588443913,20,0.1,1.5
1931,44,0.23087614566764164,3.56754758476517e-132,1.3930223614886306,0,14.0841410453314,116.09852143583885,117.54893692977052,20,0.1,1.5
1931,43,0.23087614566764164,3.567547584765214e-172,1.3902389619207696,0,14.056307049652789,130.15482848549163,131.6052439794233,20,0.1,1.5
1931,42,0.23087614566764164,3.56754758476526e-212,1.3874611238667567,0,14.02852866911266,144.1833571546043,145.63377264853597,20,0.1,1.5
1931,41,0.23087614566764164,3.5675475847653046e-252,1.3846888362141252,0,14.000805792586346,158.18416294719063,159.6345784411223,20,0.1,1.5
1931,40,0.23087614566764164,3.567547584765349e-292,1.3819220878726115,0,13.973138309171208,172.15730125636182,173.60771675029352,20,0.1,1.5
1931,39,0.23087614566764164,0,1.3791608677741114,0,13.945526108186208,186.10282736454803,187.55324285847973,20,0.1,1.5
1931,38,0.23087614566764164,0,1.376405164872637,0,13.917969079171463,200.0207964437195,201.4712119376512,20,0.1,1.5
1931,37,0.23087614566764164,0,1.37365496814427,0,13.890467111887794,213.9112635556073,215.361679049539,20,0.1,1.5
1931,36,0.23087614566764164,0,1.37091026658712,0,13.863020096316294,227.77428365192358,229.22469914585528,20,0.1,1.5
1931,35,0.23087614566764164,0,1.3681710492212786,0,13.83562792265788,241.60991157458145,243.06032706851317,20,0.1,1.5
1931,34,0.23087614566764164,0,1.3654373050887776,0,13.80829048133287,255.41820205591432,256.868617549846,20,0.1,1.5
1931,33,0.23087614566764164,0,1.3627090232535426,0,13.78100766298052,269.19920971889485,270.64962521282655,20,0.1,1.5
1931,32,0.23087614566764164,0,1.359986192801352,0,13.753779358458614,282.9529890773535,284.40340457128514,20,0.1,1.5
1931,31,0.23087614566764164,0,1.3572688028397901,0,13.726605458842995,296.67959453619653,298.1300100301281,20,0.1,1.5
1931,30,0.23087614566764164,0,1.354556842498207,0,13.699485855427165,310.37908039162375,311.8294958855553,20,0.1,1.5
1931,29,0.23087614566764164,0,1.351850300927673,0,13.672420439721824,324.0515008313456,325.5019163252771,20,0.1,1.5
1931,28,0.23087614566764164,0,1.3491491673009348,0,13.645409103454442,337.6969099348001,339.1473254287315,20,0.1,1.5
1931,27,0.23087614566764164,0,1.3464534308123746,0,13.61845173856884,351.31536167336895,352.76577716730037,20,0.1,1.5
1931,26,0.23087614566764164,0,1.343763080677964,0,13.591548237224734,364.9069099105937,366.3573254045251,20,0.1,1.5
1931,25,0.23087614566764164,0,1.3410781061352224,0,13.564698491797317,378.47160840239104,379.92202389632246,20,0.1,1.5
1931,24,0.23087614566764164,0,1.3383984964431743,0,13.537902394876838,392.0095107972679,393.4599262911993,20,0.1,1.5
1931,23,0.23087614566764164,0,1.3357242408823051,0,13.511159839268146,405.52067063653607,406.9710861304674,20,0.1,1.5
1931,22,0.23087614566764164,0,1.33305532875452,0,13.484470717990293,419.00514135452636,420.4555568484577,20,0.1,1.5
1931,21,0.23087614566764164,0,1.3303917493830981,0,13.457834924276074,432.46297627880244,433.9133917727338,20,0.1,1.5
1931,20,0.23087614566764164,0,1.327733492112654,0,13.431252351571635,445.89422863037413,447.34464412430543,20,0.1,1.5
1931,19,0.23087614566764164,0,1.3250805463090907,0,13.404722893536,459.29895152391015,460.74936701784145,20,0.1,1.5
1931,18,0.23087614566764164,0,1.322432901359561,0,13.378246444040704,472.67719796795086,474.12761346188216,20,0.1,1.5
1931,17,0.23087614566764164,0,1.3197905466724213,0,13.351822897169308,486.0290208651202,487.4794363590515,20,0.1,1.5
1931,16,0.23087614566764164,0,1.3171534716771935,0,13.32545214721703,499.3544730123372,500.8048885062685,20,0.1,1.5
1931,15,0.23087614566764164,0,1.3145216658245185,0,13.299134088690279,512.6536071010274,514.1040225949588,20,0.1,1.5
1931,14,0.23087614566764164,0,1.3118951185861167,0,13.272868616306262,525.9264757173337,527.376891211265,20,0.1,1.5
1931,13,0.23087614566764164,0,1.309273819454745,0,13.246655624992545,539.1731313423262,540.6235468362576,20,0.1,1.5
1931,12,0.23087614566764164,0,1.3066577579441547,0,13.22049500988664,552.3936263522128,553.8440418461443,20,0.1,1.5
1931,11,0.23087614566764164,0,1.3040469235890497,0,13.19438666633559,565.5880130185483,567.0384285124799,20,0.1,1.5
1931,10,0.23087614566764164,0,1.3014413059450451,0,13.168330489895546,578.7563435084438,580.2067590023754,20,0.1,1.5
1931,9,0.23087614566764164,0,1.2988408945886236,0,13.14232637633133,591.8986698847751,593.3490853787067,20,0.1,1.5
1931,8,0.23087614566764164,0,1.2962456791170966,0,13.116374221616061,605.0150441063912,606.4654596003228,20,0.1,1.5
1931,7,0.23087614566764164,0,1.2936556491485605,0,13.090473921930698,618.1055180283219,619.5559335222534,20,0.1,1.5
1931,6,0.23087614566764164,0,1.2910707943218565,0,13.064625373663658,631.1701434019855,632.620558895917,20,0.1,1.5
1931,5,0.23087614566764164,0,1.2884911042965268,0,13.038828473410362,644.2089718753958,645.6593873693274,20,0.1,1.5
1931,4,0.23087614566764164,0,1.2859165687527763,0,13.013083117972856,657.2220549933686,658.6724704873003,20,0.1,1.5
1931,3,0.23087614566764164,0,1.2833471773914293,0,12.987389204359387,670.209444197728,671.6598596916597,20,0.1,1.5
1931,2,0.011543807283382081,0,5.453119261863037e-4,0,0.013148990784117758,670.2225931885122,671.6730086824438,1,0.1,1.5
1931,1,150,0,1.295662348956834,0,112.95662348956834,783.1792166780805,784.6296321720121,99999,0.1,1.5
1932,57,0.014267588057521598,0.044792243194948386,0.044792243194948386,0,0.9053565892706488,0,0,1,0.1,1.5
1932,56,0.014128158199904888,4.481636973991988e-4,0.04481188810294587,0.0025107023993994016,0.4978864672709977,0.46201929013672055,0.4978864672709977,1,0.1,1.5
1932,55,0.013951118016842803,6.327297005235213e-4,0.045468040884233646,0.002520993054983574,0.5063226376918988,0.932327741328854,1.0042091049628965,1,0.1,1.5
1932,54,0.013713438286392123,6.407426334916694e-4,0.04639799767957915,0.0025344273571505766,0.5157358004237874,1.4118574366504903,1.519944905386684,1,0.1,1.5
1932,53,0.011543807283382081,6.382665299254455e-4,0.04702212012543234,0.00252286105283245,0.5203406102591532,1.8961571747263228,2.040285515645837,1,0.1,1.5
1932,52,0.23087614566764164,0.010937693177034956,0.9452994421564688,0.042976273585384285,10.330235549285621,11.612445958506454,12.37052106493146,20,0.1,1.5
1932,51,0.23087614566764164,0.007447863056611877,0.9413035931226165,0.028826069285897305,10.05323298203591,21.25387795074383,22.423754046967368,20,0.1,1.5
1932,50,0.23087614566764164,0.004694893030491131,1.146781015267289,0.017565127925731776,11.919606912361921,32.92255446416672,34.34336095932929,20,0.1,1.5
1932,49,0.23087614566764164,6.511401880165316e-4,1.3089291167830697,0.0020295659787622905,13.278713799852559,46.172274464322676,47.62207475918185,20,0.1,1.5
1932,48,0.23087614566764164,4.033626724420605e-12,1.3973567909897056,0,14.127485340382487,60.29975980470516,61.749560099564334,20,0.1,1.5
1932,47,0.23087614566764164,3.5675475847650366e-14,1.4012659001298928,0,14.16657643174438,74.46633623644954,75.91613653130871,20,0.1,1.5
1932,46,0.23087614566764164,3.5675475847650814e-54,1.3984660291380793,0,14.138577721825886,88.60491395827542,90.05471425313459,20,0.1,1.5
1932,45,0.23087614566764164,3.5675475847651266e-94,1.3956717525716846,0,14.11063495616194,102.71554891443735,104.16534920929654,20,0.1,1.5
1932,44,0.23087614566764164,3.567547584765172e-134,1.3928830592524817,0,14.082748022969911,116.79829693740726,118.24809723226645,20,0.1,1.5
1932,43,0.23087614566764164,3.567547584765216e-174,1.3900999380245775,0,14.05491681069087,130.8532137480981,132.30301404295733,20,0.1,1.5
1932,42,0.23087614566764164,3.567547584765262e-214,1.38732237775437,0,14.027141207988793,144.8803549560869,146.33015525094612,20,0.1,1.5
1932,41,0.23087614566764164,3.567547584765306e-254,1.3845503673305037,0,13.999421103750132,158.87977605983704,160.32957635469626,20,0.1,1.5
1932,40,0.23087614566764164,3.567547584765351e-294,1.3817838956638242,0,13.971756387083335,172.85153244692037,174.3013327417796,20,0.1,1.5
1932,39,0.23087614566764164,0,1.379022951687334,0,13.944146947318433,186.79567939423882,188.24547968909803,20,0.1,1.5
1932,38,0.23087614566764164,0,1.3762675243561497,0,13.91659267400659,200.7122720682454,202.1620723631046,20,0.1,1.5
1932,37,0.23087614566764164,0,1.3735176026474556,0,13.88909345691965,214.60136552516505,216.05116582002427,20,0.1,1.5
1932,36,0.23087614566764164,0,1.3707731755604613,0,13.861649186049707,228.46301471121475,229.91281500607397,20,0.1,1.5
1932,35,0.23087614566764164,0,1.3680342321163566,0,13.83425975160866,242.29727446282342,243.74707475768264,20,0.1,1.5
1932,34,0.23087614566764164,0,1.3653007613582688,0,13.806925044027782,256.1041995068512,257.5539998017104,20,0.1,1.5
1932,33,0.23087614566764164,0,1.3625727523512172,0,13.779644953957266,269.8838444608085,271.33364475566765,20,0.1,1.5
1932,32,0.23087614566764164,0,1.3598501941820718,0,13.75241937226581,283.63626383307434,285.08606412793347,20,0.1,1.5
1932,31,0.23087614566764164,0,1.3571330759595062,0,13.725248190040155,297.36151202311453,298.8113123179736,20,0.1,1.5
1932,30,0.23087614566764164,0,1.3544213868139572,0,13.698131298584666,311.05964332169924,312.50944361655826,20,0.1,1.5
1932,29,0.23087614566764164,0,1.3517151158975802,0,13.671068589420896,324.7307119111202,326.18051220597914,20,0.1,1.5
1932,28,0.23087614566764164,0,1.3490142523842048,0,13.644059954287142,338.37477186540735,339.82457216026626,20,0.1,1.5
1932,27,0.23087614566764164,0,1.3463187854692933,0,13.617105285138027,351.9918771505454,353.4416774454043,20,0.1,1.5
1932,26,0.23087614566764164,0,1.3436287043698962,0,13.590204474144056,365.58208162468947,367.03188191954837,20,0.1,1.5
1932,25,0.23087614566764164,0,1.340943998324609,0,13.563357413691184,379.1454390383807,380.59523933323953,20,0.1,1.5
1932,24,0.23087614566764164,0,1.3382646565935301,0,13.536563996380394,392.6820030347611,394.1318033296199,20,0.1,1.5
1932,23,0.23087614566764164,0,1.3355906684582168,0,13.509824115027262,406.1918271497884,407.64162744464716,20,0.1,1.5
1932,22,0.23087614566764164,0,1.3329220232216445,0,13.48313766266154,419.67496481245,421.1247651073087,20,0.1,1.5
1932,21,0.23087614566764164,0,1.3302587102081598,0,13.456504532526692,433.1314693449767,434.5812696398354,20,0.1,1.5
1932,20,0.23087614566764164,0,1.3276007187634427,0,13.42992461807952,446.5613939630563,448.0111942579149,20,0.1,1.5
1932,19,0.23087614566764164,0,1.3249480382544598,0,13.403397812989692,459.964791776046,461.4145920709046,20,0.1,1.5
1932,18,0.23087614566764164,0,1.3223006580694252,0,13.376924011139346,473.34171578718536,474.7915160820439,20,0.1,1.5
1932,17,0.23087614566764164,0,1.3196585676177541,0,13.350503106622636,486.69221889380805,488.14201918866655,20,0.1,1.5
1932,16,0.23087614566764164,0,1.317021756330026,0,13.324134993745353,500.0163538875534,501.4661541824119,20,0.1,1.5
1932,15,0.23087614566764164,0,1.314390213657936,0,13.297819567024453,513.3141734545778,514.7639737494363,20,0.1,1.5
1932,14,0.23087614566764164,0,1.3117639290742582,0,13.271556721187675,526.5857301757654,528.035530470624,20,0.1,1.5
1932,13,0.23087614566764164,0,1.3091428920727997,0,13.24534635117309,539.8310765269385,541.2808768217972,20,0.1,1.5
1932,12,0.23087614566764164,0,1.3065270921683603,0,13.219188352128697,553.0502648790672,554.5000651739258,20,0.1,1.5
1932,11,0.23087614566764164,0,1.3039165188966908,0,13.193082619412001,566.2433474984791,567.6931477933379,20,0.1,1.5
1932,10,0.23087614566764164,0,1.3013111618144506,0,13.1670290485896,579.4103765470687,580.8601768419275,20,0.1,1.5
1932,9,0.23087614566764164,0,1.2987110104991648,0,13.141027535436741,592.5514040825054,594.0012043773642,20,0.1,1.5
1932,8,0.23087614566764164,0,1.296116054549185,0,13.115077975936943,605.6664820584423,607.1162823533011,20,0.1,1.5
1932,7,0.23087614566764164,0,1.2935262835836456,0,13.08918026628155,618.7556623247239,620.2054626195827,20,0.1,1.5
1932,6,0.23087614566764164,0,1.2909416872424242,0,13.063334302869336,631.8189966275932,633.268796922452,20,0.1,1.5
1932,5,0.23087614566764164,0,1.2883622551860971,0,13.037539982306065,644.8565366098992,646.306336904758,20,0.1,1.5
1932,4,0.23087614566764164,0,1.285787977095901,0,13.011797201404105,657.8683338113033,659.3181341061621,20,0.1,1.5
1932,3,0.23087614566764164,0,1.2832188426736901,0,12.986105857181995,670.8544396684853,672.3042399633441,20,0.1,1.5
1932,2,0.011543807283382081,0,5.452573949936851e-4,0,0.013148445472191572,670.8675881139575,672.3173884088163,1,0.1,1.5
1932,1,150,0,1.2955327827219383,0,112.95532782721938,783.8229159411769,785.2727162360356,99999,0.1,1.5
1933,58,0.014364130186678955,0.044773244400062494,0.044773244400062494,0,0.9050409747923691,0,0,1,0.1,1.5
1933,57,0.014267588057521598,4.479224319494841e-4,0.04478776397062889,0.002509094777881986,0.49771280051006456,0.4618685893974648,0.49771280051006456,1,0.1,1.5
1933,56,0.014128158199904888,6.321572368238424e-4,0.045435082513985425,0.0025190518671646396,0.5060776248865717,0.9319597590388273,1.0037904253966363,1,0.1,1.5
1933,55,0.013951118016842803,6.365755607511287e-4,0.04609374234389112,0.0025183076714006374,0.5125797482681362,1.4085636834298116,1.5163701736647726,1,0.1,1.5
1933,54,0.013713438286392123,6.400142656225609e-4,0.04702696471909884,0.002530137253442523,0.5219568999444638,1.8943757654679536,2.0383270736092363,1,0.1,1.5
1933,53,0.011543807283382081,6.37097928507367e-4,0.04764813317662791,0.0025171948141936955,0.5265081084906602,2.384923948041561,2.5648351820998965,1,0.1,1.5
1933,52,0.23087614566764164,0.010853445328116421,0.9559489806085992,0.04262156090411628,10.430821131299625,12.206865637853811,12.995656313399522,20,0.1,1.5
1933,51,0.23087614566764164,0.007280995952040445,0.9484159800847786,0.028148869247222544,10.113013894345036,21.917752828667094,23.10867020774456,20,0.1,1.5
1933,50,0.23087614566764164,0.004438230911737855,1.1510576191471953,0.016540693124121708,11.945171547093308,33.62662875970152,35.05384175483787,20,0.1,1.5
1933,49,0.23087614566764164,5.139028965707379e-4,1.3093056153660818,0.0015512959078858544,13.274273983184276,46.878741372773135,48.32811573802215,20,0.1,1.5
1933,48,0.23087614566764164,4.033626724420608e-14,1.3972170553106067,0,14.126087983551566,61.0048293563247,62.45420372157371,20,0.1,1.5
1933,47,0.23087614566764164,3.5675475847650386e-16,1.4011257735398799,0,14.165175165843896,75.1700045221686,76.61937888741761,20,0.1,1.5
1933,46,0.23087614566764164,3.5675475847650832e-56,1.3983261825351654,0,14.137179255796747,89.30718377796534,90.75655814321436,20,0.1,1.5
1933,45,0.23087614566764164,3.5675475847651285e-96,1.3955321853964275,0,14.10923928440937,103.4164230623747,104.86579742762373,20,0.1,1.5
1933,44,0.23087614566764164,3.567547584765174e-136,1.3927437709465564,0,14.081355139910658,117.49777820228536,118.94715256753439,20,0.1,1.5
1933,43,0.23087614566764164,3.567547584765218e-176,1.3899609280307752,0,14.053526710752847,131.5513049130382,133.00067927828724,20,0.1,1.5
1933,42,0.23087614566764164,3.567547584765264e-216,1.3871836455165945,0,14.025753885611039,145.57705879864923,147.02643316389828,20,0.1,1.5
1933,41,0.23087614566764164,3.567547584765308e-256,1.3844119122937708,0,13.998036553382802,159.57509535203204,161.02446971728108,20,0.1,1.5
1933,40,0.23087614566764164,3.5675475847653527e-296,1.3816457172742578,0,13.970374603187672,173.54546995521972,174.99484432046876,20,0.1,1.5
1933,39,0.23087614566764164,0,1.3788850493921654,0,13.942767924366748,187.48823787958645,188.93761224483552,20,0.1,1.5
1933,38,0.23087614566764164,0,1.3761298976037142,0,13.915216406482235,201.4034542860687,202.85282865131776,20,0.1,1.5
1933,37,0.23087614566764164,0,1.3733802508871908,0,13.887719939317002,215.2911742253857,216.74054859063477,20,0.1,1.5
1933,36,0.23087614566764164,0,1.3706360982429053,0,13.860278412874147,229.15145263825985,230.60082700350893,20,0.1,1.5
1933,35,0.23087614566764164,0,1.367897428693145,0,13.832891717376542,242.98434435563638,244.43371872088548,20,0.1,1.5
1933,34,0.23087614566764164,0,1.365164231282133,0,13.805559743266425,256.7899040989028,258.2392784641519,20,0.1,1.5
1933,33,0.23087614566764164,0,1.3624364950759822,0,13.778282381204916,270.5681864801077,272.0175608453568,20,0.1,1.5
1933,32,0.23087614566764164,0,1.3597142091626535,0,13.751059522071628,284.3192460021794,285.7686203674284,20,0.1,1.5
1933,31,0.23087614566764164,0,1.3569973626519103,0,13.723891056964197,298.04313705914365,299.4925114243926,20,0.1,1.5
1933,30,0.23087614566764164,0,1.3542859446752757,0,13.696776877197852,311.7399139363415,313.18928830159047,20,0.1,1.5
1933,29,0.23087614566764164,0,1.3515799443859904,0,13.669716874304997,325.40963081064655,326.85900517589545,20,0.1,1.5
1933,28,0.23087614566764164,0,1.3488793509589665,0,13.642710940034759,339.0523417506813,340.5017161159302,20,0.1,1.5
1933,27,0.23087614566764164,0,1.3461841535907464,0,13.615758966352558,352.6681007170339,354.1174750822828,20,0.1,1.5
1933,26,0.23087614566764164,0,1.3434943414994593,0,13.588860845439687,366.2569615624736,367.7063359277225,20,0.1,1.5
1933,25,0.23087614566764164,0,1.3408099039247765,0,13.562016469692859,379.81897803216646,381.26835239741536,20,0.1,1.5
1933,24,0.23087614566764164,0,1.3381308301278707,0,13.5352257317238,393.35420376389027,394.80357812913917,20,0.1,1.5
1933,23,0.23087614566764164,0,1.335457109391371,0,13.508488524358803,406.8626922882491,408.312066653498,20,0.1,1.5
1933,22,0.23087614566764164,0,1.3327887310193225,0,13.481804740638319,420.3444970288874,421.7938713941363,20,0.1,1.5
1933,21,0.23087614566764164,0,1.330125684337139,0,13.455174273816484,433.7996713027039,435.2490456679528,20,0.1,1.5
1933,20,0.23087614566764164,0,1.3274679586915663,0,13.428597017360756,447.22826832006473,448.6776426853136,20,0.1,1.5
1933,19,0.23087614566764164,0,1.3248155434506343,0,13.402072864951437,460.63034118501616,462.079715550265,20,0.1,1.5
1933,18,0.23087614566764164,0,1.3221684280036183,0,13.375601710481277,474.00594289549747,475.45531726074626,20,0.1,1.5
1933,17,0.23087614566764164,0,1.3195266017609923,0,13.349183448055017,487.3551263435525,488.8045007088013,20,0.1,1.5
1933,16,0.23087614566764164,0,1.3168900541543929,0,13.322817971989023,500.67794431554154,502.1273186807903,20,0.1,1.5
1933,15,0.23087614566764164,0,1.3142587746365701,0,13.296505176810795,513.9744494923523,515.4238238576011,20,0.1,1.5
1933,14,0.23087614566764164,0,1.3116327526813507,0,13.270244957258601,527.2446944496108,528.6940688148596,20,0.1,1.5
1933,13,0.23087614566764164,0,1.3090119777835925,0,13.244037208281018,540.4887316578918,541.9381060231407,20,0.1,1.5
1933,12,0.23087614566764164,0,1.3063964394591434,0,13.217881825036528,553.7066134829282,555.1559878481772,20,0.1,1.5
1933,11,0.23087614566764164,0,1.3037861272448013,0,13.191778702893107,566.8983921858213,568.3477665510703,20,0.1,1.5
1933,10,0.23087614566764164,0,1.3011810306982692,0,13.165727737427785,580.0641199232491,581.5134942884981,20,0.1,1.5
1933,9,0.23087614566764164,0,1.2985811393981148,0,13.139728824426243,593.2038487476754,594.6532231129244,20,0.1,1.5
1933,8,0.23087614566764164,0,1.29598644294373,0,13.113781859882394,606.3176306075577,607.7670049728067,20,0.1,1.5
1933,7,0.23087614566764164,0,1.2933969309552873,0,13.087886739997966,619.4055173475556,620.8548917128047,20,0.1,1.5
1933,6,0.23087614566764164,0,1.2908125930737,0,13.062043361182093,632.4675607087377,633.9169350739868,20,0.1,1.5
1933,5,0.23087614566764164,0,1.2882334189605786,0,13.03625162005088,645.5038123287885,646.9531866940376,20,0.1,1.5
1933,4,0.23087614566764164,0,1.2856593982981914,0,13.010511413427007,658.5143237422155,659.9636981074647,20,0.1,1.5
1933,3,0.23087614566764164,0,1.2830905207894228,0,12.984822638339322,671.4991463805549,672.948520745804,20,0.1,1.5
1933,2,0.011543807283382081,0,5.452028692541857e-4,0,0.013147900214796577,671.5122942807697,672.9616686460188,1,0.1,1.5
1933,1,150,0,1.2954032294436661,0,112.95403229443666,784.4663265752063,785.9157009404554,99999,0.1,1.5
1934,59,0.014416253186073598,0.04476009069151317,0.04476009069151317,0,0.9048126492876457,0,0,1,0.1,1.5
1934,58,0.014364130186678955,4.4773244400062517e-4,0.04476876707562249,0.0025079781299550243,0.49756934098670796,0.4617410819873505,0.49756934098670796,1,0.1,1.5
1934,57,0.014267588057521598,6.317529187899914e-4,0.04541055888870233,0.0025177999944471204,0.5059034147958489,0.9316759254339548,1.003472755782557,1,0.1,1.5
1934,56,0.014128158199904888,6.360845391593983e-4,0.04606030197252519,0.002516739640830912,0.5123360606905574,1.4080585626840707,1.5158088164731143,1,0.1,1.5
1934,55,0.013951118016842803,6.359426734576706e-4,0.046718709887506885,0.0025144200803411173,0.5187675578162233,1.8909058336382782,2.0345763742893377,1,0.1,1.5
1934,54,0.013713438286392123,6.389344560168564e-4,0.04765479633598756,0.002524833783341649,0.5281486541587102,2.3829854337492504,2.562725028448048,1,0.1,1.5
1934,53,0.011543807283382081,6.356696828334976e-4,0.04827266706685867,0.002510499045623075,0.532643511099506,2.879764672768427,3.095368539547554,1,0.1,1.5
1934,52,0.23087614566764164,0.010763924679310234,0.9665087759365674,0.04224593576506963,10.530157804676293,12.806409109372296,13.625526344223847,20,0.1,1.5
1934,51,0.23087614566764164,0.00711002727132604,0.9553583557985758,0.027455694141662983,10.17082546316787,22.58501037051641,23.796351807391716,20,0.1,1.5
1934,50,0.23087614566764164,0.004179555590147805,1.155077686666311,0.015508789789323435,11.96804399285716,34.33150022352609,35.76439580024888,20,0.1,1.5
1934,49,0.23087614566764164,3.92963005937171e-4,1.3095625087815166,0.001137418968187122,13.269720990722304,47.58497237184572,49.03411679097118,20,0.1,1.5
1934,48,0.23087614566764164,4.03362672442061e-16,1.3970773336050757,0,14.124690766495855,61.709663138341575,63.158807557467036,20,0.1,1.5
1934,47,0.23087614566764164,3.5675475847650406e-18,1.400985660962526,0,14.163774040070354,75.87343717841193,77.3225815975374,20,0.1,1.5
1934,46,0.23087614566764164,3.567547584765085e-58,1.3981863499169118,0,14.135780929614212,90.00921810802615,91.4583625271516,20,0.1,1.5
1934,45,0.23087614566764164,3.56754758476513e-98,1.395392632177888,0,14.107843752223975,104.11706186025012,105.56620627937558,20,0.1,1.5
1934,44,0.23087614566764164,3.5675475847651755e-138,1.3926044965694617,0,14.079962396139711,118.19702425638982,119.64616867551528,20,0.1,1.5
1934,43,0.23087614566764164,3.5675475847652203e-178,1.389821931937972,0,14.052136749824815,132.24916100621462,133.6983054253401,20,0.1,1.5
1934,42,0.23087614566764164,3.5675475847652656e-218,1.3870449271520429,0,14.024366701965523,146.27352770818013,147.72267212730563,20,0.1,1.5
1934,41,0.23087614566764164,3.56754758476531e-258,1.3842734711025415,0,13.99665214147051,160.27017984965065,161.71932426877615,20,0.1,1.5
1934,40,0.23087614566764164,3.5675475847653546e-298,1.3815075527025305,0,13.968992957470398,174.23917280712104,175.68831722624654,20,0.1,1.5
1934,39,0.23087614566764164,0,1.3787471608872262,0,13.941389039317356,188.1805618464384,189.6297062655639,20,0.1,1.5
1934,38,0.23087614566764164,0,1.3759922846139538,0,13.913840276584633,202.09440212302303,203.54354654214853,20,0.1,1.5
1934,37,0.23087614566764164,0,1.3732429128621022,0,13.886346559066116,215.98074868208914,217.42989310121465,20,0.1,1.5
1934,36,0.23087614566764164,0,1.370499034633081,0,13.858907776775904,229.83965645886505,231.28880087799055,20,0.1,1.5
1934,35,0.23087614566764164,0,1.3677606389502757,0,13.83152381994785,243.6711802788129,245.1203246979384,20,0.1,1.5
1934,34,0.23087614566764164,0,1.3650277148590049,0,13.804194579035142,257.47537485784807,258.92451927697357,20,0.1,1.5
1934,33,0.23087614566764164,0,1.3623002514264746,0,13.77691994470984,271.2522948025579,272.7014392216834,20,0.1,1.5
1934,32,0.23087614566764164,0,1.3595782377417374,0,13.749699807862468,285.0019946104204,286.45113902954586,20,0.1,1.5
1934,31,0.23087614566764164,0,1.3568616629156451,0,13.722534059601545,298.724528670022,300.1736730891474,20,0.1,1.5
1934,30,0.23087614566764164,0,1.3541505160808083,0,13.695422591253177,312.4199512612752,313.8690956804006,20,0.1,1.5
1934,29,0.23087614566764164,0,1.3514447863915517,0,13.668365294360612,326.0883165556358,327.53746097476125,20,0.1,1.5
1934,28,0.23087614566764164,0,1.3487444630238705,0,13.641362060683798,339.72967861631963,341.178823035445,20,0.1,1.5
1934,27,0.23087614566764164,0,1.3460495351753874,0,13.614412782198968,353.34409139851863,354.793235817644,20,0.1,1.5
1934,26,0.23087614566764164,0,1.3433599920653094,0,13.587517351098189,366.9316087496168,368.3807531687422,20,0.1,1.5
1934,25,0.23087614566764164,0,1.340675822934384,0,13.560675659788934,380.4922844094058,381.9414288285312,20,0.1,1.5
1934,24,0.23087614566764164,0,1.3379970170448579,0,13.533887600893673,394.0261720102995,395.4753164294248,20,0.1,1.5
1934,23,0.23087614566764164,0,1.335323563680432,0,13.507153067249414,407.5333250775489,408.98246949667424,20,0.1,1.5
1934,22,0.23087614566764164,0,1.3326554521462206,0,13.4804719519073,421.0137970294562,422.46294144858155,20,0.1,1.5
1934,21,0.23087614566764164,0,1.3299926717687052,0,13.453844148132145,434.4676411775884,435.9167855967137,20,0.1,1.5
1934,20,0.23087614566764164,0,1.3273352118956971,0,13.427269549402066,447.8949107269905,449.34405514611575,20,0.1,1.5
1934,19,0.23087614566764164,0,1.3246830618962893,0,13.400748049407987,461.2956587763985,462.74480319552373,20,0.1,1.5
1934,18,0.23087614566764164,0,1.322036211160818,0,13.374279542053273,474.6699383184518,476.119082737577,20,0.1,1.5
1934,17,0.23087614566764164,0,1.3193946491008162,0,13.347863921453255,488.01780223990505,489.46694665903027,20,0.1,1.5
1934,16,0.23087614566764164,0,1.3167583651489774,0,13.321501081934867,501.33930332183996,502.7884477409651,20,0.1,1.5
1934,15,0.23087614566764164,0,1.3141273487591065,0,13.295190918036159,514.6344942398761,516.0836386590013,20,0.1,1.5
1934,14,0.23087614566764164,0,1.3115015894060826,0,13.26893332450592,527.9034275643819,529.3525719835072,20,0.1,1.5
1934,13,0.23087614566764164,0,1.308881076585814,0,13.242728196303235,541.1461557606851,542.5953001798105,20,0.1,1.5
1934,12,0.23087614566764164,0,1.3062657998151974,0,13.216575428597068,554.3627311892822,555.8118756084075,20,0.1,1.5
1934,11,0.23087614566764164,0,1.3036557486320768,0,13.190474916765861,567.553206106048,569.0023505251734,20,0.1,1.5
1934,10,0.23087614566764164,0,1.3010509125951994,0,13.164426556397089,580.7176326624451,582.1667770815704,20,0.1,1.5
1934,9,0.23087614566764164,0,1.298451281284175,0,13.138430243286845,593.856062905732,595.3052073248573,20,0.1,1.5
1934,8,0.23087614566764164,0,1.2958568442994356,0,13.11248587343945,606.9685487791713,608.4176931982968,20,0.1,1.5
1934,7,0.23087614566764164,0,1.2932675912621918,0,13.086593343067012,620.0551421222383,621.5042865413637,20,0.1,1.5
1934,6,0.23087614566764164,0,1.2906835118143927,0,13.06075254858902,633.1158946708273,634.5650390899527,20,0.1,1.5
1934,5,0.23087614566764164,0,1.2881045956186825,0,13.034963386631919,646.1508580574591,647.6000024765847,20,0.1,1.5
1934,4,0.23087614566764164,0,1.2855308323583616,0,13.00922575402871,659.1600838114878,660.6092282306134,20,0.1,1.5
1934,3,0.23087614566764164,0,1.2829622117373438,0,12.983539547818532,672.1436233593063,673.592767778432,20,0.1,1.5
1934,2,0.011543807283382081,0,5.451483489672603e-4,0,0.013147355011927323,672.1567707143182,673.6059151334439,1,0.1,1.5
1934,1,150,0,1.2952736891207217,0,112.95273689120722,785.1095076055254,786.5586520246511,99999,0.1,1.5
1935,60,0.014422593205688047,0.044752989414168554,0.044752989414168554,0,0.9046748504204964,0,0,1,0.1,1.5
1935,59,0.014416253186073598,4.4760090691513195e-4,0.04475561468244402,0.002507396810172768,0.4974629457820134,0.46164299135097386,0.4974629457820134,1,0.1,1.5
1935,58,0.014364130186678955,6.314718569287623e-4,0.04539128473140368,0.0025170570462103863,0.5057616104774493,0.9314466440254175,1.0032245562594626,1,0.1,1.5
1935,57,0.014267588057521598,6.3576752779968e-4,0.046035467831425245,0.002515873055695698,0.512165122616726,1.4076707229893477,1.5153896788761885,1,0.1,1.5
1935,56,0.014128158199904888,6.35545755599322e-4,0.046684880852535665,0.0025132383999030413,0.5185264439275203,1.8902937612039674,2.033916122803709,1,0.1,1.5
1935,55,0.013951118016842803,6.349644468198561e-4,0.04734264303660341,0.0025095369285938027,0.5249273477301345,2.3793705813827617,2.5588434705338434,1,0.1,1.5
1935,54,0.013713438286392123,6.375977903955809e-4,0.048281239302189374,0.002518508585337175,0.534309357193023,2.8777012444995393,3.0931528277268665,1,0.1,1.5
1935,53,0.011543807283382081,6.339814582341037e-4,0.04889546456155776,0.002502760953875368,0.5387440596326786,3.380691576219713,3.631896887359545,1,0.1,1.5
1935,52,0.23087614566764164,0.01066912318806051,0.9769736090002411,0.04184931793431195,10.62819215138971,13.411036328547823,14.260089038749255,20,0.1,1.5
1935,51,0.23087614566764164,0.006935023808129006,0.9621267434984117,0.02674678010540321,10.226631962159118,23.25557143205832,24.486721000908375,20,0.1,1.5
1935,50,0.23087614566764164,0.003918993003232337,1.1588393763449754,0.014469882241575638,11.988213727378252,35.03707255598549,36.47493472828663,20,0.1,1.5
1935,49,0.23087614566764164,2.882843721061522e-4,1.3097159072726852,7.877994437941668e-4,13.265213624661495,48.291031902878494,49.740148352948125,20,0.1,1.5
1935,48,0.23087614566764164,4.033626724420612e-18,1.3969376258717152,0,14.123293689162246,62.41432559204074,63.86344204211037,20,0.1,1.5
1935,47,0.23087614566764164,3.567547584765042e-20,1.4008455623964298,0,14.162373054409391,76.57669864645013,78.02581509651976,20,0.1,1.5
1935,46,0.23087614566764164,3.567547584765087e-60,1.3980465312819201,0,14.134382743264295,90.71108138971442,92.16019783978406,20,0.1,1.5
1935,45,0.23087614566764164,3.5675475847651323e-100,1.3952530929146703,0,14.106448359591797,104.81752974930622,106.26664619937586,20,0.1,1.5
1935,44,0.23087614566764164,3.5675475847651775e-140,1.3924652361198049,0,14.078569791643142,118.89609954094935,120.345215991019,20,0.1,1.5
1935,43,0.23087614566764164,3.567547584765222e-180,1.3896829497447782,0,14.050746927892876,132.9468464688422,134.3959629189119,20,0.1,1.5
1935,42,0.23087614566764164,3.5675475847652676e-220,1.3869062226593276,0,14.02297965703837,146.9698261258806,148.41894257595027,20,0.1,1.5
1935,41,0.23087614566764164,3.567547584765312e-260,1.3841350437554312,0,13.995267867999406,160.96509399388,162.41421044394968,20,0.1,1.5
1935,40,0.23087614566764164,3.567547584765357e-300,1.3813694019472602,0,13.967611449917696,174.9327054437977,176.38182189386737,20,0.1,1.5
1935,39,0.23087614566764164,0,1.3786092861711374,0,13.940010292156469,188.87271573595416,190.32183218602384,20,0.1,1.5
1935,38,0.23087614566764164,0,1.3758546853854925,0,13.912464284300018,202.78518002025416,204.23429647032387,20,0.1,1.5
1935,37,0.23087614566764164,0,1.373105588570816,0,13.884973316153255,216.67015333640742,218.11926978647713,20,0.1,1.5
1935,36,0.23087614566764164,0,1.3703619847296178,0,13.857537277741272,230.5276906141487,231.9768070642184,20,0.1,1.5
1935,35,0.23087614566764164,0,1.3676238628863806,0,13.8301560593089,244.3578466734576,245.8069631235273,20,0.1,1.5
1935,34,0.23087614566764164,0,1.364891212087519,0,13.802829551320283,258.1606762247779,259.6097926748476,20,0.1,1.5
1935,33,0.23087614566764164,0,1.362164021401332,0,13.775557644458413,271.93623386923633,273.385350319306,20,0.1,1.5
1935,32,0.23087614566764164,0,1.3594422799179633,0,13.748340229624727,285.6845740988611,287.1336905489307,20,0.1,1.5
1935,31,0.23087614566764164,0,1.3567259767493536,0,13.72117719793863,299.40575129679974,300.85486774686933,20,0.1,1.5
1935,30,0.23087614566764164,0,1.3540151010292003,0,13.694068440737096,313.09981973753685,314.54893618760644,20,0.1,1.5
1935,29,0.23087614566764164,0,1.3513096419129127,0,13.667013849574221,326.7668335871111,328.2159500371807,20,0.1,1.5
1935,28,0.23087614566764164,0,1.3486095885775682,0,13.640013316220776,340.4068469033319,341.8559633534015,20,0.1,1.5
1935,27,0.23087614566764164,0,1.3459149302218698,0,13.613066732663793,354.0199136359957,355.4690300860653,20,0.1,1.5
1935,26,0.23087614566764164,0,1.343225656066103,0,13.586173991106122,367.60608762710183,369.0552040771714,20,0.1,1.5
1935,25,0.23087614566764164,0,1.3405417553520906,0,13.559334983966,381.16542261106787,382.6145390611374,20,0.1,1.5
1935,24,0.23087614566764164,0,1.3378632173431533,0,13.532549603876626,394.6979722149445,396.14708866501405,20,0.1,1.5
1935,23,0.23087614566764164,0,1.3351900313240639,0,13.505817743685732,408.2037899586303,409.6529064086998,20,0.1,1.5
1935,22,0.23087614566764164,0,1.332522186601006,0,13.479139296455154,421.68292925508547,423.13204570515495,20,0.1,1.5
1935,21,0.23087614566764164,0,1.3298596725015284,0,13.452514155460378,435.13544341054586,436.58455986061534,20,0.1,1.5
1935,20,0.23087614566764164,0,1.3272024783745076,0,13.425942214190169,448.56138562473603,450.0105020748055,20,0.1,1.5
1935,19,0.23087614566764164,0,1.3245505935900996,0,13.39942336634609,461.96080899108216,463.4099254411516,20,0.1,1.5
1935,18,0.23087614566764164,0,1.321904007539702,0,13.372957505842113,475.3337664969243,476.7828829469937,20,0.1,1.5
1935,17,0.23087614566764164,0,1.3192627096359062,0,13.346544526804156,488.68031102372845,490.1294274737979,20,0.1,1.5
1935,16,0.23087614566764164,0,1.3166266893124625,0,13.32018432356972,502.00049534729817,503.4496117973676,20,0.1,1.5
1935,15,0.23087614566764164,0,1.3139959360242306,0,13.2938767906874,515.2943721379855,516.743488588055,20,0.1,1.5
1935,14,0.23087614566764164,0,1.3113704392471421,0,13.267621822916515,528.561993960902,530.0111104109716,20,0.1,1.5
1935,13,0.23087614566764164,0,1.3087501884781556,0,13.24141931522665,541.8034132761286,543.2525297261982,20,0.1,1.5
1935,12,0.23087614566764164,0,1.306135173235216,0,13.215269162797254,555.0186824389258,556.4677988889954,20,0.1,1.5
1935,11,0.23087614566764164,0,1.3035253830572135,0,13.18917126101723,568.207853699943,569.6569701500126,20,0.1,1.5
1935,10,0.23087614566764164,0,1.30092080750394,0,13.163125505484494,581.3709792054275,582.8200956554971,20,0.1,1.5
1935,9,0.23087614566764164,0,1.2983214361560467,0,13.13713179200556,594.508110997433,595.9572274475026,20,0.1,1.5
1935,8,0.23087614566764164,0,1.2957272586150057,0,13.11119001659515,607.6193010140282,609.0684174640978,20,0.1,1.5
1935,7,0.23087614566764164,0,1.2931382645030656,0,13.08530007547575,620.704601089504,622.1537175395736,20,0.1,1.5
1935,6,0.23087614566764164,0,1.2905544434632112,0,13.059461865077207,633.7640629545812,635.2131794046508,20,0.1,1.5
1935,5,0.23087614566764164,0,1.2879757851591207,0,13.0336752820363,646.7977382366174,648.246854686687,20,0.1,1.5
1935,4,0.23087614566764164,0,1.2854022792751258,0,13.007940223196352,659.8056784598137,661.2547949098833,20,0.1,1.5
1935,3,0.23087614566764164,0,1.28283391551617,0,12.982256585606795,672.7879350454205,674.2370514954902,20,0.1,1.5
1935,2,0.011543807283382081,0,5.450938341323636e-4,0,0.013146809863578357,672.8010818552841,674.2501983053537,1,0.1,1.5
1935,1,150,0,1.2951441617518096,0,112.9514416175181,785.7525234728022,787.2016399228718,99999,0.1,1.5
1936,61,0.014381997663121843,0.04475212566391465,0.04475212566391465,0,0.9046305117203742,0,0,1,0.1,1.5
1936,60,0.014422593205688047,4.4752989414168577e-4,0.044748514115227137,0.002507366430579477,0.4973950226676632,0.46157550223081356,0.4973950226676632,1,0.1,1.5
1936,59,0.014416253186073598,6.313252116123434e-4,0.04537798832351896,0.0025168660195864427,0.5056591996599303,0.931279473039509,1.0030542223275936,1,0.1,1.5
1936,58,0.014364130186678955,6.355789801218842e-4,0.046016009864483134,0.002515526139347514,0.512028062942134,1.4073714482766784,1.5150822852697274,1,0.1,1.5
1936,57,0.014267588057521598,6.353259392019214e-4,0.046659832548566024,0.002512767810168247,0.5183599932517641,1.8898347585260389,2.0334422785214916,1,0.1,1.5
1936,56,0.014128158199904888,6.346650575317535e-4,0.04730852196442617,0.00250875141426506,0.5246899482709214,2.378685400878888,2.558132226792413,1,0.1,1.5
1936,55,0.013951118016842803,6.337338766166492e-4,0.0479652930044482,0.0025036469892646316,0.5310573997161336,2.873976415034098,3.0891896265085466,1,0.1,1.5
1936,54,0.013713438286392123,6.360031242382496e-4,0.04890603832459345,0.002511145867567065,0.5404362190730603,3.378539121713343,3.629625845581607,1,0.1,1.5
1936,53,0.011543807283382081,6.32030053051183e-4,0.049516265253570446,0.0024939652375849763,0.5448068994111135,3.887717946301814,4.17443274499272,1,0.1,1.5
1936,52,0.23087614566764164,0.010569020715458594,0.987338241122919,0.04143158978952185,10.724869902964898,14.020707995130685,14.899302647957619,20,0.1,1.5
1936,51,0.23087614566764164,0.006756045264432093,0.9687172258504126,0.026022337896257866,10.280397825825798,23.92935813672423,25.179700473783416,20,0.1,1.5
1936,50,0.23087614566764164,0.003656660490426233,1.1623409629677348,0.013424407978324164,12.005670921859906,35.74325180175093,37.18537139564332,20,0.1,1.5
1936,49,0.23087614566764164,1.9983270466960323e-4,1.3097818855429066,5.023162258993089e-4,13.260910559005131,48.99698641467178,50.446281954648455,20,0.1,1.5
1936,48,0.23087614566764164,4.0336267244206147e-20,1.3967979321091282,0,14.121896751536376,63.11888316620815,64.56817870618482,20,0.1,1.5
1936,47,0.23087614566764164,3.567547584765044e-22,1.4007054778401902,0,14.160972208846996,77.27985537505515,78.72915091503182,20,0.1,1.5
1936,46,0.23087614566764164,3.567547584765089e-62,1.397906726628792,0,14.132984696733013,91.41284007178815,92.86213561176484,20,0.1,1.5
1936,45,0.23087614566764164,3.567547584765134e-102,1.3951135676053787,0,14.10505310649888,105.51789317828703,106.96718871826373,20,0.1,1.5
1936,44,0.23087614566764164,3.567547584765179e-142,1.392325989596193,0,14.077177326407025,119.59507050469405,121.04436604467075,20,0.1,1.5
1936,43,0.23087614566764164,3.567547584765224e-182,1.3895439814498038,0,14.049357244943133,133.64442774963717,135.09372328961388,20,0.1,1.5
1936,42,0.23087614566764164,3.56754758476527e-222,1.3867675320370616,0,14.02159275081571,147.66602050045287,149.11531604042958,20,0.1,1.5
1936,41,0.23087614566764164,3.567547584765314e-262,1.3839966302510556,0,13.99388373295565,161.65990423340853,163.10919977338523,20,0.1,1.5
1936,40,0.23087614566764164,3.567547584765359e-302,1.3812312650070655,0,13.966230080515748,175.62613431392427,177.07542985390097,20,0.1,1.5
1936,39,0.23087614566764164,0,1.3784714252425203,0,13.938631682870296,189.56476599679456,191.01406153677127,20,0.1,1.5
1936,38,0.23087614566764164,0,1.375717099916954,0,13.911088429614633,203.4758544264092,204.9251499663859,20,0.1,1.5
1936,37,0.23087614566764164,0,1.372968278011959,0,13.883600210564683,217.35945463697388,218.80875017695058,20,0.1,1.5
1936,36,0.23087614566764164,0,1.3702249485311448,0,13.856166915756543,231.21562155273043,232.66491709270713,20,0.1,1.5
1936,35,0.23087614566764164,0,1.367487100500092,0,13.828788435446013,245.04440998817643,246.49370552815313,20,0.1,1.5
1936,34,0.23087614566764164,0,1.3647547229663102,0,13.801464660108195,258.8458746482846,260.2951701882613,20,0.1,1.5
1936,33,0.23087614566764164,0,1.3620278049991918,0,13.774195480437012,272.62007012872164,274.0693656686983,20,0.1,1.5
1936,32,0.23087614566764164,0,1.3593063356899715,0,13.746980787344809,286.3670509160665,287.8163464560431,20,0.1,1.5
1936,31,0.23087614566764164,0,1.3565903041516787,0,13.719820471961881,300.0868713880284,301.536166928005,20,0.1,1.5
1936,30,0.23087614566764164,0,1.3538796995190974,0,13.692714425636067,313.7795858136645,315.22888135364104,20,0.1,1.5
1936,29,0.23087614566764164,0,1.3511745109487214,0,13.665662539932308,327.4452483535968,328.89454389357337,20,0.1,1.5
1936,28,0.23087614566764164,0,1.3484747276187103,0,13.638664706632197,341.083913060229,342.53320860020557,20,0.1,1.5
1936,27,0.23087614566764164,0,1.3457803387288476,0,13.61172081773357,354.6956338779626,356.1449294179391,20,0.1,1.5
1936,26,0.23087614566764164,0,1.3430913335004964,0,13.584830765450057,368.2804646434127,369.7297601833892,20,0.1,1.5
1936,25,0.23087614566764164,0,1.3404077011765554,0,13.557994442210648,381.83845908562336,383.28775462559986,20,0.1,1.5
1936,24,0.23087614566764164,0,1.337729431021419,0,13.531211740659284,395.3696708262827,396.81896636625913,20,0.1,1.5
1936,23,0.23087614566764164,0,1.3350565123209315,0,13.504482553654409,408.8741533799371,410.3234489199135,20,0.1,1.5
1936,22,0.23087614566764164,0,1.3323889343823458,0,13.477806774268553,422.3519601542057,423.8012556941821,20,0.1,1.5
1936,21,0.23087614566764164,0,1.3297266865342783,0,13.451184295787877,435.8031444499936,437.25243998996996,20,0.1,1.5
1936,20,0.23087614566764164,0,1.3270697581266702,0,13.424615011711795,449.22775946170543,450.67705500168177,20,0.1,1.5
1936,19,0.23087614566764164,0,1.3244181385307405,0,13.3980988157525,462.62585827745795,464.0751538174343,20,0.1,1.5
1936,18,0.23087614566764164,0,1.321771817138948,0,13.371635601834575,475.99749387929256,477.44678941926884,20,0.1,1.5
1936,17,0.23087614566764164,0,1.3191307833649426,0,13.34522526409452,489.3427191433871,490.79201468336333,20,0.1,1.5
1936,16,0.23087614566764164,0,1.3164950266435314,0,13.318867696880407,502.66158684026755,504.11088238024377,20,0.1,1.5
1936,15,0.23087614566764164,0,1.3138645364306283,0,13.292562794751376,515.9541496350189,517.4034451749951,20,0.1,1.5
1936,14,0.23087614566764164,0,1.3112393022032174,0,13.266310452477267,529.2204600874961,530.6697556274723,20,0.1,1.5
1936,13,0.23087614566764164,0,1.3086193134593078,0,13.240110565038172,542.4605706525342,543.9098661925105,20,0.1,1.5
1936,12,0.23087614566764164,0,1.3060045597178924,0,13.213963027624018,555.6745336801582,557.1238292201346,20,0.1,1.5
1936,11,0.23087614566764164,0,1.303395030518908,0,13.187867735634173,568.8624014157923,570.3116969557688,20,0.1,1.5
1936,10,0.23087614566764164,0,1.3007907154231897,0,13.16182458467699,582.0242260004693,583.4735215404457,20,0.1,1.5
1936,9,0.23087614566764164,0,1.298191604012431,0,13.135833470569404,595.1600594710387,596.6093550110152,20,0.1,1.5
1936,8,0.23087614566764164,0,1.2955976858891443,0,13.109894289336536,608.2699537603752,609.7192493003517,20,0.1,1.5
1936,7,0.23087614566764164,0,1.2930089506766154,0,13.084006937211248,621.3539606975864,622.803256237563,20,0.1,1.5
1936,6,0.23087614566764164,0,1.290425388018865,0,13.058171310633744,634.4121320082202,635.8614275481967,20,0.1,1.5
1936,5,0.23087614566764164,0,1.287846987580605,0,13.032387306251143,647.4445193144713,648.8938148544479,20,0.1,1.5
1936,4,0.23087614566764164,0,1.2852737390471984,0,13.006654820917078,660.4511741353883,661.900469675365,20,0.1,1.5
1936,3,0.23087614566764164,0,1.2827056321246184,0,12.980973751691279,673.4321478870796,674.8814434270563,20,0.1,1.5
1936,2,0.011543807283382081,0,5.450393247489504e-4,0,0.013146264769744224,673.4452941518495,674.894589691826,1,0.1,1.5
1936,1,150,0,1.2950146473356343,0,112.95014647335634,786.3954406252058,787.8447361651823,99999,0.1,1.5
1937,62,0.014293555797178744,0.04475765638163233,0.04475765638163233,0,0.9046821648307657,0,0,1,0.1,1.5
1937,61,0.014381997663121843,4.475212566391467e-4,0.04474765045134826,0.002507900376366003,0.49736686375575534,0.4615397155219553,0.49736686375575534,1,0.1,1.5
1937,60,0.014422593205688047,6.313169065862861e-4,0.04537088087146048,0.002517240829353064,0.5055976231940653,0.9311767554395483,1.0029644869498207,1,0.1,1.5
1937,59,0.014416253186073598,6.355297570127341e-4,0.04600266702958322,0.002515739992186541,0.5119319460688639,1.4071695587628903,1.5148964330186847,1,0.1,1.5
1937,58,0.014364130186678955,6.352373246380974e-4,0.04664028979833357,0.00251282498146269,0.5182288577560172,1.8895009167837262,2.033125290774702,1,0.1,1.5
1937,57,0.014267588057521598,6.34545211934081e-4,0.04728335851785323,0.0025086840142998683,0.5245291057309809,2.3781916794532805,2.557654396505683,1,0.1,1.5
1937,56,0.014128158199904888,6.335345041415825e-4,0.047930978965796,0.002503264278700933,0.5308248250998019,2.8732555862859264,3.0884792216054846,1,0.1,1.5
1937,55,0.013951118016842803,6.322490860823244e-4,0.04858640822246391,0.0024967313580583376,0.537154909259429,3.3747429047159505,3.6256341308649134,1,0.1,1.5
1937,54,0.013713438286392123,6.341464981341487e-4,0.04952893418765276,0.002502727022326527,0.5465263422248903,3.8855160037647476,4.172160473089804,1,0.1,1.5
1937,53,0.011543807283382081,6.298116099267559e-4,0.05013480493644133,0.002484093937031902,0.5508290932292483,4.400858040750683,4.722989566319052,1,0.1,1.5
1937,52,0.23087614566764164,0.010463587654535048,0.9975974047461872,0.040992593376941444,10.820135831265766,14.635385395202999,15.543125397584818,20,0.1,1.5
1937,51,0.23087614566764164,0.006573144926708787,0.9751259386018921,0.025282553048845503,10.332087595000324,24.606293660934103,25.87521299258514,20,0.1,1.5
1937,50,0.23087614566764164,0.0033926685994853036,1.1655808308660192,0.012372780750338687,12.020406435819263,36.44994608603424,37.8956194284044,20,0.1,1.5
1937,49,0.23087614566764164,1.2757738352152324e-4,1.3097764864108272,2.8086685239554765e-4,13.25697045199423,49.70290415442281,51.15258988039863,20,0.1,1.5
1937,48,0.23087614566764164,4.033626724420617e-22,1.3966582523159172,0,14.120499953604266,63.82340410802708,65.27308983400289,20,0.1,1.5
1937,47,0.23087614566764164,3.567547584765046e-24,1.400565407292406,0,14.159571503369154,77.98297561139623,79.43266133737204,20,0.1,1.5
1937,46,0.23087614566764164,3.567547584765091e-64,1.397766935956129,0,14.131586790006384,92.11456240140261,93.56424812737842,20,0.1,1.5
1937,45,0.23087614566764164,3.567547584765136e-104,1.3949740562486181,0,14.103657992931275,106.21822039433388,107.6679061203097,20,0.1,1.5
1937,44,0.23087614566764164,3.5675475847651814e-144,1.3921867569972335,0,14.07578500041743,120.29400539475131,121.74369112072712,20,0.1,1.5
1937,43,0.23087614566764164,3.5675475847652256e-184,1.389405027051659,0,14.047967700961683,134.341973095713,135.7916588216888,20,0.1,1.5
1937,42,0.23087614566764164,3.5675475847652715e-224,1.386628855283858,0,14.020205983283674,148.36217907899666,149.81186480497246,20,0.1,1.5
1937,41,0.23087614566764164,3.567547584765316e-264,1.3838582305880305,0,13.9924997363254,162.35467881532205,163.80436454129784,20,0.1,1.5
1937,40,0.23087614566764164,3.5675475847653608e-304,1.3810931418805648,0,13.96484884925074,176.31952766457277,177.76921339054857,20,0.1,1.5
1937,39,0.23087614566764164,0,1.3783335780999961,0,13.937253211445055,190.2567808760178,191.70646660199364,20,0.1,1.5
1937,38,0.23087614566764164,0,1.3755795282069623,0,13.909712712514716,204.16649358853252,205.61617931450834,20,0.1,1.5
1937,37,0.23087614566764164,0,1.3728309811841577,0,13.882227242286671,218.04872083081918,219.498406556795,20,0.1,1.5
1937,36,0.23087614566764164,0,1.3700879260362917,0,13.85479669080801,231.90351752162718,233.353203247603,20,0.1,1.5
1937,35,0.23087614566764164,0,1.3673503517900418,0,13.827420948345512,245.7309384699727,247.18062419594852,20,0.1,1.5
1937,34,0.23087614566764164,0,1.3646182474940136,0,13.80009990538523,259.531038375358,260.98072410133375,20,0.1,1.5
1937,33,0.23087614566764164,0,1.361891602218692,0,13.772833452632014,273.30387182799,274.7535575539658,20,0.1,1.5
1937,32,0.23087614566764164,0,1.3591704050564024,0,13.745621481009119,287.04949330899916,288.4991790349749,20,0.1,1.5
1937,31,0.23087614566764164,0,1.3564546451212636,0,13.71846388165773,300.7679571906569,302.2176429166326,20,0.1,1.5
1937,30,0.23087614566764164,0,1.3537443115491454,0,13.691360545936549,314.45931773659345,315.90900346256916,20,0.1,1.5
1937,29,0.23087614566764164,0,1.3510393934976266,0,13.66431136542136,328.12362910201483,329.57331482799054,20,0.1,1.5
1937,28,0.23087614566764164,0,1.3483398801459485,0,13.63731623190458,341.76094533391944,343.21063105989515,20,0.1,1.5
1937,27,0.23087614566764164,0,1.3456457606949748,0,13.610375037394842,355.3713203713143,356.82100609728997,20,0.1,1.5
1937,26,0.23087614566764164,0,1.3429570243671463,0,13.583487674116556,368.95480804543087,370.4044937714065,20,0.1,1.5
1937,25,0.23087614566764164,0,1.3402736604064378,0,13.556654034509473,382.5114620799404,383.96114780591597,20,0.1,1.5
1937,24,0.23087614566764164,0,1.3375956580783168,0,13.529874011228262,396.04133609116866,397.49102181714426,20,0.1,1.5
1937,23,0.23087614566764164,0,1.3349230066696993,0,13.503147497142088,409.54448358831075,410.99416931428635,20,0.1,1.5
1937,22,0.23087614566764164,0,1.3322556954889075,0,13.47647438533417,423.02095797364495,424.4706436996205,20,0.1,1.5
1937,21,0.23087614566764164,0,1.3295937138656249,0,13.449854569101342,436.47081254274633,437.9204982687218,20,0.1,1.5
1937,20,0.23087614566764164,0,1.3269370511508576,0,13.423287941953669,449.8941004847,451.3437862106755,20,0.1,1.5
1937,19,0.23087614566764164,0,1.3242856967168875,0,13.396774397613969,463.290874882314,464.74056060828946,20,0.1,1.5
1937,18,0.23087614566764164,0,1.321639639957234,0,13.370313830017436,476.6611887123314,478.1108744383069,20,0.1,1.5
1937,17,0.23087614566764164,0,1.3189988702866062,0,13.343906133311156,490.0050948456426,491.4547805716181,20,0.1,1.5
1937,16,0.23087614566764164,0,1.316363377140867,0,13.317551201853764,503.3226460474964,504.7723317734718,20,0.1,1.5
1937,15,0.23087614566764164,0,1.3137331499769853,0,13.291248930214946,516.6138949777113,518.0635807036867,20,0.1,1.5
1937,14,0.23087614566764164,0,1.311108178272997,0,13.264999213175063,529.8788941908863,531.3285799168618,20,0.1,1.5
1937,13,0.23087614566764164,0,1.308488451527962,0,13.238801945724713,543.117696136611,544.5673818625866,20,0.1,1.5
1937,12,0.23087614566764164,0,1.3058739592619206,0,13.2126570230643,556.3303531596753,557.7800388856508,20,0.1,1.5
1937,11,0.23087614566764164,0,1.303264691015856,0,13.186564340603654,569.5169175002789,570.9666032262545,20,0.1,1.5
1937,10,0.23087614566764164,0,1.3006606363516473,0,13.160523793961566,582.6774412942403,584.1271270202161,20,0.1,1.5
1937,9,0.23087614566764164,0,1.2980617848520297,0,13.13453527896539,595.8119765732057,597.2616622991815,20,0.1,1.5
1937,8,0.23087614566764164,0,1.2954681261205554,0,13.108598691650649,608.9205752648563,610.3702609908321,20,0.1,1.5
1937,7,0.23087614566764164,0,1.2928796497815478,0,13.082713928260572,622.0032891931169,623.4529749190926,20,0.1,1.5
1937,6,0.23087614566764164,0,1.2902963454800631,0,13.056880885245725,635.0601700783626,636.5098558043384,20,0.1,1.5
1937,5,0.23087614566764164,0,1.2877182028818468,0,13.031099459263562,648.0912695376261,649.540955263602,20,0.1,1.5
1937,4,0.23087614566764164,0,1.2851452116732938,0,13.00536954717803,661.0966390848041,662.54632481078,20,0.1,1.5
1937,3,0.23087614566764164,0,1.282577361561406,0,12.979691046059154,674.0763301308632,675.5260158568392,20,0.1,1.5
1937,2,0.011543807283382081,0,5.449848208164754e-4,0,0.013145719730419475,674.0894758505937,675.5391615765697,1,0.1,1.5
1937,1,150,0,1.2948851458709008,0,112.948851458709,787.0383273093026,788.4880130352786,99999,0.1,1.5
1938,63,0.014156619385626764,0.04476970624337075,0.04476970624337075,0,0.9048318711244994,0,0,1,0.1,1.5
1938,62,0.014293555797178744,4.4757656381632353e-4,0.04475318061599417,0.0025090094435327452,0.4973796010466919,0.46153660899622406,0.4973796010466919,1,0.1,1.5
1938,61,0.014381997663121843,6.314503066578922e-4,0.04537015078039462,0.0025181929746714536,0.5055781946650557,0.9311406183088304,1.0029577957117475,1,0.1,1.5
1938,60,0.014422593205688047,6.356233764041289e-4,0.0459956539907116,0.002516526496749937,0.5118782143332817,1.407068454117113,1.514836010045029,1,0.1,1.5
1938,59,0.014416253186073598,6.352902956167627e-4,0.0466270017609269,0.002513448920229706,0.5181401691689577,1.8893022101399322,2.032976179213987,1,0.1,1.5
1938,58,0.014364130186678955,6.345586186120535e-4,0.047263832014719405,0.002509149747650536,0.5244049895194415,2.3778622032643657,2.5573811687334285,1,0.1,1.5
1938,57,0.014267588057521598,6.335164556943079e-4,0.04790580118557641,0.002503603893472686,0.5306706716911409,2.872767105048754,3.088051840424569,1,0.1,1.5
1938,56,0.014128158199904888,6.32151414716649e-4,0.048552001937574654,0.002496754703048796,0.5369282299854514,3.374027410704937,3.624980070410021,1,0.1,1.5
1938,55,0.013951118016842803,6.305053303754076e-4,0.04920573242115625,0.002488768119136563,0.5432169531332579,3.8816905335648153,4.168197023543279,1,0.1,1.5
1938,54,0.013713438286392123,6.320232205629733e-4,0.05014966304981563,0.0024932305689326518,0.5525767344508948,4.398649688459529,4.7207737579941735,1,0.1,1.5
1938,53,0.011543807283382081,6.27321600357243e-4,0.05075081494020566,0.002473126278756965,0.5568076123386975,4.920126925387413,5.277581370332871,1,0.1,1.5
1938,52,0.23087614566764164,0.010352784220780712,1.0077457933499478,0.040532129392755946,10.913933626048893,15.255030131539792,16.191514996381763,20,0.1,1.5
1938,51,0.23087614566764164,0.006386369711478464,0.9813490642702434,0.024527587632391795,10.38166587929648,25.286301901802105,26.573180875678243,20,0.1,1.5
1938,50,0.23087614566764164,0.0031271218735795248,1.1685574679705173,0.011315394842263009,12.032411826632677,37.15706523068816,38.60559270231092,20,0.1,1.5
1938,49,0.23087614566764164,7.149248693410214e-5,1.309715725475285,1.233707420982104e-4,13.253552049240115,50.40885484075544,51.859144751551035,20,0.1,1.5
1938,48,0.23087614566764164,4.033626724420619e-24,1.3965185864906857,0,14.119103295351952,64.52795813610739,65.97824804690299,20,0.1,1.5
1938,47,0.23087614566764164,3.567547584765048e-26,1.4004253507516768,0,14.158170937961863,78.68612907406924,80.13641898486486,20,0.1,1.5
1938,46,0.23087614566764164,3.5675475847650925e-66,1.3976271592625336,0,14.130189023070429,92.81631809713967,94.26660800793529,20,0.1,1.5
1938,45,0.23087614566764164,3.567547584765138e-106,1.3948345588429933,0,14.102263018875027,106.91858111601469,108.36887102681031,20,0.1,1.5
1938,44,0.23087614566764164,3.5675475847651832e-146,1.3920475383215338,0,14.074392813660433,120.99297392967512,122.44326384047075,20,0.1,1.5
1938,43,0.23087614566764164,3.5675475847652276e-186,1.3892660865489537,0,14.04657829593463,135.03955222560975,136.48984213640537,20,0.1,1.5
1938,42,0.23087614566764164,3.567547584765274e-226,1.3864901923983295,0,14.01881935442839,149.05837158003814,150.50866149083376,20,0.1,1.5
1938,41,0.23087614566764164,3.567547584765318e-266,1.3837198447649717,0,13.99111587809481,163.04948745813294,164.49977736892856,20,0.1,1.5
1938,40,0.23087614566764164,3.5675475847653627e-306,1.3809550325663766,0,13.96346775610886,177.0129552142418,178.46324512503742,20,0.1,1.5
1938,39,0.23087614566764164,0,1.3781957447421862,0,13.935874877866956,190.94883009210875,192.39912000290437,20,0.1,1.5
1938,38,0.23087614566764164,0,1.3754419702541416,0,13.90833713298651,204.85716722509525,206.30745713589087,20,0.1,1.5
1938,37,0.23087614566764164,0,1.3726936980860394,0,13.880854411305487,218.73802163640073,220.18831154719635,20,0.1,1.5
1938,36,0.23087614566764164,0,1.3699509172436881,0,13.853426602881974,232.5914482392827,234.04173815007832,20,0.1,1.5
1938,35,0.23087614566764164,0,1.3672136167548627,0,13.826053597993722,246.4175018372764,247.86779174807205,20,0.1,1.5
1938,34,0.23087614566764164,0,1.3644817856692641,0,13.798735287137735,260.21623712441414,261.6665270352098,20,0.1,1.5
1938,33,0.23087614566764164,0,1.3617554130584701,0,13.771471561029795,273.987708685444,275.4379985962396,20,0.1,1.5
1938,32,0.23087614566764164,0,1.3590344880158969,0,13.744262310604062,287.73197099604806,289.1822609068437,20,0.1,1.5
1938,31,0.23087614566764164,0,1.3563189996567515,0,13.717107427012609,301.4490784230607,302.8993683338563,20,0.1,1.5
1938,30,0.23087614566764164,0,1.3536089371179905,0,13.690006801624998,315.13908522468574,316.58937513548125,20,0.1,1.5
1938,29,0.23087614566764164,0,1.3509042895582768,0,13.662960326027862,328.8020455507136,330.2523354615091,20,0.1,1.5
1938,28,0.23087614566764164,0,1.348205046157934,0,13.635967892024434,342.43801344273805,343.88830335353356,20,0.1,1.5
1938,27,0.23087614566764164,0,1.3455111961189052,0,13.609029391634147,356.04704283437223,357.4973327451677,20,0.1,1.5
1938,26,0.23087614566764164,0,1.3428227286647096,0,13.58214471709219,369.62918755146444,371.0794774622599,20,0.1,1.5
1938,25,0.23087614566764164,0,1.3401396330403972,0,13.555313760849065,383.18450131231356,384.63479122310895,20,0.1,1.5
1938,24,0.23087614566764164,0,1.337461898512509,0,13.528536415570185,396.7130377278838,398.1633276386791,20,0.1,1.5
1938,23,0.23087614566764164,0,1.3347895143690323,0,13.501812574135416,410.2148503020192,411.66514021281455,20,0.1,1.5
1938,22,0.23087614566764164,0,1.3321224699193586,0,13.47514212963868,423.6899924316579,425.14028234245325,20,0.1,1.5
1938,21,0.23087614566764164,0,1.3294607544942383,0,13.448524975387476,437.1385174070454,438.58880731784075,20,0.1,1.5
1938,20,0.23087614566764164,0,1.3268043574457424,0,13.421961004902519,450.56047841194794,452.0107683227433,20,0.1,1.5
1938,19,0.23087614566764164,0,1.3241532681472157,0,13.39545011191725,463.9559285238652,465.4062184346605,20,0.1,1.5
1938,18,0.23087614566764164,0,1.3215074759932384,0,13.368992190377478,477.32492071424275,478.77521062503797,20,0.1,1.5
1938,17,0.23087614566764164,0,1.3188669703995777,0,13.34258713444087,490.66750784868367,492.11779775947883,20,0.1,1.5
1938,16,0.23087614566764164,0,1.3162317408031527,0,13.316234838476621,503.9837426871603,505.4340325979555,20,0.1,1.5
1938,15,0.23087614566764164,0,1.3136017766619876,0,13.28993519706497,517.2736778842252,518.7239677950205,20,0.1,1.5
1938,14,0.23087614566764164,0,1.3109770674551697,0,13.263688104996792,530.5373659892219,531.9876559000173,20,0.1,1.5
1938,13,0.23087614566764164,0,1.3083576026828092,0,13.237493457273185,543.774859446495,545.2251493572905,20,0.1,1.5
1938,12,0.23087614566764164,0,1.3057433718659945,0,13.21135114910504,556.9862105956,558.4365005063955,20,0.1,1.5
1938,11,0.23087614566764164,0,1.3031343645467546,0,13.18526107591264,570.1714716715127,571.6217615823082,20,0.1,1.5
1938,10,0.23087614566764164,0,1.3005305702880121,0,13.159223133325215,583.3306948048379,584.7809847156334,20,0.1,1.5
1938,9,0.23087614566764164,0,1.2979319786735446,0,13.13323721718054,596.4639320220184,597.9142219328139,20,0.1,1.5
1938,8,0.23087614566764164,0,1.2953385793079433,0,13.107303223524527,609.5712352455429,611.0215251563385,20,0.1,1.5
1938,7,0.23087614566764164,0,1.2927503618165697,0,13.08142104861079,622.6526562941536,624.1029462049493,20,0.1,1.5
1938,6,0.23087614566764164,0,1.2901673158455151,0,13.055590588900245,635.7082468830539,637.1585367938495,20,0.1,1.5
1938,5,0.23087614566764164,0,1.2875894310615585,0,13.02981174106068,648.7380586241145,650.1883485349102,20,0.1,1.5
1938,4,0.23087614566764164,0,1.2850166971521264,0,13.004084401966358,661.7421430260808,663.1924329368766,20,0.1,1.5
1938,3,0.23087614566764164,0,1.28244910382525,0,12.978408468697593,674.7205514947784,676.1708414055742,20,0.1,1.5
1938,2,0.011543807283382081,0,5.449303223343938e-4,0,0.013145174745598658,674.7336966695241,676.1839865803197,1,0.1,1.5
1938,1,150,0,1.2947556573563137,0,112.94755657356313,787.6812532430872,789.1315431538828,99999,0.1,1.5
1939,64,0.01397082421089456,0.04478836489221662,0.04478836489221662,0,0.9050811806515954,0,0,1,0.1,1.5
1939,63,0.014156619385626764,4.476970624337077e-4,0.04476522927274641,0.002510701528797066,0.49743417430598663,0.4615670096088857,0.49743417430598663,1,0.1,1.5
1939,62,0.014293555797178744,6.317281265213495e-4,0.04537595765881575,0.002519731166574449,0.5056020545739823,0.9311729046603758,1.003036228879969,1,0.1,1.5
1939,61,0.014381997663121843,6.358627467344424e-4,0.045995162008984444,0.0025178949457418174,0.5118681737955817,1.4070711506596458,1.5149044026755507,1,0.1,1.5
1939,60,0.014422593205688047,6.354878579515256e-4,0.046620186049500016,0.0025146492893894407,0.5180953624886327,1.8892429518712865,2.0329997651641833,1,0.1,1.5
1939,59,0.014416253186073598,6.347151330135942e-4,0.04725070129080823,0.0025101853360033483,0.5243247902099342,2.377707951566887,2.5573245553741177,1,0.1,1.5
1939,58,0.014364130186678955,6.336330230987546e-4,0.047886393068430566,0.0025044791045936757,0.5305546206291792,2.8724842992732995,3.087879176003297,1,0.1,1.5
1939,57,0.014267588057521598,6.322361379251146e-4,0.04852691157882603,0.0024975015836875758,0.5367817965918722,3.373587501812492,3.6246609725951693,1,0.1,1.5
1939,56,0.014128158199904888,6.305101899093655e-4,0.0491713354131431,0.002489197181992776,0.5429971879065485,3.8810247299762866,4.167658160501718,1,0.1,1.5
1939,55,0.013951118016842803,6.284970830878949e-4,0.04982300387769828,0.0024797323045592005,0.5492405021604122,4.39484048492871,4.71689866266213,1,0.1,1.5
1939,54,0.013713438286392123,6.296278744387927e-4,0.050767955725743816,0.0024826320155146055,0.5585842998429628,4.917958613121464,5.275482962505093,1,0.1,1.5
1939,53,0.011543807283382081,6.245547856928137e-4,0.05136402142840088,0.0024610385467366967,0.5627393271880016,5.445540246784655,5.838222289693094,1,0.1,1.5
1939,52,0.23087614566764164,0.010236560190396794,1.017778051118802,0.04004995683867826,11.006205784089628,15.879603790321738,16.844428073782723,20,0.1,1.5
1939,51,0.23087614566764164,0.006195760605212734,0.9873828262719143,0.02375758266934023,10.429097337349797,25.969307089538102,27.273525411132518,20,0.1,1.5
1939,50,0.23087614566764164,0.0028601199293015475,1.171269460934286,0.010252629946039975,12.041679381167254,37.864520328619065,39.315204792299774,20,0.1,1.5
1939,49,0.23087614566764164,3.155761039389362e-5,1.3096155965882619,2.9771433622106155e-5,13.250814278626255,51.114909301050716,52.56601907092603,20,0.1,1.5
1939,48,0.23087614566764164,4.033626724420621e-26,1.3963789346320368,0,14.117706776765461,65.232616077816175,66.68372584769149,20,0.1,1.5
1939,47,0.23087614566764164,3.56754758476505e-28,1.4002853082166018,0,14.156770512611113,79.38938659042728,80.84049636030261,20,0.1,1.5
1939,46,0.23087614566764164,3.5675475847650946e-68,1.3974873965466073,0,14.128791395911167,93.51817798633844,94.96928775621377,20,0.1,1.5
1939,45,0.23087614566764164,3.56754758476514e-108,1.394695075387109,0,14.100868184316184,107.61904617065463,109.07015594052996,20,0.1,1.5
1939,44,0.23087614566764164,3.567547584765185e-148,1.3919083335677016,0,14.07300076612211,121.69204693677673,123.14315670665206,20,0.1,1.5
1939,43,0.23087614566764164,3.5675475847652296e-188,1.3891271599402988,0,14.045189029848082,135.7372359666248,137.18834573650014,20,0.1,1.5
1939,42,0.23087614566764164,3.5675475847652757e-228,1.3863515433790896,0,14.01743286423599,149.7546688308608,151.20577860073612,20,0.1,1.5
1939,41,0.23087614566764164,3.5675475847653196e-268,1.3835814727804951,0,13.989732158250046,163.74440098911083,165.19551075898616,20,0.1,1.5
1939,40,0.23087614566764164,3.5675475847653645e-308,1.38081693706312,0,13.962086801076294,177.7064877901871,179.15759756006244,20,0.1,1.5
1939,39,0.23087614566764164,0,1.378057925167712,0,13.934496682122214,191.64098447230933,193.09209424218466,20,0.1,1.5
1939,38,0.23087614566764164,0,1.3753044260571161,0,13.906961691016255,205.54794616332558,206.9990559332009,20,0.1,1.5
1939,37,0.23087614566764164,0,1.3725564287162308,0,13.879481717607403,219.42742788093298,220.8785376508083,20,0.1,1.5
1939,36,0.23087614566764164,0,1.3698139221519638,0,13.852056651964732,233.2794845328977,234.73059430277306,20,0.1,1.5
1939,35,0.23087614566764164,0,1.3670768953931873,0,13.824686384376967,247.10417091727467,248.55528068715003,20,0.1,1.5
1939,34,0.23087614566764164,0,1.3643453374906973,0,13.797370805352067,260.90154172262675,262.3526514925021,20,0.1,1.5
1939,33,0.23087614566764164,0,1.3616192375171643,0,13.770109805616737,274.6716515282435,276.12276129811886,20,0.1,1.5
1939,32,0.23087614566764164,0,1.3588985845670953,0,13.742903276116047,288.41455480435957,289.8656645742349,20,0.1,1.5
1939,31,0.23087614566764164,0,1.3561833677567858,0,13.715751108012952,302.13030591237253,303.5814156822479,20,0.1,1.5
1939,30,0.23087614566764164,0,1.3534735762242787,0,13.68865319268788,315.81895910506046,317.27006887493576,20,0.1,1.5
1939,29,0.23087614566764164,0,1.350769199129321,0,13.661609421738303,329.4805685267988,330.9316782966741,20,0.1,1.5
1939,28,0.23087614566764164,0,1.3480702256533181,0,13.634619686978276,343.11518821377706,344.56629798365236,20,0.1,1.5
1939,27,0.23087614566764164,0,1.3453766449992934,0,13.607683880438028,356.7228720942151,358.17398186409036,20,0.1,1.5
1939,26,0.23087614566764164,0,1.3426884463918431,0,13.580801894363525,370.3036739885787,371.75478375845387,20,0.1,1.5
1939,25,0.23087614566764164,0,1.3400056190770933,0,13.553973621216027,383.85764760979475,385.3087573796699,20,0.1,1.5
1939,24,0.23087614566764164,0,1.337328152322658,0,13.527198953671673,397.38484656346645,398.8359563333416,20,0.1,1.5
1939,23,0.23087614566764164,0,1.3346560354175954,0,13.500477784621047,410.8853243480875,412.33643411796265,20,0.1,1.5
1939,22,0.23087614566764164,0,1.3319892576723666,0,13.47381000716876,424.3591343552563,425.8102441251314,20,0.1,1.5
1939,21,0.23087614566764164,0,1.329327808418789,0,13.447195514632984,437.8063298698893,439.2574396397644,20,0.1,1.5
1939,20,0.23087614566764164,0,1.3266716770099978,0,13.420634200545072,451.2269640704344,452.6780738403095,20,0.1,1.5
1939,19,0.23087614566764164,0,1.324020852820401,0,13.394125958649104,464.6210900290835,466.0721997989586,20,0.1,1.5
1939,18,0.23087614566764164,0,1.321375325245639,0,13.367670682901485,477.98876071198504,479.43987048186005,20,0.1,1.5
1939,17,0.23087614566764164,0,1.3187350837025378,0,13.341268267470472,491.33002897945556,492.7811387493305,20,0.1,1.5
1939,16,0.23087614566764164,0,1.3161001176290725,0,13.31491860673582,504.6449475861914,506.09605735606635,20,0.1,1.5
1939,15,0.23087614566764164,0,1.3134704164843214,0,13.288621595288308,517.9335691814797,519.3846789513547,20,0.1,1.5
1939,14,0.23087614566764164,0,1.3108459697484243,0,13.262377127929337,531.195946309409,532.647056079284,20,0.1,1.5
1939,13,0.23087614566764164,0,1.308226766922541,0,13.236185099670504,544.4321314090795,545.8832411789544,20,0.1,1.5
1939,12,0.23087614566764164,0,1.3056127975288079,0,13.210045405733172,557.6421768148126,559.0932865846876,20,0.1,1.5
1939,11,0.23087614566764164,0,1.3030040511102998,0,13.183957941548092,570.8261347563607,572.2772445262357,20,0.1,1.5
1939,10,0.23087614566764164,0,1.3004005172309834,0,13.157922602754928,583.9840573591156,585.4351671289907,20,0.1,1.5
1939,9,0.23087614566764164,0,1.2978021854756772,0,13.131939285201865,597.1159966443174,598.5671064141925,20,0.1,1.5
1939,8,0.23087614566764164,0,1.2952090454500125,0,13.10600788494522,610.2220045292626,611.6731142991378,20,0.1,1.5
1939,7,0.23087614566764164,0,1.292621086780388,0,13.080128298248974,623.3021328275115,624.7532425973867,20,0.1,1.5
1939,6,0.23087614566764164,0,1.2900382991139305,0,13.054300421584399,636.3564332490959,637.807543018971,20,0.1,1.5
1939,5,0.23087614566764164,0,1.2874606721184525,0,13.028524151629618,649.3849574007254,650.8360671706007,20,0.1,1.5
1939,4,0.23087614566764164,0,1.2848881954824112,0,13.002799385269206,662.3877567859946,663.8388665558699,20,0.1,1.5
1939,3,0.23087614566764164,0,1.2823208589148674,0,12.977126019593767,675.3648828055883,676.8159925754637,20,0.1,1.5
1939,2,0.011543807283382081,0,5.448758293021604e-4,0,0.013144629815276324,675.3780274354036,676.829137205279,1,0.1,1.5
1939,1,150,0,1.294626181790578,0,112.94626181790578,788.3242892533094,789.7753990231848,99999,0.1,1.5
1940,65,0.013735163050711197,0.044813684069678485,0.044813684069678485,0,0.9054304567607104,0,0,1,0.1,1.5
1940,64,0.01397082421089456,4.4788364892216643e-4,0.0447838860557274,0.0025129891946341267,0.49753142549138907,0.4616315798537587,0.49753142549138907,1,0.1,1.5
1940,63,0.014156619385626764,6.321523528236036e-4,0.045388428132018405,0.002521868828161737,0.5056702486506722,0.9312751309592633,1.0032016741420613,1,0.1,1.5
1940,62,0.014293555797178744,6.362500729088258e-4,0.046001352854693485,0.0025198594607957567,0.5119030587712244,1.4071801974334055,1.5151047329132856,1,0.1,1.5
1940,61,0.014381997663121843,6.358323639027988e-4,0.046620036229219,0.0025164407569085202,0.518095838043421,1.8893268818067046,2.0332005709567067,1,0.1,1.5
1940,60,0.014422593205688047,6.350172009268754e-4,0.04724418635324243,0.0025118057810739184,0.5242900374084458,2.377733979485523,2.5574906083651525,1,0.1,1.5
1940,59,0.014416253186073598,6.33893485330973e-4,0.047873522554679984,0.002505931866251733,0.530484022518231,2.872418975343015,3.0879746308833838,1,0.1,1.5
1940,58,0.014364130186678955,6.324561063794065e-4,0.04850772420527214,0.002498791098165733,0.5366749055957167,3.3733968652506494,3.6246495364791005,1,0.1,1.5
1940,57,0.014267588057521598,6.306977573011451e-4,0.04914643428359004,0.00249035543628847,0.5428595520132854,3.8806799110312427,4.167509088492386,1,0.1,1.5
1940,56,0.014128158199904888,6.286043973972877e-4,0.04978871757509998,0.00248057055137859,0.5490287140207939,4.394271902889486,4.71653780251318,1,0.1,1.5
1940,55,0.013951118016842803,6.262180469706791e-4,0.05043795465345031,0.0024696033042237824,0.5552225195519686,4.914214375238257,5.271760322065148,1,0.1,1.5
1940,54,0.013713438286392123,6.269542826230393e-4,0.051383536934049893,0.0024709112646014875,0.5645459367091072,5.4434615795959145,5.836306258774256,1,0.1,1.5
1940,53,0.011543807283382081,6.215051845411023e-4,0.051974144662942215,0.002447811412744946,0.5686211044648727,5.977113949593002,6.404927363239128,1,0.1,1.5
1940,52,0.23087614566764164,0.010114854811573534,1.0276887625233597,0.03954591040671489,11.09689518103321,16.50906755338743,17.501822544272336,20,0.1,1.5
1940,51,0.23087614566764164,0.0060013532733871845,0.9932234836566222,0.02297272491232056,10.47434758420691,26.655233353132616,27.976170128479247,20,0.1,1.5
1940,50,0.23087614566764164,0.002591758685803009,1.1737154914747026,0.009184914871796714,12.048203001647245,38.57222328518276,40.02437313012649,20,0.1,1.5
1940,49,0.23087614566764164,7.758434509465476e-6,1.3094920778870087,0,13.248915793660275,51.82113907884303,53.273288923786765,20,0.1,1.5
1940,48,0.23087614566764164,4.0336267244206233e-28,1.3962392967385735,0,14.116310397830828,65.93744947667386,67.3895993216176,20,0.1,1.5
1940,47,0.23087614566764164,3.567547584765052e-30,1.40014527968578,0,14.155370227302894,80.09281970397676,81.54496954892049,20,0.1,1.5
1940,46,0.23087614566764164,3.5675475847650963e-70,1.3973476478069526,0,14.12739390851462,94.22021361249138,95.67236345743511,20,0.1,1.5
1940,45,0.23087614566764164,3.567547584765142e-110,1.3945556058795703,0,14.099473489240797,108.31968710173217,109.7718369466759,20,0.1,1.5
1940,44,0.23087614566764164,3.567547584765187e-150,1.3917691427343448,0,14.071608857788542,122.3912959595207,123.84344580446445,20,0.1,1.5
1940,43,0.23087614566764164,3.5675475847652313e-190,1.3889882472243047,0,14.043799902688141,136.43509586220884,137.8872457071526,20,0.1,1.5
1940,42,0.23087614566764164,3.5675475847652777e-230,1.3862129082247516,0,14.01604651269261,150.45114237490145,151.9032922198452,20,0.1,1.5
1940,41,0.23087614566764164,3.5675475847653214e-270,1.3834431146332171,0,13.988348576777264,164.43949095167872,165.89164079662248,20,0.1,1.5
1940,40,0.23087614566764164,3.56754758476535e-310,1.3806788553694138,0,13.960705984139231,178.40019693581795,179.8523467807617,20,0.1,1.5
1940,39,0.23087614566764164,0,1.3779201193751953,0,13.933118624197046,192.333315560015,193.78546540495876,20,0.1,1.5
1940,38,0.23087614566764164,0,1.3751668956145104,0,13.905586386590198,206.23890194660518,207.69105179154894,20,0.1,1.5
1940,37,0.23087614566764164,0,1.3724191730733593,0,13.878109161178687,220.11701110778387,221.56916095272763,20,0.1,1.5
1940,36,0.23087614566764164,0,1.3696769407597487,0,13.85068683804258,233.96769794582644,235.4198477907702,20,0.1,1.5
1940,35,0.23087614566764164,0,1.366940187703648,0,13.823319307481574,247.791017253308,249.24316709825177,20,0.1,1.5
1940,34,0.23087614566764164,0,1.3642089029569482,0,13.796006460014576,261.5870237133226,263.0391735582663,20,0.1,1.5
1940,33,0.23087614566764164,0,1.3614830755934126,0,13.76874818637922,275.35577189970184,276.80792174464557,20,0.1,1.5
1940,32,0.23087614566764164,0,1.3587626947086386,0,13.741544377531481,289.09731627723335,290.549466122177,20,0.1,1.5
1940,31,0.23087614566764164,0,1.3560477494200103,0,13.714394924645196,302.81171120187855,304.2638610468222,20,0.1,1.5
1940,30,0.23087614566764164,0,1.3533382288666562,0,13.687299719111657,316.49901092099026,317.9511607659339,20,0.1,1.5
1940,29,0.23087614566764164,0,1.350634122209408,0,13.660258652539174,330.15926957352946,331.6114194184731,20,0.1,1.5
1940,28,0.23087614566764164,0,1.3479354186307528,0,13.633271616752623,343.7925411902821,345.2446910352257,20,0.1,1.5
1940,27,0.23087614566764164,0,1.3452421073347935,0,13.60633850379303,357.39887969407516,358.8510295390187,20,0.1,1.5
1940,26,0.23087614566764164,0,1.342554177547204,0,13.579459205917134,370.9783388999923,372.4304887449359,20,0.1,1.5
1940,25,0.23087614566764164,0,1.3398716185151855,0,13.55263361559695,384.53097251558927,385.98312236053283,20,0.1,1.5
1940,24,0.23087614566764164,0,1.3371944195074257,0,13.525861625519351,398.05683414110865,399.50898398605216,20,0.1,1.5
1940,23,0.23087614566764164,0,1.3345225698140537,0,13.499143128585631,411.5559772696943,413.0081271146378,20,0.1,1.5
1940,22,0.23087614566764164,0,1.3318560587465995,0,13.472478017911088,425.0284552876054,426.4806051325489,20,0.1,1.5
1940,21,0.23087614566764164,0,1.329194875637947,0,13.445866186824563,438.47432147443004,439.92647131937343,20,0.1,1.5
1940,20,0.23087614566764164,0,1.326539009842297,0,13.419307528868062,451.89362900329814,453.3457788482415,20,0.1,1.5
1940,19,0.23087614566764164,0,1.323888450735119,0,13.392801937796284,465.28643094109447,466.73858078603774,20,0.1,1.5
1940,18,0.23087614566764164,0,1.3212431877131146,0,13.36634930757624,478.65278024867075,480.104930093614,20,0.1,1.5
1940,17,0.23087614566764164,0,1.3186032101941676,0,13.33994953238677,491.99272978105756,493.4448796260007,20,0.1,1.5
1940,16,0.23087614566764164,0,1.3159685076173095,0,13.313602506618189,505.3063322876758,506.7584821326189,20,0.1,1.5
1940,15,0.23087614566764164,0,1.313339069442673,0,13.287308124871824,518.5936404125475,520.0457902574907,20,0.1,1.5
1940,14,0.23087614566764164,0,1.3107148851514494,0,13.261066281959588,531.8547066945071,533.3068565394503,20,0.1,1.5
1940,13,0.23087614566764164,0,1.3080959442458486,0,13.23487687290358,545.0895835674106,546.5417334123539,20,0.1,1.5
1940,12,0.23087614566764164,0,1.305482236249055,0,13.208739792935644,558.2983233603462,559.7504732052895,20,0.1,1.5
1940,11,0.23087614566764164,0,1.3028737507051888,0,13.182654937496983,571.4809782978432,572.9331281427865,20,0.1,1.5
1940,10,0.23087614566764164,0,1.3002704771792604,0,13.156622202237697,584.6376005000809,586.0897503450242,20,0.1,1.5
1940,9,0.23087614566764164,0,1.2976724052571296,0,13.13064148301639,597.7682419830973,599.2203918280405,20,0.1,1.5
1940,8,0.23087614566764164,0,1.2950795245454676,0,13.10471267589977,610.872954658997,612.3251045039403,20,0.1,1.5
1940,7,0.23087614566764164,0,1.29249182467171,0,13.078835677162195,623.9517903361591,625.4039401811025,20,0.1,1.5
1940,6,0.23087614566764164,0,1.2899092952840192,0,13.053010383285287,637.0048007194443,638.4569505643877,20,0.1,1.5
1940,5,0.23087614566764164,0,1.2873319260512406,0,13.0272366909575,650.0320374104018,651.4841872553452,20,0.1,1.5
1940,4,0.23087614566764164,0,1.2847597066628629,0,13.001514497073723,663.0335519074755,664.4857017524189,20,0.1,1.5
1940,3,0.23087614566764164,0,1.2821926268289758,0,12.975843698734852,676.0093956062103,677.4615454511537,20,0.1,1.5
1940,2,0.011543807283382081,0,5.448213417192302e-4,0,0.013144084939447024,676.0225396911497,677.4746895360931,1,0.1,1.5
1940,1,150,0,1.2944967191723988,0,112.94496719172399,788.9675068828737,790.4196567278171,99999,0.1,1.5
1941,66,0.01345100817199879,0.044845804035026894,0.044845804035026894,0,0.9058834194818703,0,0,1,0.1,1.5
1941,65,0.013735163050711197,4.481368406967851e-4,0.04480920270127152,0.0025158613115298105,0.4976710466658211,0.4617301707868238,0.4976710466658211,1,0.1,1.5
1941,64,0.01397082421089456,6.327261351477534e-4,0.04540765496578036,0.002524599379802829,0.5057833992422989,0.931447864603368,1.00345444590812,1,0.1,1.5
1941,63,0.014156619385626764,6.367887305686703e-4,0.04601435649624564,0.0025224142667200035,0.511983688049799,1.4073970631285955,1.515438133957919,1,0.1,1.5
1941,62,0.014293555797178744,6.363273659280275e-4,0.04662671758460695,0.0025188182880922978,0.5181426051047875,1.8895565498320643,2.0335807390627068,1,0.1,1.5
1941,61,0.014381997663121843,6.35468512866158e-4,0.04724448441482321,0.0025140066474268656,0.5243019083965015,2.377944077551039,2.5578826474592082,1,0.1,1.5
1941,60,0.014422593205688047,6.343016172777483e-4,0.04786741337987558,0.0025079581385678146,0.5304601855167702,2.872576289659698,3.0883428329759783,1,0.1,1.5
1941,59,0.014416253186073598,6.32821901416243e-4,0.04849521816898745,0.0025006461527463495,0.5366147526292243,3.373467525821117,3.6249575856052028,1,0.1,1.5
1941,58,0.014364130186678955,6.310223356052274e-4,0.04912757120739305,0.002492043745289653,0.5427626471538114,3.880629548042219,4.167720232759014,1,0.1,1.5
1941,57,0.014267588057521598,6.288958366451289e-4,0.0497641084992338,0.002482124033919823,0.5489006835007535,4.394071316772689,4.716620916259767,1,0.1,1.5
1941,56,0.014128158199904888,6.264286818186204e-4,0.05040388134118712,0.0024708340429242933,0.55501950154796,4.913793189136017,5.271640417807728,1,0.1,1.5
1941,55,0.013951118016842803,6.236630065256524e-4,0.05105031168404091,0.00245834107632321,0.5611596504834161,5.4398336813862445,5.832800068291144,1,0.1,1.5
1941,54,0.013713438286392123,6.239973589766023e-4,0.051996126396506866,0.002458028864259045,0.5704582278066062,5.975177211132007,6.40325829609775,1,0.1,1.5
1941,53,0.011543807283382081,6.181679050316476e-4,0.05258090010166216,0.002433406463277237,0.5744495010645818,6.5148637627212,6.977707797162331,1,0.1,1.5
1941,52,0.23087614566764164,0.009987626149794458,1.0374724712487862,0.039019530155449,11.185940263794457,17.1433821671521,18.16364806095679,20,0.1,1.5
1941,51,0.23087614566764164,0.005803194760814012,0.9988673425363367,0.022173044413101285,10.51738058074662,27.3440049705687,28.681028641703406,20,0.1,1.5
1941,50,0.23087614566764164,0.0023221463048072083,1.1758943486435043,0.008146637504859798,12.052462915711923,39.280087350496906,40.73349155741533,20,0.1,1.5
1941,49,0.23087614566764164,7.75843450946548e-8,1.30936112867922,0,13.247529493080744,52.52761684357765,53.98102105049607,20,0.1,1.5
1941,48,0.23087614566764164,4.033626724420625e-30,1.3960996728088997,0,14.114914158534091,66.64253100211174,68.09593520903016,20,0.1,1.5
1941,47,0.23087614566764164,3.567547584765054e-32,1.4000052651578114,0,14.153970082023209,80.79650108413495,82.24990529105337,20,0.1,1.5
1941,46,0.23087614566764164,3.567547584765098e-72,1.397207913042172,0,14.125996560866813,94.92249764500176,96.37590185192018,20,0.1,1.5
1941,45,0.23087614566764164,3.5675475847651437e-112,1.3944161503189823,0,14.098078933634916,109.02057657863666,110.47398078555509,20,0.1,1.5
1941,44,0.23087614566764164,3.567547584765189e-152,1.3916299658200715,0,14.070217088645808,123.09079366728247,124.54419787420089,20,0.1,1.5
1941,43,0.23087614566764164,3.567547584765233e-192,1.3888493483995823,0,14.042410914440916,137.1332045817234,138.5866087886418,20,0.1,1.5
1941,42,0.23087614566764164,3.5675475847652794e-232,1.386074286933929,0,14.014660299784385,151.1478648815078,152.6012690884262,20,0.1,1.5
1941,41,0.23087614566764164,3.5675475847653236e-272,1.3833047703217538,0,13.986965133662633,165.13483001517042,166.58823422208883,20,0.1,1.5
1941,40,0.23087614566764164,3.567547584768e-312,1.3805407874838769,0,13.959325305283862,179.0941553204543,180.5475595273727,20,0.1,1.5
1941,39,0.23087614566764164,0,1.377782327363258,0,13.931740704077672,193.02589602453196,194.47930023145037,20,0.1,1.5
1941,38,0.23087614566764164,0,1.375029378924949,0,13.904211219694584,206.93010724422655,208.38351145114495,20,0.1,1.5
1941,37,0.23087614566764164,0,1.372281931156052,0,13.876736742005614,220.80684398623217,222.26024819315057,20,0.1,1.5
1941,36,0.23087614566764164,0,1.3695399730656728,0,13.84931716110182,234.656161147334,236.1095653542524,20,0.1,1.5
1941,35,0.23087614566764164,0,1.3668034936848776,0,13.82195236729387,248.47811351462786,249.93151772154627,20,0.1,1.5
1941,34,0.23087614566764164,0,1.3640724820666525,0,13.79464225111162,262.27275576573953,263.7261599726579,20,0.1,1.5
1941,33,0.23087614566764164,0,1.3613469272858534,0,13.767386703303627,276.0401424690432,277.4935466759615,20,0.1,1.5
1941,32,0.23087614566764164,0,1.3586268184391679,0,13.740185614836772,289.78032808387997,291.2337322907983,20,0.1,1.5
1941,31,0.23087614566764164,0,1.3559121446450684,0,13.713038876895778,303.49336696077575,304.94677116769407,20,0.1,1.5
1941,30,0.23087614566764164,0,1.3532028950437696,0,13.68594638088279,317.17931334165854,318.63271754857686,20,0.1,1.5
1941,29,0.23087614566764164,0,1.350499058797187,0,13.658908018416964,330.8382213600755,332.29162556699384,20,0.1,1.5
1941,28,0.23087614566764164,0,1.3478006250888899,0,13.631923681333992,344.4701450414095,345.92354924832784,20,0.1,1.5
1941,27,0.23087614566764164,0,1.34510758312406,0,13.604993261685694,358.07513830309523,359.52854251001355,20,0.1,1.5
1941,26,0.23087614566764164,0,1.3424199221294493,0,13.578116651739586,371.65325495483484,373.10665916175316,20,0.1,1.5
1941,25,0.23087614566764164,0,1.339737631353334,0,13.551293743978434,385.2045486988133,386.6579529057316,20,0.1,1.5
1941,24,0.23087614566764164,0,1.337060700065475,0,13.524524431099845,398.72907312991316,400.1824773368314,20,0.1,1.5
1941,23,0.23087614566764164,0,1.3343891175570723,0,13.497808606015818,412.226881735929,413.68028594284726,20,0.1,1.5
1941,22,0.23087614566764164,0,1.331722873140725,0,13.471146161852342,425.69802789778134,427.1514321046996,20,0.1,1.5
1941,21,0.23087614566764164,0,1.3290619561503831,0,13.444536991948926,439.1425648897303,440.59596909664856,20,0.1,1.5
1941,20,0.23087614566764164,0,1.3264063559413126,0,13.41798098985822,452.5605458795885,454.0139500865068,20,0.1,1.5
1941,19,0.23087614566764164,0,1.3237560618900455,0,13.39147804934555,465.95202392893407,467.40542813585233,20,0.1,1.5
1941,18,0.23087614566764164,0,1.3211110633943433,0,13.365028064388527,479.3170519933226,480.77045620024086,20,0.1,1.5
1941,17,0.23087614566764164,0,1.3184713498731482,0,13.338630929176576,492.6556829224992,494.10908712941745,20,0.1,1.5
1941,16,0.23087614566764164,0,1.3158369107665477,0,13.312286538110571,505.96796946060977,507.42137366752803,20,0.1,1.5
1941,15,0.23087614566764164,0,1.3132077355357288,0,13.285994785802382,519.2539642464121,520.7073684533304,20,0.1,1.5
1941,14,0.23087614566764164,0,1.3105838136629342,0,13.259755567074436,532.5137198134865,533.9671240204049,20,0.1,1.5
1941,13,0.23087614566764164,0,1.307965134651424,0,13.233568776959334,545.7472885904458,547.2006927973642,20,0.1,1.5
1941,12,0.23087614566764164,0,1.3053516880254301,0,13.207434310699394,558.9547229011451,560.4081271080636,20,0.1,1.5
1941,11,0.23087614566764164,0,1.3027434633301183,0,13.181352063746276,572.1360749648913,573.5894791718099,20,0.1,1.5
1941,10,0.23087614566764164,0,1.3001404501315426,0,13.15532193176052,585.2913968966518,586.7448011035705,20,0.1,1.5
1941,9,0.23087614566764164,0,1.297542638016604,0,13.129343810611134,598.4207407072629,599.8741449141816,20,0.1,1.5
1941,8,0.23087614566764164,0,1.294950016593013,0,13.103417596375223,611.524158303638,612.9775625105568,20,0.1,1.5
1941,7,0.23087614566764164,0,1.292362575489243,0,13.077543185337523,624.6017014889756,626.0551056958943,20,0.1,1.5
1941,6,0.23087614566764164,0,1.2897803043544909,0,13.051720473990002,637.6534219629655,639.1068261698844,20,0.1,1.5
1941,5,0.23087614566764164,0,1.2872031928586354,0,13.025949359031447,650.6793713219969,652.1327755289158,20,0.1,1.5
1941,4,0.23087614566764164,0,1.2846312306921965,0,13.000229737367059,663.6796010593639,665.1330052662828,20,0.1,1.5
1941,3,0.23087614566764164,0,1.282064407566293,0,12.974561506108024,676.6541625654719,678.1075667723908,20,0.1,1.5
1941,2,0.011543807283382081,0,5.447668595850583e-4,0,0.013143540118105304,676.66730610559,678.1207103125089,1,0.1,1.5
1941,1,150,0,1.2943672695004815,0,112.9436726950048,789.6109788005948,791.0643830075137,99999,0.1,1.5
1942,67,0.013121987590356252,0.04488454168424529,0.04488454168424529,0,0.90643882541181,0,0,1,0.1,1.5
1942,66,0.01345100817199879,4.484580403502692e-4,0.04484131945462339,0.0025193018423685875,0.49785514005062037,0.46186511373106914,0.49785514005062037,1,0.1,1.5
1942,65,0.013735163050711197,6.334466962894205e-4,0.04543368710888385,0.0025278927598540676,0.5059408671310743,0.9316932271499425,1.0037960071816947,1,0.1,1.5
1942,64,0.01397082421089456,6.374771063021848e-4,0.04603426404523448,0.002525533866896723,0.5121103495640115,1.4077245214725722,1.515906356745706,1,0.1,1.5
1942,63,0.014156619385626764,6.369714539856875e-4,0.046640358627276016,0.002521757264713267,0.5182361508513196,1.8899355685422738,2.034142507597026,1,0.1,1.5
1942,62,0.014293555797178744,6.360678456823547e-4,0.04725175948487157,0.0025167641403428154,0.5243610839371272,2.3783428790459324,2.558503591534153,1,0.1,1.5
1942,61,0.014381997663121843,6.34856346985378e-4,0.04786826162823844,0.002510534817455017,0.5304839613008197,2.872962057240252,3.088987552834973,1,0.1,1.5
1942,60,0.014422593205688047,6.333325508147311e-4,0.04848961617317955,0.0025030441392342078,0.5366023227946998,3.37380660661732,3.6255898756296725,1,0.1,1.5
1942,59,0.014416253186073598,6.314897572007497e-4,0.04911553018535714,0.002494266467855904,0.5427134129951885,3.8808876415002813,4.168303288624861,1,0.1,1.5
1942,58,0.014364130186678955,6.293211596784655e-4,0.04974566938659473,0.00248417601594268,0.5488142210530323,4.394213633754132,4.717117509677893,1,0.1,1.5
1942,57,0.014267588057521598,6.268199668464071e-4,0.050379663096863835,0.0024727471391579737,0.5549015151396117,4.913790189762915,5.272019024817505,1,0.1,1.5
1942,56,0.014128158199904888,6.239727975492596e-4,0.05101654946378407,0.00245992830474984,0.5609658276716009,5.4396141845095185,5.832984852489106,1,0.1,1.5
1942,55,0.013951118016842803,6.208218991460591e-4,0.0516597919219533,0.0024458872423166996,0.5670481298743654,5.971721068065074,6.400032982363471,1,0.1,1.5
1942,54,0.013713438286392123,6.207471896545273e-4,0.05260543399993198,0.002443927184273896,0.5763173495764201,6.5131251721518675,6.976350331939891,1,0.1,1.5
1942,53,0.011543807283382081,6.145332948696257e-4,0.0531839936274713,0.0024177674461186207,0.5802206756902156,7.058806312897531,7.556571007630106,1,0.1,1.5
1942,52,0.23087614566764164,0.009854758800360195,1.0471236065405236,0.03847009533178434,11.273273874307995,17.782507396751463,18.8298448819381,20,0.1,1.5
1942,51,0.23087614566764164,0.005601293050883462,1.0043107169053584,0.02135845492347571,10.558158314628596,28.035544926758977,29.388003196566697,20,0.1,1.5
1942,50,0.23087614566764164,0.0020598808392630215,1.1778134185848548,0.007167910672454175,12.055049148578474,39.98819535144524,41.44305234514517,20,0.1,1.5
1942,49,0.23087614566764164,7.758434509465484e-10,1.309230192566352,0,13.246219363867048,53.23441471531228,54.68927170901222,20,0.1,1.5
1942,48,0.23087614566764164,4.0336267244206273e-32,1.3959600628416189,0,14.113518058861283,67.34793277417356,68.8027897678735,20,0.1,1.5
1942,47,0.23087614566764164,3.567547584765056e-34,1.3998652646312957,0,14.152570076758051,81.50050285093161,82.95535984463156,20,0.1,1.5
1942,46,0.23087614566764164,3.5675475847651e-74,1.3970681922508676,0,14.124599352953771,95.62510220388538,97.07995919758532,20,0.1,1.5
1942,45,0.23087614566764164,3.5675475847651456e-114,1.3942767087039503,0,14.096684517484597,109.72178672136997,111.17664371506993,20,0.1,1.5
1942,44,0.23087614566764164,3.567547584765191e-154,1.3914908028234896,0,14.06882545867999,123.79061218004995,125.24546917374992,20,0.1,1.5
1942,43,0.23087614566764164,3.567547584765235e-194,1.3887104634647423,0,14.041022065092516,137.83163424514245,139.28649123884244,20,0.1,1.5
1942,42,0.23087614566764164,3.5675475847652815e-234,1.3859356795052358,0,14.013274225497451,151.8449084706399,153.29976546433988,20,0.1,1.5
1942,41,0.23087614566764164,3.567547584765326e-274,1.3831664398447217,0,13.985581828892311,165.83049029953222,167.2853472932322,20,0.1,1.5
1942,40,0.23087614566764164,3.5675475846e-314,1.3804027334051285,0,13.957944764496379,179.7884350640286,181.24329205772858,20,0.1,1.5
1942,39,0.23087614566764164,0,1.3776445491305216,0,13.93036292175031,193.7187979857789,195.1736549794789,20,0.1,1.5
1942,38,0.23087614566764164,0,1.3748918759870565,0,13.902836190315659,207.62163417609457,209.07649116979456,20,0.1,1.5
1942,37,0.23087614566764164,0,1.3721447029629363,0,13.875364460074458,221.49699863616902,222.95185562986902,20,0.1,1.5
1942,36,0.23087614566764164,0,1.3694030190683661,0,13.847947621128755,235.34494625729778,236.79980325099777,20,0.1,1.5
1942,35,0.23087614566764164,0,1.366666813335509,0,13.820585563800185,249.16553182109797,250.62038881479796,20,0.1,1.5
1942,34,0.23087614566764164,0,1.363936074818446,0,13.793278178629553,262.9588099997275,264.4136669934275,20,0.1,1.5
1942,33,0.23087614566764164,0,1.3612107925931247,0,13.76602535637634,276.7248353561039,278.1796923498039,20,0.1,1.5
1942,32,0.23087614566764164,0,1.358490955757324,0,13.738826988018333,290.4636623441222,291.9185193378222,20,0.1,1.5
1942,31,0.23087614566764164,0,1.3557765534306039,0,13.711682964751132,304.1753453088734,305.6302023025733,20,0.1,1.5
1942,30,0.23087614566764164,0,1.353067574754265,0,13.684593177987745,317.85993848686115,319.31479548056103,20,0.1,1.5
1942,29,0.23087614566764164,0,1.3503640088913074,0,13.657557519358168,331.51749600621935,332.9723529999192,20,0.1,1.5
1942,28,0.23087614566764164,0,1.347665845026381,0,13.630575880708903,345.1480718869283,346.60292888062816,20,0.1,1.5
1942,27,0.23087614566764164,0,1.3449730723657476,0,13.60364815410257,358.75172004103086,360.20657703473074,20,0.1,1.5
1942,26,0.23087614566764164,0,1.3422856801372363,0,13.576774231817456,372.32849427284833,373.7833512665482,20,0.1,1.5
1942,25,0.23087614566764164,0,1.3396036575901986,0,13.54995400634708,385.8784482791954,387.3333052728953,20,0.1,1.5
1942,24,0.23087614566764164,0,1.3369269939954684,0,13.523187370399778,399.4016356495952,400.8564926432951,20,0.1,1.5
1942,23,0.23087614566764164,0,1.3342556786453166,0,13.49647421689826,412.8981098664935,414.35296686019336,20,0.1,1.5
1942,22,0.23087614566764164,0,1.3315897008534108,0,13.469814438979201,426.3679243054727,427.82278129917256,20,0.1,1.5
1942,21,0.23087614566764164,0,1.3289290499547681,0,13.443207929992775,439.8111322354655,441.2659892291653,20,0.1,1.5
1942,20,0.23087614566764164,0,1.3262737153057185,0,13.416654583502279,453.2277868189678,454.6826438126676,20,0.1,1.5
1942,19,0.23087614566764164,0,1.3236236862838564,0,13.390154293283658,466.61794111225146,468.0727981059513,20,0.1,1.5
1942,18,0.23087614566764164,0,1.3209789522880038,0,13.363706953325131,479.9816480655766,481.4365050592764,20,0.1,1.5
1942,17,0.23087614566764164,0,1.3183395027381608,0,13.337312457826702,493.31896052340335,494.7738175171031,20,0.1,1.5
1942,16,0.23087614566764164,0,1.315705327075471,0,13.310970701199805,506.6299312246032,508.0847882183029,20,0.1,1.5
1942,15,0.23087614566764164,0,1.3130764147621752,0,13.284681578066845,519.91461280267,521.3694697963697,20,0.1,1.5
1942,14,0.23087614566764164,0,1.310452755281568,0,13.258444983260773,533.1730577859307,534.6279147796305,20,0.1,1.5
1942,13,0.23087614566764164,0,1.307834338137959,0,13.232260811824682,546.4053185977554,547.8601755914551,20,0.1,1.5
1942,12,0.23087614566764164,0,1.3052211528566275,0,13.20612895901137,559.6114475567667,561.0663045504665,20,0.1,1.5
1942,11,0.23087614566764164,0,1.3026131889837853,0,13.180049320282947,572.7914968770497,574.2463538707494,20,0.1,1.5
1942,10,0.23087614566764164,0,1.3000104360865294,0,13.154021791310388,585.94551866836,587.4003756620598,20,0.1,1.5
1942,9,0.23087614566764164,0,1.2974128837528023,0,13.128046267973117,599.0735649363331,600.5284219300329,20,0.1,1.5
1942,8,0.23087614566764164,0,1.2948205215913537,0,13.102122646358632,612.1756875826917,613.6305445763916,20,0.1,1.5
1942,7,0.23087614566764164,0,1.292233339231694,0,13.076250822762034,625.2519384054536,626.7067953991536,20,0.1,1.5
1942,6,0.23087614566764164,0,1.2896513263240554,0,13.050430693685648,638.3023690991392,639.7572260928392,20,0.1,1.5
1942,5,0.23087614566764164,0,1.2870744725393495,0,13.02466215583859,651.3270312549778,652.7818882486778,20,0.1,1.5
1942,4,0.23087614566764164,0,1.2845027675691274,0,12.998945106136368,664.3259763611142,665.7808333548141,20,0.1,1.5
1942,3,0.23087614566764164,0,1.2819362011255364,0,12.973279441700457,677.2992558028146,678.7541127965146,20,0.1,1.5
1942,2,0.011543807283382081,0,5.447123828990998e-4,0,0.01314299535124572,677.3123987981659,678.7672557918659,1,0.1,1.5
1942,1,150,0,1.2942378327735315,0,112.94237832773531,790.2547771259012,791.7096341196012,99999,0.1,1.5
1943,68,0.012751945479591274,0.04492940715837993,0.04492940715837993,0,0.9070894401539928,0,0,1,0.1,1.5
1943,67,0.013121987590356252,4.4884541684245315e-4,0.04488005323007687,0.0025232836439618945,0.498083887395553,0.46203697819609735,0.498083887395553,1,0.1,1.5
1943,66,0.01345100817199879,6.343100409956496e-4,0.04546666078327008,0.0025317305206584437,0.506144625890539,0.9320140252200871,1.004228513286092,1,0.1,1.5
1943,65,0.013735163050711197,6.383076569264111e-4,0.046061116930136474,0.0025291859435304246,0.51228224900249,1.4081650464578568,1.5165107622885818,1,0.1,1.5
1943,64,0.01397082421089456,6.377582377872027e-4,0.04666104408555414,0.002525229979100797,0.5183766200278307,1.8904669524985331,2.0348873823164126,1,0.1,1.5
1943,63,0.014156619385626764,6.368090307181736e-4,0.04726613390759161,0.0025200514719250916,0.5244679109533978,2.3789341281387157,2.5593552932698103,1,0.1,1.5
1943,62,0.014293555797178744,6.355517135425274e-4,0.04787622534400879,0.0025136359796081036,0.5305558931966052,2.873580935912348,3.0899111864664155,1,0.1,1.5
1943,61,0.014381997663121843,6.33982267833608e-4,0.048491108506439375,0.002505959866020142,0.5366383328422416,3.374419842097159,3.626549519308657,1,0.1,1.5
1943,60,0.014422593205688047,6.320943603166993e-4,0.04911052824637079,0.0024969989498081478,0.5427127017726882,3.8814611303011595,4.169262221081345,1,0.1,1.5
1943,59,0.014416253186073598,6.298815145359835e-4,0.04973418524930258,0.002486728752176667,0.5487761995554347,4.394712633396928,4.71803842063678,1,0.1,1.5
1943,58,0.014364130186678955,6.273372155824547e-4,0.050361738823641734,0.002475124722886072,0.5548257717960193,4.914179480580289,5.272864192432799,1,0.1,1.5
1943,57,0.014267588057521598,6.244549844579575e-4,0.05099281191534364,0.002462162532502249,0.5608581448340149,5.439863874949986,5.833722337266813,1,0.1,1.5
1943,56,0.014128158199904888,6.212218041629526e-4,0.05162642988502515,0.00244779218070409,0.5668637487494951,5.971759163975137,6.400586086016308,1,0.1,1.5
1943,55,0.013951118016842803,6.176800295706354e-4,0.052266097753340283,0.0024321817994370463,0.572883977451343,6.509897687148808,6.973470063467651,1,0.1,1.5
1943,54,0.013713438286392123,6.171892679650193e-4,0.05321115525260046,0.0024285471447659714,0.5821192680360967,7.05732342454539,7.555589331503748,1,0.1,1.5
1943,53,0.011543807283382081,6.105871944783514e-4,0.05378311708963821,0.0024008368496299605,0.5859305836438483,7.60895633890881,8.141519915147597,1,0.1,1.5
1943,52,0.23087614566764164,0.009716071420949686,1.0566364180128156,0.037896893187704304,11.358826513178522,18.426398663691558,19.500346428326118,20,0.1,1.5
1943,51,0.23087614566764164,0.005395626661377762,1.009549899564537,0.020528911626246267,10.596642858793473,28.729771356395798,30.09698928711959,20,0.1,1.5
1943,50,0.23087614566764164,0.0018125764765061741,1.1794876149111098,0.006249143269128302,12.056192819594514,40.69669070071705,42.153182106714105,20,0.1,1.5
1943,49,0.23087614566764164,7.758434509465488e-12,1.3090992695470955,0,13.244910125993634,53.94160082671068,55.39809223270774,20,0.1,1.5
1943,48,0.23087614566764164,4.033626724420629e-34,1.3958204668353347,0,14.11212209879844,68.05372292550912,69.51021433150618,20,0.1,1.5
1943,47,0.23087614566764164,3.567547584765058e-36,1.3997252781048326,0,14.15117021149342,82.20489313700254,83.6613845429996,20,0.1,1.5
1943,46,0.23087614566764164,3.567547584765102e-76,1.3969284854316426,0,14.12320228476152,96.32809542176406,97.78458682776112,20,0.1,1.5
1943,45,0.23087614566764164,3.5675475847651473e-116,1.3941372810330799,0,14.095290240775892,110.42338566253994,111.87987706853701,20,0.1,1.5
1943,44,0.23087614566764164,3.5675475847651926e-156,1.3913516537432074,0,14.067433967877168,124.49081963041711,125.94731103641418,20,0.1,1.5
1943,43,0.23087614566764164,3.567547584765237e-196,1.388571592418396,0,14.039633354629053,138.53045298504617,139.98694439104324,20,0.1,1.5
1943,42,0.23087614566764164,3.5675475847652835e-236,1.3857970859372852,0,14.011888289817946,152.5423412748641,153.9988326808612,20,0.1,1.5
1943,41,0.23087614566764164,3.5675475847653276e-276,1.383028123200737,0,13.984198662452465,166.52653993731656,167.98303134331366,20,0.1,1.5
1943,40,0.23087614566764164,3.5675476e-316,1.3802646931317881,0,13.956564361762975,180.48310429907954,181.93959570507664,20,0.1,1.5
1943,39,0.23087614566764164,0,1.3775067846756086,0,13.92898527720118,194.41208957628072,195.86858098227782,20,0.1,1.5
1943,38,0.23087614566764164,0,1.3747543867994578,0,13.901461298439672,208.3135508747204,209.7700422807175,20,0.1,1.5
1943,37,0.23087614566764164,0,1.37200748849264,0,13.873992315371495,222.18754319009187,223.644034596089,20,0.1,1.5
1943,36,0.23087614566764164,0,1.3692660787664592,0,13.846578218109686,236.03412140820154,237.4906128141987,20,0.1,1.5
1943,35,0.23087614566764164,0,1.3665301466541755,0,13.819218896986849,249.8533403051884,251.30983171118555,20,0.1,1.5
1943,34,0.23087614566764164,0,1.363799681210964,0,13.791914242554734,263.64525454774315,265.1017459537403,20,0.1,1.5
1943,33,0.23087614566764164,0,1.3610746715138655,0,13.76466414558375,277.4099186933269,278.86641009932407,20,0.1,1.5
1943,32,0.23087614566764164,0,1.3583551066617483,0,13.737468497062578,291.1473871903895,292.60387859638666,20,0.1,1.5
1943,31,0.23087614566764164,0,1.3556409757752608,0,13.710327188197702,304.8577143785872,306.3142057845844,20,0.1,1.5
1943,30,0.23087614566764164,0,1.3529322679967897,0,13.68324011041299,318.5409544890002,319.9974458949974,20,0.1,1.5
1943,29,0.23087614566764164,0,1.3502289724904182,0,13.656207155349275,332.19716164434953,333.65365305034663,20,0.1,1.5
1943,28,0.23087614566764164,0,1.3475310784418784,0,13.629228214863877,345.82638985921346,347.2828812652105,20,0.1,1.5
1943,27,0.23087614566764164,0,1.344838575058511,0,13.602303181030203,359.4286930402437,360.8851844462407,20,0.1,1.5
1943,26,0.23087614566764164,0,1.3421514515692226,0,13.57543194613732,373.00412498638104,374.46061639237803,20,0.1,1.5
1943,25,0.23087614566764164,0,1.3394696972244395,0,13.54861440268949,386.55273938907055,388.00923079506754,20,0.1,1.5
1943,24,0.23087614566764164,0,1.3367933012960689,0,13.521850443405782,400.07458983247636,401.53108123847335,20,0.1,1.5
1943,23,0.23087614566764164,0,1.3341222530774521,0,13.495139961219616,413.569729793696,415.02622119969294,20,0.1,1.5
1943,22,0.23087614566764164,0,1.3314565418833255,0,13.468482849278349,427.0382126429744,428.4947040489713,20,0.1,1.5
1943,21,0.23087614566764164,0,1.3287961570497726,0,13.44187900094282,440.4800916439172,441.93658304991413,20,0.1,1.5
1943,20,0.23087614566764164,0,1.326141087934188,0,13.415328309786974,453.8954199537042,455.3519113597011,20,0.1,1.5
1943,19,0.23087614566764164,0,1.323491323915228,0,13.388830669597374,467.2842506233016,468.7407420292985,20,0.1,1.5
1943,18,0.23087614566764164,0,1.320846854392775,0,13.362385974372843,480.64663659767444,482.1031280036713,20,0.1,1.5
1943,17,0.23087614566764164,0,1.318207668787887,0,13.335994118323963,493.9826307159984,495.4391221219953,20,0.1,1.5
1943,16,0.23087614566764164,0,1.3155737565427634,0,13.309654995872728,507.29228571187116,508.74877711786803,20,0.1,1.5
1943,15,0.23087614566764164,0,1.312945107120699,0,13.283368501652085,520.5756542135232,522.0321456195201,20,0.1,1.5
1943,14,0.23087614566764164,0,1.3103217100060398,0,13.257134530505493,533.8327887440287,535.2892801500255,20,0.1,1.5
1943,13,0.23087614566764164,0,1.3077035547041451,0,13.230952977486545,547.0637417215152,548.5202331275121,20,0.1,1.5
1943,12,0.23087614566764164,0,1.305090630741342,0,13.204823737858513,560.2685654593737,561.7250568653707,20,0.1,1.5
1943,11,0.23087614566764164,0,1.302482927664887,0,13.178746707093964,573.4473121664677,574.9038035724647,20,0.1,1.5
1943,10,0.23087614566764164,0,1.2998804350429207,0,13.152721780874302,586.6000339473419,588.056525353339,20,0.1,1.5
1943,9,0.23087614566764164,0,1.297283142464427,0,13.126748855089366,599.7267828024312,601.1832742084283,20,0.1,1.5
1943,8,0.23087614566764164,0,1.2946910395391946,0,13.10082782583704,612.8276106282682,614.2841020342654,20,0.1,1.5
1943,7,0.23087614566764164,0,1.2921041158977709,0,13.074958589422803,625.9025692176909,627.3590606236882,20,0.1,1.5
1943,6,0.23087614566764164,0,1.289522361191423,0,13.049141042359324,638.9517102600503,640.4082016660475,20,0.1,1.5
1943,5,0.23087614566764164,0,1.2869457650920955,0,13.023375081366048,651.9750853414163,653.4315767474135,20,0.1,1.5
1943,4,0.23087614566764164,0,1.2843743172923705,0,12.997660603368798,664.9727459447851,666.4292373507823,20,0.1,1.5
1943,3,0.23087614566764164,0,1.281808007505424,0,12.971997505499333,677.9447434502844,679.4012348562816,20,0.1,1.5
1943,2,0.011543807283382081,0,5.446579116608099e-4,0,0.01314245063886282,677.9578859009233,679.4143773069204,1,0.1,1.5
1943,1,150,0,1.2941084089902541,0,112.94108408990255,790.8989699908259,792.355461396823,99999,0.1,1.5
1944,69,0.012344886190564777,0.044979881655791455,0.044979881655791455,0,0.9078275572428722,0,0,1,0.1,1.5
1944,68,0.012751945479591274,4.492940715837996e-4,0.04492491421766409,0.0025277623666144066,0.49835427083050743,0.46224337987887304,0.49835427083050743,1,0.1,1.5
1944,67,0.013121987590356252,6.353093651588982e-4,0.045506386135744335,0.0025360837574212873,0.5063947146990977,0.9324083266148095,1.0047489855296052,1,0.1,1.5
1944,66,0.01345100817199879,6.392757305745674e-4,0.046095046747356365,0.0025333506515919503,0.5125012871548125,1.4087188901754513,1.5172502726844177,1,0.1,1.5
1944,65,0.013735163050711197,6.386795624518703e-4,0.04668880730432607,0.0025292027527974202,0.5185631119320262,1.8911505342103716,2.0358133846164437,1,0.1,1.5
1944,64,0.01397082421089456,6.376850771530713e-4,0.047287685475920785,0.0025238396145058632,0.5246224399737998,2.3797181225483732,2.560435824590243,1,0.1,1.5
1944,63,0.014156619385626764,6.363809582884546e-4,0.04789142016218212,0.0025172335556675504,0.5306762368284694,2.8744338800101636,3.0911120614187126,1,0.1,1.5
1944,62,0.014293555797178744,6.347645120374512e-4,0.048499846716376416,0.002509366166182307,0.5367232375705765,3.3753090294924215,3.627835298989289,1,0.1,1.5
1944,61,0.014381997663121843,6.328297891833717e-4,0.04911274936209377,0.0025002147933759046,0.542761144145937,3.882352819447274,4.170596443135226,1,0.1,1.5
1944,60,0.014422593205688047,6.30570681055204e-4,0.04972986693099819,0.002489756419865829,0.5487873871128853,4.3955722577049325,4.719383830248112,1,0.1,1.5
1944,59,0.014416253186073598,6.279810031895266e-4,0.05035089401882182,0.0024779678057731524,0.5547991257599694,4.914971843382428,5.274182956008081,1,0.1,1.5
1944,58,0.014364130186678955,6.250545528773426e-4,0.05097548383048089,0.0024648257150308973,0.5607932665537144,5.44055331400713,5.834976222561796,1,0.1,1.5
1944,57,0.014267588057521598,6.217851829701418e-4,0.05160325326727767,0.002450307209383572,0.5667664985796388,5.972315423881289,6.401742721141435,1,0.1,1.5
1944,56,0.014128158199904888,6.181602632176521e-4,0.05223321528721268,0.0024343639101449843,0.5727091549253587,6.5102479515188625,6.9744518760667935,1,0.1,1.5
1944,55,0.013951118016842803,6.142222501549679e-4,0.052868916593424214,0.002417164322403886,0.5786630526718377,7.054380085299216,7.553114928738632,1,0.1,1.5
1944,54,0.013713438286392123,6.13308678871143e-4,0.053812970923266694,0.0024118294255823106,0.5878597942920537,7.607785173511522,8.140974723030686,1,0.1,1.5
1944,53,0.011543807283382081,6.063150843522736e-4,0.05437794799033674,0.002382557107602123,0.5915750323777466,8.165323675780668,8.732549755408433,1,0.1,1.5
1944,52,0.23087614566764164,0.009571384011135574,1.0660049776679403,0.03729923924404423,11.44252732215077,19.075004723016523,20.1750770775592,20,0.1,1.5
1944,51,0.23087614566764164,0.005186184173175345,1.014581172481142,0.01968442372141059,10.632797050151275,29.426595720004787,30.807874127710477,20,0.1,1.5
1944,50,0.23087614566764164,0.0015804115820471371,1.1809319519669008,0.005390808020916349,12.056052609090521,41.40563678593936,42.863926736801,20,0.1,1.5
1944,49,0.23087614566764164,7.758434509465492e-14,1.308968359620141,0,13.243601026647278,54.649237812586634,56.107527763448275,20,0.1,1.5
1944,48,0.23087614566764164,4.0336267244206314e-36,1.395680884788651,0,14.110726278331605,68.75996409091823,70.21825404177989,20,0.1,1.5
1944,47,0.23087614566764164,3.5675475847650597e-38,1.3995853055770222,0,14.149770486215315,82.90973457713355,84.3680245279952,20,0.1,1.5
1944,46,0.23087614566764164,3.567547584765104e-78,1.3967887925830995,0,14.12180535627609,97.03153993340963,98.48982988427129,20,0.1,1.5
1944,45,0.23087614566764164,3.5675475847651495e-118,1.3939978673049767,0,14.09389610349486,111.12543603690449,112.58372598776614,20,0.1,1.5
1944,44,0.23087614566764164,3.5675475847651946e-158,1.391212518577833,0,14.066042616223424,125.19147865312792,126.64976860398957,20,0.1,1.5
1944,43,0.23087614566764164,3.567547584765239e-198,1.3884327352591541,0,14.038244783036635,139.22972343616456,140.68801338702622,20,0.1,1.5
1944,42,0.23087614566764164,3.567547584765285e-238,1.3856585062286915,0,14.010502492732009,153.24022592889656,154.69851587975822,20,0.1,1.5
1944,41,0.23087614566764164,3.5675475847653296e-278,1.382889820388417,0,13.982815634329263,167.22304156322582,168.68133151408747,20,0.1,1.5
1944,40,0.23087614566764164,3.56755e-318,1.380126666662475,0,13.955184097069843,181.17822566029565,182.6365156111573,20,0.1,1.5
1944,39,0.23087614566764164,0,1.3773690339971412,0,13.927607770416506,195.10583343071215,196.5641233815738,20,0.1,1.5
1944,38,0.23087614566764164,0,1.3746169113607778,0,13.900086544052872,209.00591997476502,210.46420992562668,20,0.1,1.5
1944,37,0.23087614566764164,0,1.371870287743791,0,13.872620307883004,222.87854028264803,224.3368302335097,20,0.1,1.5
1944,36,0.23087614566764164,0,1.3691291521585827,0,13.845208952030921,236.72374923467896,238.18203918554062,20,0.1,1.5
1944,35,0.23087614566764164,0,1.3663934936395101,0,13.817852366840196,250.54160160151915,251.9998915523808,20,0.1,1.5
1944,34,0.23087614566764164,0,1.363663301242843,0,13.790550442873524,264.33215204439267,265.79044199525435,20,0.1,1.5
1944,33,0.23087614566764164,0,1.3609385640467142,0,13.763303070912237,278.09545511530496,279.5537450661666,20,0.1,1.5
1944,32,0.23087614566764164,0,1.358219271151082,0,13.736110141955916,291.8315652572609,293.2898552081225,20,0.1,1.5
1944,31,0.23087614566764164,0,1.3555054116776832,0,13.708971547221926,305.5405368044828,306.99882675534445,20,0.1,1.5
1944,30,0.23087614566764164,0,1.35279697476999,0,13.681887178144994,319.22242398262784,320.68071393348947,20,0.1,1.5
1944,29,0.23087614566764164,0,1.3500939495931692,0,13.654856926376786,332.87728090900464,334.33557085986627,20,0.1,1.5
1944,28,0.23087614566764164,0,1.3473963253340342,0,13.627880683785436,346.5051615927901,347.96345154365173,20,0.1,1.5
1944,27,0.23087614566764164,0,1.344704091201005,0,13.600958342455145,360.10611993524526,361.5644098861069,20,0.1,1.5
1944,26,0.23087614566764164,0,1.3420172364240657,0,13.57408979468575,373.68020972993105,375.1384996807926,20,0.1,1.5
1944,25,0.23087614566764164,0,1.3393357502547172,0,13.547274932992266,387.22748466292336,388.6857746137849,20,0.1,1.5
1944,24,0.23087614566764164,0,1.3366596219659392,0,13.520513650104487,400.7479983130279,402.20628826388935,20,0.1,1.5
1944,23,0.23087614566764164,0,1.3339888408521443,0,13.493805838966537,414.2418041519945,415.70009410285587,20,0.1,1.5
1944,22,0.23087614566764164,0,1.331323396229137,0,13.467151392736465,427.70895554473094,429.16724549559234,20,0.1,1.5
1944,21,0.23087614566764164,0,1.3286632774340676,0,13.44055020478577,441.1495057495167,442.6077957003781,20,0.1,1.5
1944,20,0.23087614566764164,0,1.3260084738253946,0,13.414002168699039,454.5635079182158,456.02179786907715,20,0.1,1.5
1944,19,0.23087614566764164,0,1.3233589747828365,0,13.38750717827346,467.9510150964893,469.4093050473506,20,0.1,1.5
1944,18,0.23087614566764164,0,1.3207147697073356,0,13.361065127518449,481.3120802240078,482.770370174869,20,0.1,1.5
1944,17,0.23087614566764164,0,1.3180758480210082,0,13.334675910655175,494.646756134663,496.1050460855242,20,0.1,1.5
1944,16,0.23087614566764164,0,1.3154421991671092,0,13.308339422116186,507.9550955567792,509.4133855076404,20,0.1,1.5
1944,15,0.23087614566764164,0,1.3128138126099869,0,13.282055556544963,521.2371511133241,522.6954410641854,20,0.1,1.5
1944,14,0.23087614566764164,0,1.3101906778350392,0,13.255824208795486,534.4929753221196,535.9512652729809,20,0.1,1.5
1944,13,0.23087614566764164,0,1.3075727843486746,0,13.22964527393184,547.7226205960515,549.1809105469127,20,0.1,1.5
1944,12,0.23087614566764164,0,1.3049601216782678,0,13.203518647227773,560.9261392432792,562.3844291941405,20,0.1,1.5
1944,11,0.23087614566764164,0,1.3023526793721205,0,13.1774442241663,574.1035834674454,575.5618734183067,20,0.1,1.5
1944,10,0.23087614566764164,0,1.2997504469994166,0,13.15142190043926,587.2550053678847,588.713295318746,20,0.1,1.5
1944,9,0.23087614566764164,0,1.2971534141501806,0,13.1254515719469,600.3804569398316,601.8387468906928,20,0.1,1.5
1944,8,0.23087614566764164,0,1.2945615704352407,0,13.0995331347975,613.4799900746291,614.9382800254904,20,0.1,1.5
1944,7,0.23087614566764164,0,1.291974905486181,0,13.073666485306905,626.5536565599359,628.0119465107973,20,0.1,1.5
1944,6,0.23087614566764164,0,1.2893934089553039,0,13.047851519998133,639.601508079934,641.0597980307955,20,0.1,1.5
1944,5,0.23087614566764164,0,1.2868170705155864,0,13.022088135600958,652.6235962155349,654.0818861663964,20,0.1,1.5
1944,4,0.23087614566764164,0,1.2842458798606413,0,12.996376229051506,665.6199724445864,667.078262395448,20,0.1,1.5
1944,3,0.23087614566764164,0,1.2816798267046734,0,12.970715697491828,678.5906881420782,680.0489780929398,20,0.1,1.5
1944,2,0.011543807283382081,0,5.446034458696439e-4,0,0.01314190598095116,678.6038300480592,680.0621199989208,1,0.1,1.5
1944,1,150,0,1.2939789981493552,0,112.93978998149355,791.5436200295527,793.0019099804143,99999,0.1,1.5
1945,70,0.01190494062748788,0.04503542495307998,0.04503542495307998,0,0.9086451261465914,0,0,1,0.1,1.5
1945,69,0.012344886190564777,4.4979881655791477e-4,0.04497538366762588,0.002532691636515364,0.4986630580619577,0.4624817489688811,0.4986630580619577,1,0.1,1.5
1945,68,0.012751945479591274,6.364335323694396e-4,0.045552362317895924,0.002540906518570061,0.5066879200400487,0.9328710044579289,1.0053509781020065,1,0.1,1.5
1945,67,0.013121987590356252,6.403740330069108e-4,0.046135856436486086,0.0025379979564368023,0.512767410085217,1.409381300879763,1.5181183881872236,1,0.1,1.5
1945,66,0.01345100817199879,6.397304202037333e-4,0.046723774905579614,0.0025336546528920375,0.5187974585090522,1.891983692918929,2.036915846696276,1,0.1,1.5
1945,65,0.013735163050711197,6.386874838238737e-4,0.04731643911179499,0.0025280938421663526,0.5248236676399916,2.380691734242258,2.561739514336267,1,0.1,1.5
1945,64,0.01397082421089456,6.373367543979965e-4,0.04791391661099966,0.002521297510912821,0.5308449523314228,2.8755181507034977,3.09258446666769,1,0.1,1.5
1945,63,0.014156619385626764,6.356721984997722e-4,0.04851593940908279,0.002513234003081256,0.5368572052340709,3.376472013036408,3.629441671901761,1,0.1,1.5
1945,62,0.014293555797178744,6.336891866659512e-4,0.049122338273250354,0.0025038859033026046,0.5428591104158909,3.8835613248336904,4.1723007823176514,1,0.1,1.5
1945,61,0.014381997663121843,6.313819962358099e-4,0.04973289178550153,0.0024932317313481455,0.5488483324215709,4.396792061093144,4.721149114739222,1,0.1,1.5
1945,60,0.014422593205688047,6.287448117770092e-4,0.050347333049271546,0.0024812497136545934,0.5548222652283908,4.916167901840755,5.275971379967613,1,0.1,1.5
1945,59,0.014416253186073598,6.257717614751834e-4,0.05096535088086322,0.002467917926241433,0.560778032255644,5.4416899637215215,5.8367494122232575,1,0.1,1.5
1945,58,0.014364130186678955,6.224569742864978e-4,0.05158659271085556,0.002453214523473992,0.5667125054064541,5.9733565473640615,6.403461917629712,1,0.1,1.5
1945,57,0.014267588057521598,6.187946541755944e-4,0.052210669744296834,0.002437118033543758,0.5726223412641733,6.511162916720466,6.976084258893885,1,0.1,1.5
1945,56,0.014128158199904888,6.147725801684226e-4,0.0528365829432202,0.002419581787949738,0.5784977814807238,7.055095244087623,7.554582040374609,1,0.1,1.5
1945,55,0.013951118016842803,6.104333031025212e-4,0.05346792078236584,0.002400774629370761,0.5843810666188277,7.605179530286868,8.138963106993437,1,0.1,1.5
1945,54,0.013713438286392123,6.09090443184289e-4,0.054410546982569946,0.0023937151411636704,0.5935345970365229,8.164518196735338,8.73249770402996,1,0.1,1.5
1945,53,0.011543807283382081,6.017024277440535e-4,0.054968149472438235,0.0023628712759865,0.5971496944667418,8.727912587259416,9.329647398496702,1,0.1,1.5
1945,52,0.23087614566764164,0.009420523651122413,1.0752231869811846,0.0366764890951589,11.52430438098472,19.728267124027578,20.85395177948142,20,0.1,1.5
1945,51,0.23087614566764164,0.004972967772084401,1.0194008202942466,0.018825061677299214,10.666584763641252,30.125922435135983,31.520536543122674,20,0.1,1.5
1945,50,0.23087614566764164,0.0013635061210495586,1.1821615607769331,0.0045934335054256745,12.05478857807386,42.1150905345609,43.575325121196535,20,0.1,1.5
1945,49,0.23087614566764164,7.758434509465496e-16,1.308837462784179,0,13.24229205828689,55.357382592847785,56.81761717948343,20,0.1,1.5
1945,48,0.23087614566764164,4.0336267244206335e-38,1.3955413167001722,0,14.109330597446816,69.4667131902946,70.92694777693025,20,0.1,1.5
1945,47,0.23087614566764164,3.5675475847650617e-40,1.3994453470464645,0,14.14837090090974,83.61508409120434,85.07531867783999,20,0.1,1.5
1945,46,0.23087614566764164,3.567547584765106e-80,1.3966491137038413,0,14.120408567483507,97.73549265868785,99.1957272453235,20,0.1,1.5
1945,45,0.23087614566764164,3.567547584765151e-120,1.3938584675182462,0,14.092502105627556,111.8279947643154,113.28822935095106,20,0.1,1.5
1945,44,0.23087614566764164,3.5675475847651965e-160,1.3910733973259752,0,14.064651403704847,125.89264616802025,127.3528807546559,20,0.1,1.5
1945,43,0.23087614566764164,3.5675475847652413e-200,1.3882938919856282,0,14.036856350301376,139.9295025183216,141.38973710495728,20,0.1,1.5
1945,42,0.23087614566764164,3.567547584765287e-240,1.3855199403780687,0,14.00911683422578,153.9386193525474,155.39885393918306,20,0.1,1.5
1945,41,0.23087614566764164,3.567547584765332e-280,1.382751531406378,0,13.981432744508874,167.92005209705627,169.38028668369193,20,0.1,1.5
1945,40,0.23087614566764164,3.5676e-320,1.3799886539958088,0,13.953803970403182,181.87385606745946,183.33409065409512,20,0.1,1.5
1945,39,0.23087614566764164,0,1.3772312970937415,0,13.926230401382508,195.80008646884195,197.26032105547762,20,0.1,1.5
1945,38,0.23087614566764164,0,1.3744794496696418,0,13.89871192714151,209.69879839598346,211.15903298261912,20,0.1,1.5
1945,37,0.23087614566764164,0,1.3717331007150166,0,13.871248437595261,223.57004683357871,225.03028142021438,20,0.1,1.5
1945,36,0.23087614566764164,0,1.3689922392433669,0,13.843839822878763,237.41388665645746,238.87412124309316,20,0.1,1.5
1945,35,0.23087614566764164,0,1.366256854290146,0,13.816485973346555,251.230372629804,252.6906072164397,20,0.1,1.5
1945,34,0.23087614566764164,0,1.3635269349127186,0,13.78918677957228,265.0195594093763,266.479793996012,20,0.1,1.5
1945,33,0.23087614566764164,0,1.3608024701903096,0,13.76194213234819,278.78150154172454,280.2417361283602,20,0.1,1.5
1945,32,0.23087614566764164,0,1.358083449223967,0,13.734751922684765,292.5162534644093,293.97648805104495,20,0.1,1.5
1945,31,0.23087614566764164,0,1.3553698611365155,0,13.70761604181025,306.2238695062196,307.6841040928552,20,0.1,1.5
1945,30,0.23087614566764164,0,1.352661695072513,0,13.680534381170224,319.9044038873899,321.3646384740254,20,0.1,1.5
1945,29,0.23087614566764164,0,1.34995894019821,0,13.653506832427194,333.55791071981713,335.0181453064526,20,0.1,1.5
1945,28,0.23087614566764164,0,1.347261585701501,0,13.626533287460102,347.18444400727725,348.6446785939127,20,0.1,1.5
1945,27,0.23087614566764164,0,1.344569620791885,0,13.599613638363943,360.7840576456412,362.2442922322767,20,0.1,1.5
1945,26,0.23087614566764164,0,1.3418830347004234,0,13.572747777449328,374.3568054230906,375.817040009726,20,0.1,1.5
1945,25,0.23087614566764164,0,1.3392018166796917,0,13.54593559724201,387.9027410203326,389.362975606968,20,0.1,1.5
1945,24,0.23087614566764164,0,1.3365259560037426,0,13.519176990482519,401.42191801081515,402.8821525974505,20,0.1,1.5
1945,23,0.23087614566764164,0,1.333855441968059,0,13.492471850125684,414.91438986094084,416.3746244475762,20,0.1,1.5
1945,22,0.23087614566764164,0,1.3311902638895141,0,13.465820069340236,428.3802099302811,429.8404445169164,20,0.1,1.5
1945,21,0.23087614566764164,0,1.3285304111063243,0,13.439221541508337,441.81943147178947,443.27966605842477,20,0.1,1.5
1945,20,0.23087614566764164,0,1.325875872978012,0,13.412676160225214,455.23210763201473,456.69234221864997,20,0.1,1.5
1945,19,0.23087614566764164,0,1.3232266388853582,0,13.386183819298676,468.61829145131344,470.0785260379486,20,0.1,1.5
1945,18,0.23087614566764164,0,1.3205826982303648,0,13.359744412748741,481.9780358640622,483.43827045069736,20,0.1,1.5
1945,17,0.23087614566764164,0,1.3179440404362062,0,13.333357834807156,495.3113936988694,496.7716282855045,20,0.1,1.5
1945,16,0.23087614566764164,0,1.3153106549471925,0,13.307023979917018,508.61841767878644,510.0786522654215,20,0.1,1.5
1945,15,0.23087614566764164,0,1.3126825312287258,0,13.280742742732352,521.8991604215188,523.3593950081539,20,0.1,1.5
1945,14,0.23087614566764164,0,1.3100596587672557,0,13.254514018117652,535.1536744396365,536.6139090262716,20,0.1,1.5
1945,13,0.23087614566764164,0,1.3074420270702398,0,13.228337701147492,548.3820121407839,549.842246727419,20,0.1,1.5
1945,12,0.23087614566764164,0,1.3048296256661,0,13.202213687106095,561.58422582789,563.0444604145251,20,0.1,1.5
1945,11,0.23087614566764164,0,1.3022224441041834,0,13.176141871486928,574.760367699377,576.2206022860121,20,0.1,1.5
1945,10,0.23087614566764164,0,1.2996204719547166,0,13.15012214999226,587.9104898493692,589.3707244360044,20,0.1,1.5
1945,9,0.23087614566764164,0,1.2970236988087656,0,13.124154418532749,601.034644267902,602.4948788545371,20,0.1,1.5
1945,8,0.23087614566764164,0,1.2944321142781972,0,13.098238573227066,614.132882841129,615.5931174277641,20,0.1,1.5
1945,7,0.23087614566764164,0,1.2918457079956325,0,13.072374510401419,627.2052573515303,628.6654919381656,20,0.1,1.5
1945,6,0.23087614566764164,0,1.2892644696144084,0,13.046562126589178,640.2518194781195,641.7120540647547,20,0.1,1.5
1945,5,0.23087614566764164,0,1.2866883888085348,0,13.020801318530442,653.2726207966499,654.7328553832851,20,0.1,1.5
1945,4,0.23087614566764164,0,1.2841174552726553,0,12.995091983171648,666.2677127798215,667.7279473664568,20,0.1,1.5
1945,3,0.23087614566764164,0,1.281551658722003,0,12.969434017665124,679.2371467974866,680.6973813841219,20,0.1,1.5
1945,2,0.011543807283382081,0,5.445489855250569e-4,0,0.01314136137750529,679.2502881588641,680.7105227454994,1,0.1,1.5
1945,1,150,0,1.2938496002495403,0,112.9384960024954,792.1887841613595,793.6490187479948,99999,0.1,1.5
1946,71,0.011436329974013604,0.045095479881394285,0.045095479881394285,0,0.9095338176105614,0,0,1,0.1,1.5
1946,70,0.01190494062748788,4.503542495308e-4,0.04503092141058467,0.00253802358540723,0.4990068634776785,0.4627493836861466,0.4990068634776785,1,0.1,1.5
1946,69,0.012344886190564777,6.376708972944201e-4,0.04560405903838796,0.0025461510716153065,0.5070208102212285,0.9333966071700135,1.0060276736989069,1,0.1,1.5
1946,68,0.012751945479591274,6.415909649662096e-4,0.04618303371130665,0.002543081038645632,0.5130772728726318,1.4101441509191364,1.5191049465715387,1,0.1,1.5
1946,67,0.013121987590356252,6.409032294392697e-4,0.04676574233995164,0.0025385548436437297,0.5190795166157237,1.8929585983399497,2.0381844631872625,1,0.1,1.5
1946,66,0.01345100817199879,6.398109674250467e-4,0.04735251619131207,0.0025327924521681457,0.5250733596853914,2.3818492087086534,2.5632578228726537,1,0.1,1.5
1946,65,0.013735163050711197,0.00063841033537982695,0.047943730928425396,0.002525792397688042,0.5310609365435935,2.8768273967138462,3.094318759416247,1,0.1,1.5
1946,64,0.01397082421089456,6.366977452721853e-4,0.04853944959706677,0.0025175326599411597,0.5370401085155263,3.377902752944499,3.631358867931773,1,0.1,1.5
1946,63,0.014156619385626764,6.346652227553118e-4,0.049139396315912194,0.002507982601484043,0.543006684522103,3.885081114588259,4.174365552453876,1,0.1,1.5
1946,62,0.014293555797178744,6.323083676923107e-4,0.049743397515248686,0.002497125989506923,0.5489593244490565,4.398367210615787,4.723324876902932,1,0.1,1.5
1946,61,0.014381997663121843,6.296217527993945e-4,0.05035122642916002,0.0024849425959887848,0.5548956602043723,4.917763690877463,5.2782205371073045,1,0.1,1.5
1946,60,0.014422593205688047,6.265998765314184e-4,0.05096261074438027,0.002471411968010127,0.5608130536035297,5.443270859223705,5.839033590710835,1,0.1,1.5
1946,59,0.014416253186073598,6.232371991751101e-4,0.05157723382733549,0.002456513573583885,0.5667085967736867,5.974886404946194,6.405742187484521,1,0.1,1.5
1946,58,0.014364130186678955,6.19528200611363e-4,0.052194737682452974,0.002440227032652342,0.5725791318025104,6.512605150567956,6.978321319287032,1,0.1,1.5
1946,57,0.014267588057521598,6.154674549276954e-4,0.05281472818570835,0.0024225324137062336,0.5784212876881305,7.056418832345997,7.556742606975162,1,0.1,1.5
1946,56,0.014128158199904888,6.110431727891188e-4,0.053436194731913314,0.0024033848459059995,0.5842252204075228,7.606309983526292,8.140967827382685,1,0.1,1.5
1946,55,0.013951118016842803,6.062979903737154e-4,0.0540627676476303,0.002382953467263836,0.5900335941140853,8.162301385250895,8.73100142149677,1,0.1,1.5
1946,54,0.013713438286392123,6.045196897227605e-4,0.05500353471316261,0.0023741465328422054,0.5991392152603848,8.727524221470677,9.330140636757156,1,0.1,1.5
1946,53,0.011543807283382081,5.967348432740655e-4,0.05555337047648762,0.0023417237248571,0.6026501207892586,9.29672114619055,9.932790757546414,1,0.1,1.5
1946,52,0.23087614566764164,0.009263327510300949,1.0842847869362762,0.03602805007704697,11.604085004582965,20.386119721101412,21.536875762129377,20,0.1,1.5
1946,51,0.23087614566764164,0.004755995097045647,1.024005145631542,0.017950963780710635,10.697971177455408,30.827648558832383,32.234846939584784,20,0.1,1.5
1946,50,0.23087614566764164,0.0011619934375669142,1.1831917029972119,0.0038575949260327633,12.052562893736205,42.82510295362526,44.28740983332099,20,0.1,1.5
1946,49,0.23087614566764164,7.7584345094655e-18,1.3087065790379007,0,13.2409832208241,56.06608617444936,57.52839305414509,20,0.1,1.5
1946,48,0.23087614566764164,4.033626724420636e-40,1.3954017625685022,0,14.107935056130117,70.17402123057947,71.6363281102752,20,0.1,1.5
1946,47,0.23087614566764164,3.567547584765064e-42,1.39930540251176,0,14.146971455562694,84.32099268614216,85.7832995658379,20,0.1,1.5
1946,46,0.23087614566764164,3.567547584765108e-82,1.396509448792471,0,14.119011918369804,98.44000460451196,99.9023114842077,20,0.1,1.5
1946,45,0.23087614566764164,3.567547584765153e-122,1.3937190816714944,0,14.091108247160038,112.53111285167199,113.99341973136774,20,0.1,1.5
1946,44,0.23087614566764164,3.5675475847651985e-162,1.3909342899862427,0,14.063260330307521,126.5943731819795,128.05668006167525,20,0.1,1.5
1946,43,0.23087614566764164,3.567547584765243e-202,1.3881550625964296,0,14.03546805640939,140.6298412383889,142.09214811808465,20,0.1,1.5
1946,42,0.23087614566764164,3.5675475847652893e-242,1.385381388384031,0,14.007731314285403,154.6375725526743,156.09987943237005,20,0.1,1.5
1946,41,0.23087614566764164,3.567547584765334e-282,1.3826132562532374,0,13.980049992977468,168.61762254565176,170.0799294253475,20,0.1,1.5
1946,40,0.23087614566764164,3.56e-322,1.3798506551304093,0,13.952423981749186,182.57004652740093,184.03235340709668,20,0.1,1.5
1946,39,0.23087614566764164,0,1.3770935739640322,0,13.924853170085417,196.49489969748635,197.9572065771821,20,0.1,1.5
1946,38,0.23087614566764164,0,1.3743420017246748,0,13.897337447691841,210.39223714517817,211.85454402487395,20,0.1,1.5
1946,37,0.23087614566764164,0,1.3715959274049452,0,13.869876704494546,224.26211384967272,225.7244207293685,20,0.1,1.5
1946,36,0.23087614566764164,0,1.3688553400194425,0,13.842470830639519,238.10458468031223,239.566891560008,20,0.1,1.5
1946,35,0.23087614566764164,0,1.3661202286047172,0,13.815119716492266,251.9197043968045,253.38201127650026,20,0.1,1.5
1946,34,0.23087614566764164,0,1.3633905822192274,0,13.787823252637368,265.7075276494419,267.16983452913763,20,0.1,1.5
1946,33,0.23087614566764164,0,1.3606663899432907,0,13.760581329878,279.46810897931994,280.9304158590156,20,0.1,1.5
1946,32,0.23087614566764164,0,1.3579476408790447,0,13.733393839235541,293.2015028185555,294.66380969825116,20,0.1,1.5
1946,31,0.23087614566764164,0,1.355234324150402,0,13.706260671949114,306.9077634905047,308.37007037020027,20,0.1,1.5
1946,30,0.23087614566764164,0,1.3525264289030057,0,13.679181719475151,320.5869452099799,322.0492520896754,20,0.1,1.5
1946,29,0.23087614566764164,0,1.3498239443041902,0,13.652156873486996,334.2391020834669,335.7014089631624,20,0.1,1.5
1946,28,0.23087614566764164,0,1.3471268595429307,0,13.6251860258744,347.8642881093413,349.32659498903683,20,0.1,1.5
1946,27,0.23087614566764164,0,1.3444351638298058,0,13.598269068743152,361.46255717808447,362.92486405778,20,0.1,1.5
1946,26,0.23087614566764164,0,1.3417488463969534,0,13.571405894414628,375.03396307249915,376.4962699521946,20,0.1,1.5
1946,25,0.23087614566764164,0,1.3390678964980238,0,13.544596395425332,388.5785594679245,390.04086634761995,20,0.1,1.5
1946,24,0.23087614566764164,0,1.3363923034081422,0,13.517840464526516,402.09639993245105,403.55870681214645,20,0.1,1.5
1946,23,0.23087614566764164,0,1.3337220564238623,0,13.491137994683717,415.5875379271348,417.04984480683015,20,0.1,1.5
1946,22,0.23087614566764164,0,1.3310571448631252,0,13.464488879076345,429.0520268062112,430.5143336859065,20,0.1,1.5
1946,21,0.23087614566764164,0,1.3283975580652136,0,13.43789301109723,442.4899198173084,443.9522266970037,20,0.1,1.5
1946,20,0.23087614566764164,0,1.3257432853907143,0,13.411350284352237,455.90127010166066,457.36357698135595,20,0.1,1.5
1946,19,0.23087614566764164,0,1.3230943162214697,0,13.384860592659791,469.2861306943205,470.7484375740157,20,0.1,1.5
1946,18,0.23087614566764164,0,1.3204506399605418,0,13.358423830050512,482.644554524371,484.10686140406625,20,0.1,1.5
1946,17,0.23087614566764164,0,1.3178122460321626,0,13.33203989076672,495.97659441513775,497.438901294833,20,0.1,1.5
1946,16,0.23087614566764164,0,1.3151791238816977,0,13.30570866926207,509.28230308439987,510.74460996409505,20,0.1,1.5
1946,15,0.23087614566764164,0,1.3125512629756029,0,13.279430060201122,522.5617331446009,524.0240400242961,20,0.1,1.5
1946,14,0.23087614566764164,0,1.309928652801379,0,13.253203958458883,535.8149371030597,537.2772439827551,20,0.1,1.5
1946,13,0.23087614566764164,0,1.3073112828675328,0,13.227030259120422,549.0419673621801,550.5042742418755,20,0.1,1.5
1946,12,0.23087614566764164,0,1.3046991427035335,0,13.200908857480428,562.2428762196605,563.7051830993558,20,0.1,1.5
1946,11,0.23087614566764164,0,1.302092221859773,0,13.174839649042823,575.4177158687033,576.8800227483987,20,0.1,1.5
1946,10,0.23087614566764164,0,1.2994905099075211,0,13.148822529520306,588.5665383982237,590.028845277919,20,0.1,1.5
1946,9,0.23087614566764164,0,1.2968939964388846,0,13.12285739483394,601.6893957930575,603.1517026727529,20,0.1,1.5
1946,8,0.23087614566764164,0,1.2943026710667693,0,13.096944141112788,614.7863399341703,616.2486468138657,20,0.1,1.5
1946,7,0.23087614566764164,0,1.291716523424833,0,13.071082664693423,627.85742259886365,629.3197294785591,20,0.1,1.5
1946,6,0.23087614566764164,0,1.289135543167447,0,13.045272862119564,640.9026954609832,642.3650023406786,20,0.1,1.5
1946,5,0.23087614566764164,0,1.286559719969654,0,13.019514630141632,653.9222100911247,655.3845169708203,20,0.1,1.5
1946,4,0.23087614566764164,0,1.283989043527128,0,12.993807865716374,666.9160179568411,668.3783248365366,20,0.1,1.5
1946,3,0.23087614566764164,0,1.2814235035561308,0,12.968152466006401,679.8841704228474,681.346477302543,20,0.1,1.5
1946,2,0.011543807283382081,0,5.444945306265044e-4,0,0.013140816828519765,679.897311239676,681.3596181193715,1,0.1,1.5
1946,1,150,0,1.2937202152895153,0,112.93720215289515,792.8345133925711,794.2968202722666,99999,0.1,1.5
1947,72,0.01094333046363602,0.04515947716707402,0.04515947716707402,0,0.9104850969839042,0,0,1,0.1,1.5
1947,71,0.011436329974013604,4.509547988139431e-4,0.045090970333406144,0.0025437092003275552,0.49938217416669883,0.4630434713048766,0.49938217416669883,1,0.1,1.5
1947,70,0.01190494062748788,6.390094388471155e-4,0.04566092421479542,0.0025517684314743778,0.5073897983567655,0.9339794349262938,1.0067719725234643,1,0.1,1.5
1947,69,0.012344886190564777,6.429144768767709e-4,0.046236036400387946,0.0025485515560871226,0.5134273122723635,1.410998867825984,1.5201992847958277,1,0.1,1.5
1947,68,0.012751945479591274,6.4218616931107e-4,0.04681418566759693,0.002543855969813131,0.5194058149242332,1.894063883181458,2.039605099720061,1,0.1,1.5
1947,67,0.013121987590356252,6.410477432053251e-4,0.04739570447662858,0.0025379041232902583,0.5253712871151041,2.383179397106701,2.564976386835165,1,0.1,1.5
1947,66,0.01345100817199879,6.395962227162869e-4,0.04798097905273497,0.0025306960559760717,0.5313258923355032,2.878352488642546,3.096302279170668,1,0.1,1.5
1947,65,0.013735163050711197,6.378322027758088e-4,0.048570384654754564,0.002522226287498501,0.5372707480495659,3.3795914325849905,3.633573027220234,1,0.1,1.5
1947,64,0.01397082421089456,6.357501424380118e-4,0.04916397881709235,0.0025124738077513644,0.5432036553704434,3.886902604987557,4.176776682590678,1,0.1,1.5
1947,63,0.014156619385626764,6.333423025985639e-4,0.049761478026651616,0.0025014091936116207,0.5491203666011808,4.400288554537143,4.725897049191858,1,0.1,1.5
1947,62,0.014293555797178744,6.306045810536538e-4,0.05036270467287389,0.0024890174726503694,0.5550195222038284,4.919750684274537,5.280916571395687,1,0.1,1.5
1947,61,0.014381997663121843,6.275318665251901e-4,0.050967426955514296,0.00247527974565355,0.5608987258860982,5.445288270937013,5.841815297281785,1,0.1,1.5
1947,60,0.014422593205688047,6.241189907678459e-4,0.051575367475308366,0.0024601769561539773,0.5667553118858014,5.9768981977349,6.408570609167587,1,0.1,1.5
1947,59,0.014416253186073598,6.203607653877223e-4,0.05218620449734873,0.0024436900390076514,0.5725863457848562,6.514574685819647,6.981156954952443,1,0.1,1.5
1947,58,0.014364130186678955,6.162520401691991e-4,0.05279957496684781,0.0024258001533393877,0.5783886447661377,7.0583090426809365,7.5595455997185805,1,0.1,1.5
1947,57,0.014267588057521598,6.117877779758354e-4,0.05341507981631634,0.002406488979952468,0.5841588153139238,7.608089443995539,8.143704415032504,1,0.1,1.5
1947,56,0.014128158199904888,6.069566432043911e-4,0.05403169732391662,0.0023857135316103254,0.5898869336846275,8.163894755800019,8.733591348717132,1,0.1,1.5
1947,55,0.013951118016842803,6.018013467196961e-4,0.054653099737681496,0.0023636431923841103,0.5956160875083467,8.725744511988593,9.329207436225479,1,0.1,1.5
1947,54,0.013713438286392123,5.995818301077789e-4,0.05559157099290185,0.002353067654048555,0.604669072621718,9.296798332409617,9.933876508847197,1,0.1,1.5
1947,53,0.011543807283382081,5.913982796470156e-4,0.056133246070654244,0.0023190608209471323,0.608071755324512,9.871740647434885,10.541948264171708,1,0.1,1.5
1947,52,0.23087614566764164,0.009099645794364753,1.0931833709768444,0.035353392354789806,11.68179606036847,21.048488245592072,22.223744324540178,20,0.1,1.5
1947,51,0.23087614566764164,0.004535300896148116,1.0283904860621564,0.017062341699499245,10.726923038592416,31.531663545620212,32.950667363132595,20,0.1,1.5
1947,50,0.23087614566764164,9.760186658838599e-4,1.1840377825584203,0.003183903742692701,12.04953978186946,43.535718988308346,45.00020714500205,20,0.1,1.5
1947,49,0.23087614566764164,7.758434509465504e-20,1.308575708379997,0,13.239674514245063,56.775393502553406,58.23988165924712,20,0.1,1.5
1947,48,0.23087614566764164,4.033626724420638e-42,1.3952622223922455,0,14.106539654367548,70.88193315692095,72.34642131361467,20,0.1,1.5
1947,47,0.23087614566764164,3.567547584765066e-44,1.3991654719715088,0,14.14557215016018,85.02750530708113,86.49199346377485,20,0.1,1.5
1947,46,0.23087614566764164,3.56754758476511e-84,1.3963697978475917,0,14.117615408921012,99.14512071600214,100.60960887269586,20,0.1,1.5
1947,45,0.23087614566764164,3.567547584765155e-124,1.3935797097633273,0,14.089714528078368,113.2348352440805,114.69932340077423,20,0.1,1.5
1947,44,0.23087614566764164,3.5675475847652e-164,1.390795196557244,0,14.061869396017535,127.29670464009803,128.76119279679176,20,0.1,1.5
1947,43,0.23087614566764164,3.567547584765245e-204,1.38801624709017,0,14.034079901346795,141.3307845414448,142.79527269813855,20,0.1,1.5
1947,42,0.23087614566764164,3.567547584765291e-244,1.3852428502451926,0,14.00634593289702,155.33713047434182,156.80161863103558,20,0.1,1.5
1947,41,0.23087614566764164,3.5675475847653357e-284,1.382474994927612,0,13.978667379721214,169.31579785406302,170.78028601075678,20,0.1,1.5
1947,40,0.23087614566764164,5e-324,1.3797126700648963,0,13.951044131094056,183.26684198515707,184.73133014185083,20,0.1,1.5
1947,39,0.23087614566764164,0,1.3769558646066358,0,13.923476076511452,197.19031806166853,198.6548062183623,20,0.1,1.5
1947,38,0.23087614566764164,0,1.3742045675245023,0,13.895963105690116,211.08628116735864,212.55076932405242,20,0.1,1.5
1947,37,0.23087614566764164,0,1.3714587678122048,0,13.868505108567142,224.95478627592578,226.41927443261957,20,0.1,1.5
1947,36,0.23087614566764164,0,1.3687184544854407,0,13.841101975299502,238.79588825122528,240.26037640791907,20,0.1,1.5
1947,35,0.23087614566764164,0,1.3659836165818566,0,13.81375359626366,252.60964184748894,254.07413000418273,20,0.1,1.5
1947,34,0.23087614566764164,0,1.3632542431610055,0,13.78645986205515,266.3961017095441,267.8605898662379,20,0.1,1.5
1947,33,0.23087614566764164,0,1.3605303233042965,0,13.759220663488058,280.15532237303216,281.61981052972595,20,0.1,1.5
1947,32,0.23087614566764164,0,1.3578118461149569,0,13.732035891594663,293.88735826462687,295.3518464213206,20,0.1,1.5
1947,31,0.23087614566764164,0,1.355098800717987,0,13.704905437624964,307.59226370225184,309.0567518589456,20,0.1,1.5
1947,30,0.23087614566764164,0,1.3523911762601153,0,13.677829193046247,321.2700928952981,322.7345810519918,20,0.1,1.5
1947,29,0.23087614566764164,0,1.3496889619097598,0,13.650807049542692,334.9208999448408,336.38538810153455,20,0.1,1.5
1947,28,0.23087614566764164,0,1.3469921468569763,0,13.623838899014856,348.54473884385567,350.0092270005494,20,0.1,1.5
1947,27,0.23087614566764164,0,1.3443007203134227,0,13.596924633579322,362.14166347743503,363.6061516341287,20,0.1,1.5
1947,26,0.23087614566764164,0,1.3416146715123136,0,13.57006414556823,375.7117276230033,377.1762157796969,20,0.1,1.5
1947,25,0.23087614566764164,0,1.338933989708374,0,13.543257327528835,389.25498495053216,390.7194731072258,20,0.1,1.5
1947,24,0.23087614566764164,0,1.3362586641778014,0,13.516504072223107,402.7714890227553,404.23597717944887,20,0.1,1.5
1947,23,0.23087614566764164,0,1.3335886842182199,0,13.489804272627293,416.26129329538264,417.72578145207615,20,0.1,1.5
1947,22,0.23087614566764164,0,1.330924039148639,0,13.463157821931484,429.7244511173142,431.1889392740076,20,0.1,1.5
1947,21,0.23087614566764164,0,1.3282647183094072,0,13.436564613539165,443.16101573085336,444.6255038875468,20,0.1,1.5
1947,20,0.23087614566764164,0,1.3256107110621753,0,13.410024541066846,456.57104027192025,458.03552842861365,20,0.1,1.5
1947,19,0.23087614566764164,0,1.3229620067898475,0,13.38353749834357,469.9545777702638,471.4190659269572,20,0.1,1.5
1947,18,0.23087614566764164,0,1.3203185948965457,0,13.357103379410551,483.3116811496744,484.77616930636776,20,0.1,1.5
1947,17,0.23087614566764164,0,1.3176804648075595,0,13.330722078520688,496.6424032281951,498.10689138488846,20,0.1,1.5
1947,16,0.23087614566764164,0,1.3150476059693095,0,13.304393490138189,509.94679671833336,511.41128487502664,20,0.1,1.5
1947,15,0.23087614566764164,0,1.3124200078493053,0,13.278117508938147,523.2249142272715,524.6894023839648,20,0.1,1.5
1947,14,0.23087614566764164,0,1.3097976599360988,0,13.251894029806081,536.4768082570776,537.9412964137708,20,0.1,1.5
1947,13,0.23087614566764164,0,1.307180551739246,0,13.225722947837555,549.7025312049151,551.1670193616084,20,0.1,1.5
1947,12,0.23087614566764164,0,1.3045686727892631,0,13.199604158337726,562.9021353632528,564.3666235199461,20,0.1,1.5
1947,11,0.23087614566764164,0,1.301962012637587,0,13.173537556820964,576.0756729200738,577.540161076767,20,0.1,1.5
1947,10,0.23087614566764164,0,1.2993605608565304,0,13.147523039010398,589.2231959590841,590.6876841157774,20,0.1,1.5
1947,9,0.23087614566764164,0,1.2967643070392407,0,13.121560500837502,602.3447564599217,603.8092446166149,20,0.1,1.5
1947,8,0.23087614566764164,0,1.2941732407996627,0,13.095649838441721,615.4404062983633,616.9048944550567,20,0.1,1.5
1947,7,0.23087614566764164,0,1.2915873517724905,0,13.069790948169999,628.5101972465333,629.9746854032267,20,0.1,1.5
1947,6,0.23087614566764164,0,1.2890066296131302,0,13.043983726576396,641.5541809731096,643.018669129803,20,0.1,1.5
1947,5,0.23087614566764164,0,1.286431063997657,0,13.018228070421664,654.5724090435313,656.0368972002246,20,0.1,1.5
1947,4,0.23087614566764164,0,1.2838606446227752,0,12.992523876672845,667.5649329202041,669.0294210768975,20,0.1,1.5
1947,3,0.23087614566764164,0,1.2812953612057751,0,12.966871042502845,680.5318039627069,681.9962921194003,20,0.1,1.5
1947,2,0.011543807283382081,0,5.444400811734418e-4,0,0.013140272333989138,680.5449442350409,682.0094323917343,1,0.1,1.5
1947,1,150,0,1.2935908432679863,0,112.93590843267987,793.4808526677208,794.9453408244142,99999,0.1,1.5
1948,73,0.010430239219584653,0.04522684013318792,0.04522684013318792,0,0.9114902954768149,0,0,1,0.1,1.5
1948,72,0.01094333046363602,4.515947716707404e-4,0.04515496121935731,0.002549698694262113,0.4997853806135918,0.4633611135527045,0.4997853806135918,1,0.1,1.5
1948,71,0.011436329974013604,6.404368480700282e-4,0.045722388536454696,0.002557708708201103,0.5077911696593672,0.9346135873806274,1.007576550272959,1,0.1,1.5
1948,70,0.01190494062748788,6.443322022570655e-4,0.04629430023024254,0.002554360167220628,0.5138138109417111,1.4119365387906153,1.52139036121467,1,0.1,1.5
1948,69,0.012344886190564777,6.435670337905483e-4,0.04686855068576969,0.0025495094069218674,0.5197726642786723,1.895287640113261,2.041163025493342,1,0.1,1.5
1948,68,0.012751945479591274,6.423858541463935e-4,0.047445468241483456,0.002543381280992345,0.5257138562425834,2.3846674780559534,2.5668768817359258,1,0.1,1.5
1948,67,0.013121987590356252,6.408865082546179e-4,0.04802544093700348,0.0025359769884236607,0.5316395088712518,2.8800787442354383,3.0985163906071778,1,0.1,1.5
1948,66,0.01345100817199879,6.390699762211807e-4,0.048608854968823716,0.0025272925741001385,0.5375507678617834,3.38152533246722,3.6360671584689612,1,0.1,1.5
1948,65,0.013735163050711197,6.369348939023833e-4,0.049196084188163715,0.0025173235842377165,0.543448731676912,3.8890122986550213,4.179515890145873,1,0.1,1.5
1948,64,0.01397082421089456,6.344759533622212e-4,0.04978718087114848,0.002506050210874882,0.5493311683505826,4.402542749707392,4.728847058496456,1,0.1,1.5
1948,63,0.014156619385626764,6.316857214288908e-4,0.050381854177251856,0.0024934443305702327,0.5551937785377523,4.9221158949512835,5.284040837034208,1,0.1,1.5
1948,62,0.014293555797178744,6.285604139731289e-4,0.050979922770569196,0.002479492305672113,0.5610351876960011,5.4477297639948254,5.84507602473021,1,0.1,1.5
1948,61,0.014381997663121843,6.250952550786394e-4,0.05158115014923213,0.002464176641209354,0.5668529759310369,5.979380216480014,6.411929000661247,1,0.1,1.5
1948,60,0.014422593205688047,6.212854289461728e-4,0.05218525417759933,0.0024474797515866664,0.5726444546538184,6.517060674682594,6.984573455315065,1,0.1,1.5
1948,59,0.014416253186073598,6.1712611740579e-4,0.05279190838665091,0.0024293841116737884,0.5784066678075749,7.0607618551805436,7.56298012312264,1,0.1,1.5
1948,58,0.014364130186678955,6.126125587365389e-4,0.05340074504768597,0.0024098724914023983,0.5841364127325215,7.6104715180358875,8.147116535855162,1,0.1,1.5
1948,57,0.014267588057521598,6.077401227678754e-4,0.054011360553322826,0.0023889282536008905,0.5898302786126007,8.166174250168476,8.736946814467762,1,0.1,1.5
1948,56,0.014128158199904888,6.024979493346252e-4,0.05462272253708681,0.0023665103785695655,0.5954782681199066,8.72784522716596,9.332425082587669,1,0.1,1.5
1948,55,0.013951118016842803,5.969288115632245e-4,0.05523854522580376,0.002342788439857638,0.6011238920019121,9.295500712884191,9.93354897458958,1,0.1,1.5
1948,54,0.013713438286392123,5.942627318132165e-4,0.0561742787493147,0.0023304250419030744,0.6101194933151084,9.872328419886399,10.54366846790469,1,0.1,1.5
1948,53,0.011543807283382081,5.856791880332532e-4,0.05670739795128396,0.002294831594179087,0.6134099514036996,10.452955062801827,11.15707841930839,1,0.1,1.5
1948,52,0.23087614566764164,0.0089293445466411,1.1019124007284442,0.034652059315487066,11.75736430198862,21.715289945997775,22.914442721297007,20,0.1,1.5
1948,51,0.23087614566764164,0.004310938433836293,1.032553232438425,0.016159485005233468,10.753408924956755,32.23784908516548,33.667851646253766,20,0.1,1.5
1948,50,0.23087614566764164,8.057361223320138e-4,1.1847153547158378,0.002572996376940747,12.045885429925944,44.24697742399226,45.71373707617971,20,0.1,1.5
1948,49,0.23087614566764164,7.758434509465508e-22,1.3084448508091588,0,13.238365938536683,57.485343362528944,58.95210301471639,20,0.1,1.5
1948,48,0.23087614566764164,4.0336267244206403e-44,1.3951226961700063,0,14.105144392145156,71.5904877546741,73.05724740686155,20,0.1,1.5
1948,47,0.23087614566764164,3.567547584765068e-46,1.3990255554243116,0,14.14417298468821,85.73466073936231,87.20142039154976,20,0.1,1.5
1948,46,0.23087614566764164,3.567547584765112e-86,1.396230160867807,0,14.116219039123163,99.85087977848548,101.31763943067293,20,0.1,1.5
1948,45,0.23087614566764164,3.567547584765157e-126,1.393440351792351,0,14.088320948368604,113.93920072685408,115.40596037904153,20,0.1,1.5
1948,44,0.23087614566764164,3.567547584765202e-166,1.3906561170375884,0,14.060478600820979,127.99967932767505,129.46643897986252,20,0.1,1.5
1948,43,0.23087614566764164,3.567547584765247e-206,1.387877445465461,0,14.032691885099704,142.03237121277476,143.4991308649622,20,0.1,1.5
1948,42,0.23087614566764164,3.567547584765293e-246,1.385104325960168,0,14.004960690046774,156.03733190282153,157.50409155500898,20,0.1,1.5
1948,41,0.23087614566764164,3.5675475847653377e-286,1.3823367474281194,0,13.977284904726288,170.0146168075478,171.48137645973526,20,0.1,1.5
1948,40,0.23087614566764164,0,1.3795746987978899,0,13.949664418423993,183.9642812259718,185.43104087815925,20,0.1,1.5
1948,39,0.23087614566764164,0,1.376818169020175,0,13.922099120646845,197.88638034661864,199.35313999880609,20,0.1,1.5
1948,38,0.23087614566764164,0,1.37406714706775,0,13.894588901122592,211.78096924774124,213.2477288999287,20,0.1,1.5
1948,37,0.23087614566764164,0,1.3713216219354236,0,13.86713364979933,225.64810289754055,227.11486254972803,20,0.1,1.5
1948,36,0.23087614566764164,0,1.368581582639992,0,13.839733256845015,239.48783615438558,240.95459580657305,20,0.1,1.5
1948,35,0.23087614566764164,0,1.3658470182201985,0,13.812387612647079,253.30022376703266,254.76698341922014,20,0.1,1.5
1948,34,0.23087614566764164,0,1.3631179177366894,0,13.785096607811989,267.0853203748447,268.5520800270321,20,0.1,1.5
1948,33,0.23087614566764164,0,1.360394270271966,0,13.757860133164755,280.8431805080095,282.30994016019685,20,0.1,1.5
1948,32,0.23087614566764164,0,1.3576760649303454,0,13.730678079748548,294.5738585877581,296.0406182399454,20,0.1,1.5
1948,31,0.23087614566764164,0,1.3549632908379152,0,13.703550338824247,308.2774089265824,309.74416857876963,20,0.1,1.5
1948,30,0.23087614566764164,0,1.3522559371424894,0,13.676476801869988,321.9538857284524,323.4206453806396,20,0.1,1.5
1948,29,0.23087614566764164,0,1.349553993013569,0,13.649457360580783,335.6033430890332,337.07010274122035,20,0.1,1.5
1948,28,0.23087614566764164,0,1.3468574476422905,0,13.622491906868,349.22583499590127,350.69259464808835,20,0.1,1.5
1948,27,0.23087614566764164,0,1.3441662902413913,0,13.595580332859008,362.8214153287603,364.28817498094736,20,0.1,1.5
1948,26,0.23087614566764164,0,1.3414805100451623,0,13.568722530896718,376.39013785965705,377.85689751184407,20,0.1,1.5
1948,25,0.23087614566764164,0,1.3388000963094033,0,13.541918393539127,389.9320562531962,391.3988159053832,20,0.1,1.5
1948,24,0.23087614566764164,0,1.3361250383113836,0,13.51516781355893,403.44722406675515,404.9139837189421,20,0.1,1.5
1948,23,0.23087614566764164,0,1.333455325349798,0,13.488470683943074,416.93569475069825,418.4024544028852,20,0.1,1.5
1948,22,0.23087614566764164,0,1.330790946744724,0,13.461826897892335,430.3975216485906,431.8642813007775,20,0.1,1.5
1948,21,0.23087614566764164,0,1.3281318918375762,0,13.435236348820856,443.8327579974115,445.2995176495984,20,0.1,1.5
1948,20,0.23087614566764164,0,1.325478149991069,0,13.408698930355785,457.2414569277673,458.7082165799542,20,0.1,1.5
1948,19,0.23087614566764164,0,1.3228297105891687,0,13.38221453633678,470.62367146410406,472.090431116291,20,0.1,1.5
1948,18,0.23087614566764164,0,1.320186563037056,0,13.355783060815654,483.97945452491973,485.44621417710664,20,0.1,1.5
1948,17,0.23087614566764164,0,1.3175486967610788,0,13.329404398055882,497.3088589229756,498.7756185751625,20,0.1,1.5
1948,16,0.23087614566764164,0,1.3149161012087125,0,13.303078442532218,510.61193736550786,512.0786970176947,20,0.1,1.5
1948,15,0.23087614566764164,0,1.3122887658485205,0,13.276805088930299,523.8887424544381,525.355502106625,20,0.1,1.5
1948,14,0.23087614566764164,0,1.3096666801701051,0,13.250584232146146,537.1393266865842,538.6060863387711,20,0.1,1.5
1948,13,0.23087614566764164,0,1.3070498336840721,0,13.224415767285816,550.36374245387,551.8305021060569,20,0.1,1.5
1948,12,0.23087614566764164,0,1.3044382159219843,0,13.198299589664936,563.5620420435349,565.0288016957218,20,0.1,1.5
1948,11,0.23087614566764164,0,1.3018318164363234,0,13.172235594808328,576.7342776383432,578.20103729053,20,0.1,1.5
1948,10,0.23087614566764164,0,1.2992306248004448,0,13.146223678449543,589.8805013167927,591.3472609689796,20,0.1,1.5
1948,9,0.23087614566764164,0,1.2966346306085368,0,13.120263736530461,603.0007650533231,604.4675247055101,20,0.1,1.5
1948,8,0.23087614566764164,0,1.2940438234755827,0,13.09435566520092,616.095120718524,617.561880370711,20,0.1,1.5
1948,7,0.23087614566764164,0,1.2914581930373132,0,13.068499360818226,629.1636200793422,630.6303797315293,20,0.1,1.5
1948,6,0.23087614566764164,0,1.288877728950169,0,13.042694719946784,642.206314799289,643.673074451476,20,0.1,1.5
1948,5,0.23087614566764164,0,1.2863024208912572,0,13.016941639357666,655.2232564386466,656.6900160908338,20,0.1,1.5
1948,4,0.23087614566764164,0,1.2837322585583129,0,12.991240016028222,668.2144964546748,669.681256106862,20,0.1,1.5
1948,3,0.23087614566764164,0,1.2811672316696545,0,12.965589747141639,681.1800862018164,682.6468458540036,20,0.1,1.5
1948,2,0.011543807283382081,0,5.443856371653244e-4,0,0.013139727893907965,681.1932259297104,682.6599855818974,1,0.1,1.5
1948,1,150,0,1.2934614841836596,0,112.93461484183659,794.127840771547,795.594600423734,99999,0.1,1.5
1949,74,0.00990134123530219,0.04529698925872965,0.04529698925872965,0,0.9125406793314611,0,0,1,0.1,1.5
1949,73,0.010430239219584653,4.522684013318795e-4,0.045222317449174605,0.002555941870597272,0.500212806612368,0.46369935131812123,0.500212806612368,1,0.1,1.5
1949,72,0.01094333046363602,6.419406212822356e-4,0.045787870396800906,0.0025639214758581704,0.5082211134783721,0.9352930151413765,1.0084339200907402,1,0.1,1.5
1949,71,0.011436329974013604,6.45831545530976e-4,0.046357243474651325,0.0025604568738147216,0.514232925524709,1.4129479853258753,1.5226668456154493,1,0.1,1.5
1949,70,0.01190494062748788,6.450333638277276e-4,0.04692826084202467,0.0025554657789299932,0.52017622312823,1.896617554469391,2.042843068743679,1,0.1,1.5
1949,69,0.012344886190564777,6.438130220683723e-4,0.04750124118243158,0.002549175328923114,0.52609725658523,2.386298020641434,2.568940325328909,1,0.1,1.5
1949,68,0.012751945479591274,6.422691787895501e-4,0.048076569014907394,0.002541587710988474,0.5319980747946276,2.8819876995647973,3.1009384001235367,1,0.1,1.5
1949,67,0.013121987590356252,6.404031121884613e-4,0.048654632640015696,0.0025327001480700295,0.5378797799356605,3.3836860488137432,3.6388181800591974,1,0.1,1.5
1949,66,0.01345100817199879,6.382138432872465e-4,0.04923581722685187,0.0025225097648847884,0.543743503266792,3.8913936982964668,4.182561683325989,1,0.1,1.5
1949,65,0.013735163050711197,6.35700244998453e-4,0.04982049547580433,0.0025110133191767435,0.5495903514205507,4.405112430871636,4.73215203474654,1,0.1,1.5
1949,64,0.01397082421089456,6.328573122523427e-4,0.05040871470578009,0.002498192285688465,0.5554180642117083,4.924842033859224,5.287570098958248,1,0.1,1.5
1949,63,0.014156619385626764,6.296779398568471e-4,0.05100017707447669,0.0024840199228404023,0.5612222952981398,5.450578330259644,5.848792394256388,1,0.1,1.5
1949,62,0.014293555797178744,6.261586805577595e-4,0.05159469785471017,0.0024684840007307873,0.5670016597040953,5.982315932810442,6.415794053960483,1,0.1,1.5
1949,61,0.014381997663121843,6.222951128531249e-4,0.05219203619451955,0.0024515685025221032,0.5727537186946952,6.52004724432625,6.988547772655179,1,0.1,1.5
1949,60,0.014422593205688047,6.180827921861284e-4,0.052791905590078236,0.00243325738606851,0.5784757657607477,7.063762190286019,7.567023538415926,1,0.1,1.5
1949,59,0.014416253186073598,6.13517289092505e-4,0.0533939752237307,0.002413534737287246,0.5841648282611465,7.613447950871634,8.151188366677072,1,0.1,1.5
1949,58,0.014364130186678955,6.085942484379649e-4,0.0539978730960318,0.002392385006089934,0.5898176888942445,8.16908871110745,8.741006055571317,1,0.1,1.5
1949,57,0.014267588057521598,6.033094646279014e-4,0.05460319148066772,0.00236979330428204,0.5954309248858093,8.730665445932088,9.336436980457126,1,0.1,1.5
1949,56,0.014128158199904888,5.976525741357376e-4,0.05520888785947549,0.0023457206611170334,0.6009944716281969,9.29814962240147,9.937431452085322,1,0.1,1.5
1949,55,0.013951118016842803,5.916663980800417e-4,0.05581871848124559,0.0023203367754938116,0.6065522623591583,9.871554216539288,10.543983714444481,1,0.1,1.5
1949,54,0.013713438286392123,5.885488877939008e-4,0.05675126758191554,0.002306168368653581,0.6154857192973593,10.45409467342731,11.15946943374184,1,0.1,1.5
1949,53,0.011543807283382081,5.795646904251042e-4,0.05727543511003361,0.0022689883816434603,0.6186599892646055,11.040340542954151,11.778129423006446,1,0.1,1.5
1949,52,0.23087614566764164,0.008752308274338177,1.110465224317243,0.03392367715944485,11.830716715781545,22.386433299315055,23.60884613878799,20,0.1,1.5
1949,51,0.23087614566764164,0.00408298063564673,1.0364898483664895,0.015242764616723643,10.777399500705368,32.94607901978151,34.38624563949335,20,0.1,1.5
1949,50,0.23087614566764164,6.513064554585069e-4,1.1852401322746013,0.002025522215097768,12.041767849389945,44.9589108375272,46.428013488883295,20,0.1,1.5
1949,49,0.23087614566764164,7.758434509465512e-24,1.308314006324078,0,13.237057493685873,58.195968331213066,59.66507098256917,20,0.1,1.5
1949,48,0.23087614566764164,4.033626724420642e-46,1.3949831839003892,0,14.103749269448986,72.29971760066205,73.76882025201816,20,0.1,1.5
1949,47,0.23087614566764164,3.56754758476507e-48,1.3988856528687692,0,14.142773959132786,86.44249155979483,87.91159421115094,20,0.1,1.5
1949,46,0.23087614566764164,3.567547584765114e-88,1.39609053785172,0,14.114822808962295,100.55731436875712,102.02641702011323,20,0.1,1.5
1949,45,0.23087614566764164,3.567547584765159e-128,1.393301007757172,0,14.086927508016814,114.64424187677393,116.11334452813004,20,0.1,1.5
1949,44,0.23087614566764164,3.567547584765204e-168,1.3905170514258847,0,14.05908794470394,128.70332982147787,130.17243247283398,20,0.1,1.5
1949,43,0.23087614566764164,3.567547584765249e-208,1.3877386577209145,0,14.031304007654239,142.7346338291321,144.2037364804882,20,0.1,1.5
1949,42,0.23087614566764164,3.567547584765295e-248,1.3849658155275721,0,14.003575585720816,156.73820941485292,158.20731206620903,20,0.1,1.5
1949,41,0.23087614566764164,3.56754758476534e-288,1.3821985137533765,0,13.97590256797886,170.71411198283178,172.1832146341879,20,0.1,1.5
1949,40,0.23087614566764164,0,1.37943674132801,0,13.948284843725194,184.66239682655697,186.13149947791308,20,0.1,1.5
1949,39,0.23087614566764164,0,1.376680487203273,0,13.920722302477824,198.5831191290348,200.0522217803909,20,0.1,1.5
1949,38,0.23087614566764164,0,1.373929740353043,0,13.893214833975524,212.47633396301032,213.94543661436643,20,0.1,1.5
1949,37,0.23087614566764164,0,1.3711844897732302,0,13.865762328177395,226.34209629118772,227.81119894254383,20,0.1,1.5
1949,36,0.23087614566764164,0,1.3684447244817282,0,13.838364675262376,240.18046096645008,241.6495636178062,20,0.1,1.5
1949,35,0.23087614566764164,0,1.3657104335183765,0,13.811021765628858,253.99148273207894,255.46058538343505,20,0.1,1.5
1949,34,0.23087614566764164,0,1.3629816059449158,0,13.783733489894251,267.7752162219732,269.2443188733293,20,0.1,1.5
1949,33,0.23087614566764164,0,1.360258230844939,0,13.756499738894483,281.5317159608677,283.0008186122238,20,0.1,1.5
1949,32,0.23087614566764164,0,1.3575402973238524,0,13.729320403683618,295.26103636455133,296.7301390159074,20,0.1,1.5
1949,31,0.23087614566764164,0,1.3548277945088314,0,13.702195375533408,308.9632317400848,310.4323343914408,20,0.1,1.5
1949,30,0.23087614566764164,0,1.3521207115487752,0,13.675124545932846,322.63835628601765,324.1074589373736,20,0.1,1.5
1949,29,0.23087614566764164,0,1.3494190376142676,0,13.64810780658777,336.28646409260546,337.75556674396137,20,0.1,1.5
1949,28,0.23087614566764164,0,1.3467227618975264,0,13.621145049420358,349.9076091420258,351.37671179338173,20,0.1,1.5
1949,27,0.23087614566764164,0,1.3440318736123673,0,13.594236166568766,363.5018453085946,364.9709479599505,20,0.1,1.5
1949,26,0.23087614566764164,0,1.341346361994158,0,13.567381050386674,377.0692263589813,378.5383290103372,20,0.1,1.5
1949,25,0.23087614566764164,0,1.3386662162997724,0,13.540579593442818,390.60980595242415,392.07890860378,20,0.1,1.5
1949,24,0.23087614566764164,0,1.3359914258075525,0,13.513831688520618,404.1236376409448,405.5927402923006,20,0.1,1.5
1949,23,0.23087614566764164,0,1.333321979817263,0,13.487137228617724,417.6107748695626,419.07987752091833,20,0.1,1.5
1949,22,0.23087614566764164,0,1.3306578676500496,0,13.46049610694559,431.07127097650823,432.5403736278639,20,0.1,1.5
1949,21,0.23087614566764164,0,1.3279990786483924,0,13.433908216929018,444.5051791934373,445.9742818447929,20,0.1,1.5
1949,20,0.23087614566764164,0,1.32534560217607,0,13.407373452205793,457.91255264564313,459.3816552969987,20,0.1,1.5
1949,19,0.23087614566764164,0,1.3226974276181098,0,13.380891706626192,471.2934443522694,472.7625470036249,20,0.1,1.5
1949,18,0.23087614566764164,0,1.3200545443807523,0,13.354462874252617,484.647907226522,486.1170098778775,20,0.1,1.5
1949,17,0.23087614566764164,0,1.3174169418914026,0,13.328086849359119,497.97599407588115,499.4450967272366,20,0.1,1.5
1949,16,0.23087614566764164,0,1.3147846095985916,0,13.30176352643101,511.2777576023122,512.7468602536676,20,0.1,1.5
1949,15,0.23087614566764164,0,1.3121575369719356,0,13.27549280016445,524.5532504024766,526.022353053832,20,0.1,1.5
1949,14,0.23087614566764164,0,1.3095357135020882,0,13.249274565465976,537.8025249679425,539.271627619298,20,0.1,1.5
1949,13,0.23087614566764164,0,1.3069191287007038,0,13.223108717452131,551.0256336853946,552.4947363367501,20,0.1,1.5
1949,12,0.23087614566764164,0,1.3043077721003922,0,13.196995151449016,564.2226288368436,565.6917314881991,20,0.1,1.5
1949,11,0.23087614566764164,0,1.3017016332546798,0,13.170933762991892,577.3935625998354,578.8626652511911,20,0.1,1.5
1949,10,0.23087614566764164,0,1.2991007017379648,0,13.144924447824742,590.53848704766,592.0075896990159,20,0.1,1.5
1949,9,0.23087614566764164,0,1.296504967145476,0,13.118967101899853,603.6574541495598,605.1265568009158,20,0.1,1.5
1949,8,0.23087614566764164,0,1.293914419093235,0,13.093061621377444,616.7505157709372,618.2196184222933,20,0.1,1.5
1949,7,0.23087614566764164,0,1.2913290472180095,0,13.067207902625189,629.8177236735623,631.2868263249185,20,0.1,1.5
1949,6,0.23087614566764164,0,1.2887488411772738,0,13.041405842217833,642.8591295157802,644.3282321671363,20,0.1,1.5
1949,5,0.23087614566764164,0,1.2861737906491681,0,13.015655336936776,655.874784852717,657.3438875040731,20,0.1,1.5
1949,4,0.23087614566764164,0,1.283603885332457,0,12.989956283769663,668.8647411364866,670.3338437878427,20,0.1,1.5
1949,3,0.23087614566764164,0,1.2810391149464875,0,12.964308579909968,681.8290497163965,683.2981523677527,20,0.1,1.5
1949,2,0.011543807283382081,0,5.443311986016078e-4,0,0.0131391835082708,681.8421888999048,683.311291551261,1,0.1,1.5
1949,1,150,0,1.2933321380352412,0,112.93332138035241,794.7755102802572,796.2446129316133,99999,0.1,1.5
1950,75,0.009360877582253783,0.04536934658599719,0.04536934658599719,0,0.9136275167747796,0,0,1,0.1,1.5
1950,74,0.00990134123530219,4.529698925872968e-4,0.04529245955980378,0.0025623884814388147,0.5006607384156191,0.46405518868077894,0.5006607384156191,1,0.1,1.5
1950,73,0.010430239219584653,6.435081516626369e-4,0.04585678068507901,0.002570356135035257,0.5086757545381194,0.9360115698612518,1.0093364929537385,1,0.1,1.5
1950,72,0.01094333046363602,6.47399775177365e-4,0.04642427197872577,0.0025667913846265647,0.5146807195332634,1.414023841042707,1.524017212487002,1,0.1,1.5
1950,71,0.011436329974013604,6.465725339089901e-4,0.04699272196875754,0.0025616752951984076,0.5206125263693182,1.898041006052048,2.04462973885632,1,0.1,1.5
1950,70,0.01190494062748788,6.453167783707755e-4,0.047562434460672966,0.00255523716022276,0.5265175274786116,2.388055145527477,2.5711472663349317,1,0.1,1.5
1950,69,0.012344886190564777,6.437319624514622e-4,0.048133784890544123,0.002547479958162388,0.5323976634878902,2.8840602381844764,3.1035449298228217,1,0.1,1.5
1950,68,0.012751945479591274,6.41819619535014e-4,0.048707158285753026,0.002538401917516612,0.5382539605752262,3.3860513142237507,3.641798890398048,1,0.1,1.5
1950,67,0.013121987590356252,6.39579068139392e-4,0.0492829422137692,0.002528001396265143,0.5440875102069207,3.894024518769741,4.185886400604969,1,0.1,1.5
1950,66,0.01345100817199879,6.370095796540695e-4,0.049861521086350384,0.0025162767851571828,0.5498994566579082,4.407977164211118,4.735785857262877,1,0.1,1.5
1950,65,0.013735163050711197,6.341103322441704e-4,0.05044326675605094,0.002503226125594626,0.5556909194728722,4.92790771046121,5.291476776735749,1,0.1,1.5
1950,64,0.01397082421089456,6.308766445446396e-4,0.05102822190573163,0.0024888322520069655,0.561459614767268,5.453812578771236,5.852936391503017,1,0.1,1.5
1950,63,0.014156619385626764,6.273017601086691e-4,0.05161608203747934,0.0024730698856770296,0.5672011540283507,5.985684163004201,6.420137545531368,1,0.1,1.5
1950,62,0.014293555797178744,6.233825869882744e-4,0.0522066593851074,0.0024559282756038674,0.5729141465705597,6.523513619923277,6.993051692101928,1,0.1,1.5
1950,61,0.014381997663121843,6.191150767590571e-4,0.052799709116530626,0.0024373929549604033,0.5785961397315551,7.067289860298255,7.5716478318334834,1,0.1,1.5
1950,60,0.014422593205688047,6.144951744389888e-4,0.05339494074603635,0.0024174494953234944,0.5842444141322144,7.616999281640132,8.155892245965697,1,0.1,1.5
1950,59,0.014416253186073598,6.095188572127366e-4,0.05399201951053014,0.0023960836620722293,0.589855985735843,8.172625500774943,8.74574823170154,1,0.1,1.5
1950,58,0.014364130186678955,6.041821940068632e-4,0.05459056956024468,0.0023732816513496358,0.5954276279243438,8.734149105108578,9.341175859625885,1,0.1,1.5
1950,57,0.014267588057521598,5.98481420716789e-4,0.05519017948759017,0.002349030387639625,0.600955911421031,9.301547439563329,9.942131771046917,1,0.1,1.5
1950,56,0.014128158199904888,5.924066910206157e-4,0.0557897971359688,0.0023232930275326052,0.6064307107964869,9.874788249966493,10.548562481843403,1,0.1,1.5
1950,55,0.013951118016842803,5.860008578542533e-4,0.056393220803270916,0.0022962393234004915,0.6118963808615349,10.453881211922306,11.160458862704937,1,0.1,1.5
1950,54,0.013713438286392123,5.824275810413342e-4,0.05732213454732074,0.002280251066255257,0.6207629287067667,11.042069125396855,11.781221791411705,1,0.1,1.5
1950,53,0.011543807283382081,5.730427423151161e-4,0.05783695466193347,0.0022414874423428415,0.6238170947410668,11.633864970961596,12.405038886152772,1,0.1,1.5
1950,52,0.23087614566764164,0.008568442372604596,1.1188350970846725,0.03316796358620082,11.901780876249306,23.06181779597946,24.30681976240208,20,0.1,1.5
1950,51,0.23087614566764164,0.003851520960537378,1.0401968905358336,0.014312635135706589,10.798867761633185,33.656219341388265,35.10568752403526,20,0.1,1.5
1950,50,0.23087614566764164,5.12893618329027e-4,1.1856279888151482,0.0015421311343826252,12.03735669955676,45.67154559616813,47.14304422359202,20,0.1,1.5
1950,49,0.23087614566764164,7.758434509465516e-26,1.3081831749234456,0,13.23574917967955,58.907294775847674,60.37879340327157,20,0.1,1.5
1950,48,0.23087614566764164,4.0336267244206445e-48,1.3948436855819992,0,14.102354286265086,73.00964906211276,74.48114768953666,20,0.1,1.5
1950,47,0.23087614566764164,3.567547584765072e-50,1.3987457643034824,0,14.141375073479917,87.15102413559268,88.62252276301658,20,0.1,1.5
1950,46,0.23087614566764164,3.567547584765116e-90,1.395950928797935,0,14.113426718424444,101.26445085401711,102.73594948144103,20,0.1,1.5
1950,45,0.23087614566764164,3.567547584765161e-130,1.3931616776563962,0,14.085534207009056,115.34998506102616,116.82148368845009,20,0.1,1.5
1950,44,0.23087614566764164,3.567547584765206e-170,1.3903779997207422,0,14.057697427652515,129.40768248867866,130.87918111610261,20,0.1,1.5
1950,43,0.23087614566764164,3.5675475847652504e-210,1.3875998838551424,0,14.029916268996518,143.43759875767518,144.90909738509913,20,0.1,1.5
1950,42,0.23087614566764164,3.567547584765297e-250,1.3848273189460194,0,14.002190619905289,157.43978937758047,158.91128800500442,20,0.1,1.5
1950,41,0.23087614566764164,3.567547584765342e-290,1.3820602939020012,0,13.974520369465106,171.41430974704556,172.88580837446952,20,0.1,1.5
1950,40,0.23087614566764164,0,1.379298797653877,0,13.946905406983864,185.36121515402942,186.83271378145338,20,0.1,1.5
1950,39,0.23087614566764164,0,1.3765428191545526,0,13.919345621990619,199.28056077602005,200.752059403444,20,0.1,1.5
1950,38,0.23087614566764164,0,1.3737923473790077,0,13.89184090423517,213.1724016802552,214.6439003076792,20,0.1,1.5
1950,37,0.23087614566764164,0,1.3710473713242528,0,13.864391143687621,227.03679282394282,228.5082914513668,20,0.1,1.5
1950,36,0.23087614566764164,0,1.36830788000928,0,13.836996230537894,240.8737890544807,242.3452876819047,20,0.1,1.5
1950,35,0.23087614566764164,0,1.3655738624750247,0,13.80965605519534,254.68344510967606,256.15494373710004,20,0.1,1.5
1950,34,0.23087614566764164,0,1.3628453077843212,0,13.782370508288306,268.4658156179644,269.93731424538834,20,0.1,1.5
1950,33,0.23087614566764164,0,1.3601222050218544,0,13.755139480663638,282.22095509862805,283.69245372605195,20,0.1,1.5
1950,32,0.23087614566764164,0,1.35740454329412,0,13.727962863386294,295.9489179620144,297.4204165894382,20,0.1,1.5
1950,31,0.23087614566764164,0,1.3546923117293805,0,13.700840547738899,309.6497585097533,311.1212571371771,20,0.1,1.5
1950,30,0.23087614566764164,0,1.3519854994776204,0,13.673772425221298,323.32353093497466,324.7950295623984,20,0.1,1.5
1950,29,0.23087614566764164,0,1.3492840957105061,0,13.646758387550156,336.9702893225248,338.44178794994855,20,0.1,1.5
1950,28,0.23087614566764164,0,1.3465880896213367,0,13.619798326658461,350.5900876491833,352.061586276607,20,0.1,1.5
1950,27,0.23087614566764164,0,1.3438974704250062,0,13.592892134695155,364.1829797838785,365.65447841130214,20,0.1,1.5
1950,26,0.23087614566764164,0,1.3412122273579585,0,13.566039704024679,377.74901948790324,379.2205181153268,20,0.1,1.5
1950,25,0.23087614566764164,0,1.3385323496781425,0,13.539240927226519,391.2882604151298,392.7597590425533,20,0.1,1.5
1950,24,0.23087614566764164,0,1.3358578266649717,0,13.51249569709481,404.80075611222463,406.27225473964813,20,0.1,1.5
1950,23,0.23087614566764164,0,1.3331886476192814,0,13.485803906637907,418.2865600188626,419.75805864628603,20,0.1,1.5
1950,22,0.23087614566764164,0,1.3305248018632845,0,13.459165449077938,431.74572546794053,433.217224095364,20,0.1,1.5
1950,21,0.23087614566764164,0,1.3278662787405275,0,13.432580217850369,445.1783056857909,446.64980431321436,20,0.1,1.5
1950,20,0.23087614566764164,0,1.3252130676158522,0,13.406048106603617,458.58435379239455,460.055852419818,20,0.1,1.5
1950,19,0.23087614566764164,0,1.3225651578753481,0,13.379569009198574,471.9639228015931,473.43542142901657,20,0.1,1.5
1950,18,0.23087614566764164,0,1.3199225389263143,0,13.353142819708237,485.31706562130137,486.7885642487248,20,0.1,1.5
1950,17,0.23087614566764164,0,1.3172852001972135,0,13.32676943241723,498.64383505371865,500.11533368114203,20,0.1,1.5
1950,16,0.23087614566764164,0,1.3146531311376317,0,13.30044874182141,511.94428379554006,513.4157824229634,20,0.1,1.5
1950,15,0.23087614566764164,0,1.3120263212182384,0,13.274180642627478,525.2184644381675,526.6899630655909,20,0.1,1.5
1950,14,0.23087614566764164,0,1.309404759930738,0,13.247965029752473,538.46642946792,539.9379280953433,20,0.1,1.5
1950,13,0.23087614566764164,0,1.3067884367878337,0,13.221801798323431,551.6882312662434,553.1597298936667,20,0.1,1.5
1950,12,0.23087614566764164,0,1.304177341323182,0,13.195690843676914,564.8839221099203,566.3554207373436,20,0.1,1.5
1950,11,0.23087614566764164,0,1.3015714630913544,0,13.169632061358637,578.0535541712788,579.5250527987022,20,0.1,1.5
1950,10,0.23087614566764164,0,1.298970791667791,0,13.143625347123004,591.1971795184019,592.6686781458252,20,0.1,1.5
1950,9,0.23087614566764164,0,1.2963753166487615,0,13.117670596932708,604.3148501153346,605.7863487427579,20,0.1,1.5
1950,8,0.23087614566764164,0,1.2937850276513256,0,13.09176770695835,617.4066178222929,618.8781164497162,20,0.1,1.5
1950,7,0.23087614566764164,0,1.2911999143132877,0,13.06591657357797,630.4725343958709,631.9440330232942,20,0.1,1.5
1950,6,0.23087614566764164,0,1.2886199662931561,0,13.040117093376654,643.5126514892474,644.9841501166709,20,0.1,1.5
1950,5,0.23087614566764164,0,1.2860451732701033,0,13.014369163146126,656.5270206523935,657.9985192798171,20,0.1,1.5
1950,4,0.23087614566764164,0,1.2834755249439238,0,12.988672679884331,669.5156933322778,670.9871919597014,20,0.1,1.5
1950,3,0.23087614566764164,0,1.2809110110349928,0,12.963027540795022,682.4787208730728,683.9502195004964,20,0.1,1.5
1950,2,0.011543807283382081,0,5.442767654817477e-4,0,0.013138639177072198,682.4918595122499,683.9633581396735,1,0.1,1.5
1950,1,150,0,1.2932028048214377,0,112.93202804821438,795.4238875604643,796.8953861878879,99999,0.1,1.5
1951,76,0.008787170376952902,0.045443339964561284,0.045443339964561284,0,0.9147249128758609,0,0,1,0.1,1.5
1951,75,0.009360877582253783,4.536934658599722e-4,0.04536480965133859,0.0025692042231497203,0.5011285337003889,0.46442561622682155,0.5011285337003889,1,0.1,1.5
1951,74,0.00990134123530219,6.451268192855767e-4,0.0459285274342075,0.002577178145506355,0.5091542673418897,0.9367630529186205,1.0102828010422786,1,0.1,1.5
1951,73,0.010430239219584653,6.490241152754407e-4,0.046494784040769316,0.00257352859962325,0.5151562686538361,1.4151546272921243,1.5254390696961146,1,0.1,1.5
1951,72,0.01094333046363602,6.481718439084148e-4,0.04706132739768454,0.002568302348845925,0.5210805796132953,1.8995451733504778,2.0465196493094098,1,0.1,1.5
1951,71,0.011436329974013604,6.468845491386918e-4,0.04762844152036027,0.0025617307250112476,0.5269736338921117,2.3899226540281435,2.5734932832015214,1,0.1,1.5
1951,70,0.01190494062748788,6.452624578393978e-4,0.048196487507282594,0.0025538173041427647,0.5328372310811084,2.8862767807643555,3.1063305142826296,1,0.1,1.5
1951,69,0.012344886190564777,6.433073091651117e-4,0.04876584150159567,0.002544561122600252,0.5386722854146546,3.3885981929990066,3.6450027996972842,1,0.1,1.5
1951,68,0.012751945479591274,6.410186755745032e-4,0.049336888049303605,0.002533961600834751,0.5444798156756717,3.8968785572341815,4.189482615372956,1,0.1,1.5
1951,67,0.013121987590356252,6.383961397476796e-4,0.049910014268614106,0.0025220184201700407,0.5502609303843797,4.411110653044703,4.739743545757336,1,0.1,1.5
1951,66,0.01345100817199879,6.354392920858364e-4,0.05048560413053104,0.002508731310341617,0.5560167917266672,4.9312884260522045,5.295760337484003,1,0.1,1.5
1951,65,0.013735163050711197,6.321476347210983e-4,0.051064028960773986,0.0024940996649325236,0.5617485365354133,5.457406967374296,5.857508874019416,1,0.1,1.5
1951,64,0.01397082421089456,6.285168294471878e-4,0.0516453271465428,0.0024781077528360316,0.5674538618933919,5.989459289941459,6.424962735912808,1,0.1,1.5
1951,63,0.014156619385626764,6.245404890203441e-4,0.05222918790069485,0.0024607318363182923,0.5731283421016405,6.527434320095696,6.998091078014449,1,0.1,1.5
1951,62,0.014293555797178744,6.202158947708496e-4,0.052815420788069854,0.002441962712077536,0.5787705856276338,7.0713197241222225,7.576861663642083,1,0.1,1.5
1951,61,0.014381997663121843,6.155393895076914e-4,0.05340377738435907,0.0024217875323429812,0.5843781309285057,7.621100890302971,8.161239794570589,1,0.1,1.5
1951,60,0.014422593205688047,6.105073255752635e-4,0.053993963625792625,0.0024001935495774197,0.5899482509304816,8.176760661953775,8.75118804550107,1,0.1,1.5
1951,59,0.014416253186073598,6.051161040901847e-4,0.05458564122409715,0.002377168273667296,0.5954779555059313,8.73827907069303,9.346666001007002,1,0.1,1.5
1951,58,0.014364130186678955,5.993622347774776e-4,0.05517843091612607,0.002352699709606477,0.6009640141516759,9.305633088993185,9.947630015158678,1,0.1,1.5
1951,57,0.014267588057521598,5.932424111170742e-4,0.05577191806655132,0.002326776654399358,0.6064029966397844,9.87879641914155,10.554033011798463,1,0.1,1.5
1951,56,0.014128158199904888,5.867473237933575e-4,0.05636504141313836,0.002299364464810724,0.6117847232855974,10.457733078644136,11.16581773508406,1,0.1,1.5
1951,55,0.013951118016842803,5.799198394286654e-4,0.056961641312040706,0.0022706328812875116,0.6171539694490771,11.042449435503393,11.782971704533137,1,0.1,1.5
1951,54,0.013713438286392123,5.758870423742276e-4,0.05788646510042982,0.0022528104640254804,0.625948820247904,11.636215249122362,12.408920524781042,1,0.1,1.5
1951,53,0.011543807283382081,5.661022880088615e-4,0.058391542827052986,0.002212465316663738,0.6288789700537837,12.233487571795235,13.037799494834825,1,0.1,1.5
1951,52,0.23087614566764164,0.008377675320276251,1.1270152044715143,0.03238722306614068,11.97052084359358,23.741333800158234,25.008320338428405,20,0.1,1.5
1951,51,0.23087614566764164,0.003616673993532021,1.0436710296307068,0.013370542124630458,10.81780221132506,34.368128266845716,35.826122549753464,20,0.1,1.5
1951,50,0.23087614566764164,3.9066171977894656e-4,1.1858949587998624,0.001123486657139721,12.032823445029216,46.384901902487215,47.85894599478268,20,0.1,1.5
1951,49,0.23087614566764164,7.758434509465521e-28,1.3080523566059532,0,13.234440996504626,59.61934289899184,61.093386991287304,20,0.1,1.5
1951,48,0.23087614566764164,4.033626724420647e-50,1.394704201213441,0,14.100959442579503,73.72030234157134,75.19434643386681,20,0.1,1.5
1951,47,0.23087614566764164,3.5675475847650736e-52,1.3986058897270521,0,14.139976327715615,87.86027866928696,89.33432276158243,20,0.1,1.5
1951,46,0.23087614566764164,3.567547584765118e-92,1.3958113337050553,0,14.112030767495646,101.9723094367826,103.44635352907807,20,0.1,1.5
1951,45,0.23087614566764164,3.567547584765163e-132,1.3930223614886306,0,14.0841410453314,116.05645048211399,117.53049457440946,20,0.1,1.5
1951,44,0.23087614566764164,3.5675475847652084e-172,1.39023896192077,0,14.056307049652794,130.1127575317668,131.58680162406225,20,0.1,1.5
1951,43,0.23087614566764164,3.567547584765252e-212,1.387461123866757,0,14.028528669112664,144.14128620087945,145.6153302931749,20,0.1,1.5
1951,42,0.23087614566764164,3.5675475847652987e-252,1.3846888362141248,0,14.000805792586341,158.14209199346578,159.61613608576124,20,0.1,1.5
1951,41,0.23087614566764164,3.5675475847653437e-292,1.381922087872611,0,13.973138309171205,172.11523030263697,173.58927439493243,20,0.1,1.5
1951,40,0.23087614566764164,0,1.3791608677741116,0,13.94552610818621,186.0607564108232,187.53480050311865,20,0.1,1.5
1951,39,0.23087614566764164,0,1.3764051648726372,0,13.917969079171465,199.97872548999464,201.4527695822901,20,0.1,1.5
1951,38,0.23087614566764164,0,1.3736549681442698,0,13.890467111887792,213.86919260188245,215.3432366941779,20,0.1,1.5
1951,37,0.23087614566764164,0,1.3709102665871205,0,13.863020096316298,227.73221269819874,229.2062567904942,20,0.1,1.5
1951,36,0.23087614566764164,0,1.368171049221279,0,13.835627922657885,241.56784062085663,243.0418847131521,20,0.1,1.5
1951,35,0.23087614566764164,0,1.3654373050887771,0,13.808290481332865,255.37613110218948,256.85017519448496,20,0.1,1.5
1951,34,0.23087614566764164,0,1.3627090232535428,0,13.781007662980523,269.15713876517003,270.6311828574655,20,0.1,1.5
1951,33,0.23087614566764164,0,1.3599861928013524,0,13.753779358458617,282.9109181236287,284.38496221592413,20,0.1,1.5
1951,32,0.23087614566764164,0,1.3572688028397906,0,13.726605458843,296.6375235824717,298.1115676747671,20,0.1,1.5
1951,31,0.23087614566764164,0,1.3545568424982075,0,13.699485855427168,310.3370094378989,311.8110535301943,20,0.1,1.5
1951,30,0.23087614566764164,0,1.3518503009276726,0,13.672420439721819,324.0094298776208,325.4834739699161,20,0.1,1.5
1951,29,0.23087614566764164,0,1.349149167300935,0,13.645409103454444,337.6548389810753,339.1288830733705,20,0.1,1.5
1951,28,0.23087614566764164,0,1.3464534308123746,0,13.61845173856884,351.27329071964414,352.74733481193937,20,0.1,1.5
1951,27,0.23087614566764164,0,1.3437630806779637,0,13.59154823722473,364.8648389568689,366.3388830491641,20,0.1,1.5
1951,26,0.23087614566764164,0,1.3410781061352228,0,13.564698491797323,378.4295374486662,379.90358154096145,20,0.1,1.5
1951,25,0.23087614566764164,0,1.3383984964431748,0,13.537902394876841,391.9674398435431,393.4414839358383,20,0.1,1.5
1951,24,0.23087614566764164,0,1.3357242408823051,0,13.511159839268146,405.47859968281125,406.9526437751064,20,0.1,1.5
1951,23,0.23087614566764164,0,1.3330553287545195,0,13.48447071799029,418.96307040080154,420.4371144930967,20,0.1,1.5
1951,22,0.23087614566764164,0,1.3303917493830981,0,13.457834924276074,432.4209053250776,433.8949494173728,20,0.1,1.5
1951,21,0.23087614566764164,0,1.3277334921126536,0,13.43125235157163,445.85215767664926,447.32620176894443,20,0.1,1.5
1951,20,0.23087614566764164,0,1.3250805463090907,0,13.404722893536,459.2568805701853,460.73092466248045,20,0.1,1.5
1951,19,0.23087614566764164,0,1.3224329013595606,0,13.3782464440407,472.635127014226,474.10917110652116,20,0.1,1.5
1951,18,0.23087614566764164,0,1.3197905466724216,0,13.35182289716931,485.9869499113953,487.4609940036905,20,0.1,1.5
1951,17,0.23087614566764164,0,1.3171534716771938,0,13.325452147217032,499.31240205861235,500.7864461509075,20,0.1,1.5
1951,16,0.23087614566764164,0,1.314521665824518,0,13.299134088690273,512.6115361473026,514.0855802395978,20,0.1,1.5
1951,15,0.23087614566764164,0,1.3118951185861165,0,13.272868616306258,525.8844047636088,527.358448855904,20,0.1,1.5
1951,14,0.23087614566764164,0,1.3092738194547449,0,13.246655624992542,539.1310603886013,540.6051044808966,20,0.1,1.5
1951,13,0.23087614566764164,0,1.306657757944155,0,13.220495009886644,552.3515553984879,553.8255994907832,20,0.1,1.5
1951,12,0.23087614566764164,0,1.3040469235890497,0,13.19438666633559,565.5459420648234,567.0199861571189,20,0.1,1.5
1951,11,0.23087614566764164,0,1.3014413059450454,0,13.168330489895547,578.714272554719,580.1883166470144,20,0.1,1.5
1951,10,0.23087614566764164,0,1.2988408945886243,0,13.142326376331336,591.8565989310503,593.3306430233457,20,0.1,1.5
1951,9,0.23087614566764164,0,1.2962456791170966,0,13.116374221616061,604.9729731526663,606.4470172449618,20,0.1,1.5
1951,8,0.23087614566764164,0,1.2936556491485605,0,13.090473921930698,618.063447074597,619.5374911668924,20,0.1,1.5
1951,7,0.23087614566764164,0,1.2910707943218565,0,13.064625373663658,631.1280724482606,632.602116540556,20,0.1,1.5
1951,6,0.23087614566764164,0,1.2884911042965268,0,13.038828473410362,644.166900921671,645.6409450139664,20,0.1,1.5
1951,5,0.23087614566764164,0,1.2859165687527763,0,13.013083117972856,657.1799840396437,658.6540281319393,20,0.1,1.5
1951,4,0.23087614566764164,0,1.2833471773914293,0,12.987389204359387,670.1673732440031,671.6414173362987,20,0.1,1.5
1951,3,0.23087614566764164,0,1.2807829199338894,0,12.961746629783988,683.1291198737871,684.6031639660827,20,0.1,1.5
1951,2,0.011543807283382081,0,5.442223378051995e-4,0,0.013138094900306716,683.1422579686874,684.616302060983,1,0.1,1.5
1951,1,150,0,1.2930734845409555,0,112.93073484540956,796.072992814097,797.5470369063926,99999,0.1,1.5
1952,77,0.008166211697511217,0.045521949909124476,0.045521949909124476,0,0.9158831393141637,0,0,1,0.1,1.5
1952,76,0.008787170376952902,4.5443339964561306e-4,0.04543879563056483,0.002576397406040429,0.5015960811158886,0.46479040388673964,0.5015960811158886,1,0.1,1.5
1952,75,0.009360877582253783,6.468379904460298e-4,0.046002574226160886,0.0025844974247903117,0.5096560990036236,0.9375251111076446,1.0112521801195122,1,0.1,1.5
1952,74,0.00990134123530219,6.507458045694446e-4,0.046568229117840663,0.0025807778078298783,0.5156588977785389,1.4163157544886136,1.5269110778980512,1,0.1,1.5
1952,73,0.010430239219584653,6.498723910585669e-4,0.047133516712271055,0.002575455655293801,0.5215796074934069,1.9011031383349661,2.0484906853914584,1,0.1,1.5
1952,72,0.01094333046363602,6.485573056505654e-4,0.04769869685215625,0.0025687642496879603,0.5274647273588915,2.391871233555458,2.57595541275035,1,0.1,1.5
1952,71,0.011436329974013604,6.469015267441988e-4,0.048264111357461045,0.0025607075751766864,0.5333158856129665,2.8886055823801864,3.1092712983633164,1,0.1,1.5
1952,70,0.01190494062748788,6.449069506140852e-4,0.04883012218456755,0.0025512852813699832,0.539133851027808,3.3912925008169945,3.6484051493911243,1,0.1,1.5
1952,69,0.012344886190564777,6.425733537417141e-4,0.04939710519809558,0.0025404976552598044,0.5449195332919847,3.8999192104624107,4.193324682683109,1,0.1,1.5
1952,68,0.012751945479591274,6.399005869644328e-4,0.04996544476070736,0.0025283455003673972,0.5506739718969321,4.414473960925523,4.743998654580041,1,0.1,1.5
1952,67,0.013121987590356252,6.36888566439987e-4,0.05053552787222976,0.0025148298959178166,0.5563982974838562,4.934946117039124,5.300396952063897,1,0.1,1.5
1952,66,0.01345100817199879,6.335372205062627e-4,0.0511077383977034,0.0024999519803787632,0.5620936946831256,5.461326212002554,5.862490646747023,1,0.1,1.5
1952,65,0.013735163050711197,6.298463925803419e-4,0.05168244747411104,0.002483712567077248,0.5677613221351581,5.993605926036609,6.430251968882182,1,0.1,1.5
1952,64,0.01397082421089456,6.258121065034798e-4,0.05225968955203715,0.0024660974325053635,0.5733988627141746,6.531774825429278,7.003650831596357,1,0.1,1.5
1952,63,0.014156619385626764,6.214283639697766e-4,0.05283914794098435,0.002447084455871723,0.5790018586762218,7.075818334735904,7.582652690272578,1,0.1,1.5
1952,62,0.014293555797178744,6.166928369670925e-4,0.05342062992401043,0.0024266660483936004,0.5845689226420887,7.625720599543798,8.167221612914666,1,0.1,1.5
1952,61,0.014381997663121843,6.116022769808222e-4,0.05400388388970638,0.00240483104804453,0.5900975893667322,8.18146345965275,8.757319202281398,1,0.1,1.5
1952,60,0.014422593205688047,6.061534606501076e-4,0.0545886126168244,0.0023815684527101746,0.5955851293791585,8.743026182564622,9.352904331660556,1,0.1,1.5
1952,59,0.014416253186073598,6.003432294577259e-4,0.055174474728391563,0.002356867578940825,0.6010285518778871,9.310385197600496,9.953932883538442,1,0.1,1.5
1952,58,0.014364130186678955,5.941685497493941e-4,0.055761088000436075,0.002330718300065883,0.60642462800820085,9.88351384989347,10.560357511546643,1,0.1,1.5
1952,57,0.014267588057521598,5.876265877110102e-4,0.056348035038344506,0.0023031113420774415,0.6117699322333425,10.462382191525705,11.172127443779985,1,0.1,1.5
1952,56,0.014128158199904888,5.807085894406146e-4,0.056934246025199725,0.002274014330299637,0.6170542372839538,11.046950509805377,11.789181681063939,1,0.1,1.5
1952,55,0.013951118016842803,5.734574187161646e-4,0.05752360336823138,0.002243596930292244,0.6223227379324978,11.637221863019414,12.411504418996437,1,0.1,1.5
1952,54,0.013713438286392123,5.689614864301124e-4,0.05844387906992615,0.00222392660531193,0.6310410778303754,12.236492560773906,13.042545496826811,1,0.1,1.5
1952,53,0.011543807283382081,5.587773520460231e-4,0.05893882000193622,0.00218200185747655,0.6338433001688849,12.839164405835984,13.676388796995695,1,0.1,1.5
1952,52,0.23087614566764164,0.008180582519737934,1.1349993087176022,0.03158285590379695,12.036899998587023,24.424880748654477,25.71328879558272,20,0.1,1.5
1952,51,0.23087614566764164,0.0033788022710929348,1.0469092980589014,0.012417426094691653,10.834190235097775,35.08167918239951,36.54747903068049,20,0.1,1.5
1952,50,0.23087614566764164,2.8477828148271975e-4,1.1860572409682675,7.701458136079448e-4,12.028339705994139,47.0990168053421,48.575818736674634,20,0.1,1.5
1952,49,0.23087614566764164,7.758434509465525e-30,1.3079215513702926,0,13.23313294414802,60.33214974949012,61.80895168082265,20,0.1,1.5
1952,48,0.23087614566764164,4.033626724420649e-52,1.3945647307933196,0,14.09956473837829,74.4317144878684,75.90851641920094,20,0.1,1.5
1952,47,0.23087614566764164,3.5675475847650756e-54,1.3984660291380795,0,14.13857772182589,88.57029220969429,90.04709414102683,20,0.1,1.5
1952,46,0.23087614566764164,3.5675475847651197e-94,1.3956717525716849,0,14.110634956161942,102.68092716585622,104.15772909718878,20,0.1,1.5
1952,45,0.23087614566764164,3.567547584765165e-134,1.3928830592524817,0,14.082748022969911,116.76367518882613,118.24047712015869,20,0.1,1.5
1952,44,0.23087614566764164,3.5675475847652103e-174,1.390099938024578,0,14.054916810690873,130.818591999517,132.29539393084957,20,0.1,1.5
1952,43,0.23087614566764164,3.567547584765254e-214,1.3873223777543702,0,14.027141207988796,144.8457332075058,146.32253513883836,20,0.1,1.5
1952,42,0.23087614566764164,3.567547584765301e-254,1.3845503673305033,0,13.999421103750127,158.84515431125592,160.3219562425885,20,0.1,1.5
1952,41,0.23087614566764164,3.5675475847653454e-294,1.3817838956638238,0,13.971756387083332,172.81691069833926,174.29371262967183,20,0.1,1.5
1952,40,0.23087614566764164,0,1.3790229516873342,0,13.944146947318437,186.7610576456577,188.23785957699027,20,0.1,1.5
1952,39,0.23087614566764164,0,1.37626752435615,0,13.916592674006594,200.67765031966428,202.15445225099688,20,0.1,1.5
1952,38,0.23087614566764164,0,1.3735176026474554,0,13.889093456919648,214.56674377658393,216.04354570791654,20,0.1,1.5
1952,37,0.23087614566764164,0,1.3707731755604617,0,13.86164918604971,228.42839296263364,229.90519489396624,20,0.1,1.5
1952,36,0.23087614566764164,0,1.368034232116357,0,13.834259751608665,242.2626527142423,243.7394546455749,20,0.1,1.5
1952,35,0.23087614566764164,0,1.3653007613582684,0,13.806925044027778,256.0695777582701,257.5463796896027,20,0.1,1.5
1952,34,0.23087614566764164,0,1.3625727523512174,0,13.779644953957268,269.8492227122274,271.32602464355995,20,0.1,1.5
1952,33,0.23087614566764164,0,1.3598501941820722,0,13.752419372265816,283.6016420844932,285.07844401582577,20,0.1,1.5
1952,32,0.23087614566764164,0,1.3571330759595066,0,13.72524819004016,297.3268902745334,298.8036922058659,20,0.1,1.5
1952,31,0.23087614566764164,0,1.3544213868139576,0,13.69813129858467,311.0250215731181,312.50182350445056,20,0.1,1.5
1952,30,0.23087614566764164,0,1.3517151158975798,0,13.67106858942089,324.69609016253906,326.17289209387144,20,0.1,1.5
1952,29,0.23087614566764164,0,1.349014252384205,0,13.644059954287144,338.34015011682624,339.81695204815856,20,0.1,1.5
1952,28,0.23087614566764164,0,1.3463187854692933,0,13.617105285138027,351.9572554019643,353.4340573332966,20,0.1,1.5
1952,27,0.23087614566764164,0,1.343628704369896,0,13.590204474144054,365.54745987610835,367.02426180744067,20,0.1,1.5
1952,26,0.23087614566764164,0,1.3409439983246094,0,13.563357413691188,379.11081728979957,380.58761922113183,20,0.1,1.5
1952,25,0.23087614566764164,0,1.3382646565935306,0,13.5365639963804,392.64738128618,394.1241832175122,20,0.1,1.5
1952,24,0.23087614566764164,0,1.3355906684582168,0,13.509824115027262,406.1572054012073,407.63400733253945,20,0.1,1.5
1952,23,0.23087614566764164,0,1.332922023221644,0,13.483137662661536,419.64034306386884,421.117144995201,20,0.1,1.5
1952,22,0.23087614566764164,0,1.3302587102081598,0,13.456504532526692,433.09684759639555,434.5736495277277,20,0.1,1.5
1952,21,0.23087614566764164,0,1.3276007187634422,0,13.429924618079516,446.5267722144751,448.0035741458072,20,0.1,1.5
1952,20,0.23087614566764164,0,1.3249480382544598,0,13.403397812989692,459.93017002746484,461.4069719587969,20,0.1,1.5
1952,19,0.23087614566764164,0,1.3223006580694248,0,13.37692401113934,473.3070940386042,474.7838959699362,20,0.1,1.5
1952,18,0.23087614566764164,0,1.3196585676177544,0,13.350503106622638,486.6575971452269,488.13439907655885,20,0.1,1.5
1952,17,0.23087614566764164,0,1.3170217563300262,0,13.324134993745355,499.98173213897223,501.4585340703042,20,0.1,1.5
1952,16,0.23087614566764164,0,1.3143902136579355,0,13.29781956702445,513.2795517059966,514.7563536373286,20,0.1,1.5
1952,15,0.23087614566764164,0,1.311763929074258,0,13.271556721187673,526.5511084271842,528.0279103585164,20,0.1,1.5
1952,14,0.23087614566764164,0,1.3091428920727994,0,13.245346351173088,539.7964547783573,541.2732567096895,20,0.1,1.5
1952,13,0.23087614566764164,0,1.3065270921683605,0,13.219188352128699,553.015643130486,554.4924450618182,20,0.1,1.5
1952,12,0.23087614566764164,0,1.3039165188966908,0,13.193082619412001,566.2087257498979,567.6855276812303,20,0.1,1.5
1952,11,0.23087614566764164,0,1.3013111618144508,0,13.167029048589603,579.3757547984875,580.8525567298199,20,0.1,1.5
1952,10,0.23087614566764164,0,1.2987110104991655,0,13.141027535436749,592.5167823339242,593.9935842652566,20,0.1,1.5
1952,9,0.23087614566764164,0,1.296116054549185,0,13.115077975936943,605.631860309861,607.1086622411935,20,0.1,1.5
1952,8,0.23087614566764164,0,1.2935262835836456,0,13.08918026628155,618.7210405761426,620.1978425074751,20,0.1,1.5
1952,7,0.23087614566764164,0,1.2909416872424242,0,13.063334302869336,631.7843748790119,633.2611768103444,20,0.1,1.5
1952,6,0.23087614566764164,0,1.2883622551860971,0,13.037539982306065,644.821914861318,646.2987167926505,20,0.1,1.5
1952,5,0.23087614566764164,0,1.285787977095901,0,13.011797201404105,657.833712062722,659.3105139940545,20,0.1,1.5
1952,4,0.23087614566764164,0,1.2832188426736901,0,12.986105857181995,670.819817919904,672.2966198512365,20,0.1,1.5
1952,3,0.23087614566764164,0,1.280654841641896,0,12.960465846864054,683.7802837667681,685.2570856981006,20,0.1,1.5
1952,2,0.011543807283382081,0,5.44167915571419e-4,0,0.013137550677968911,683.7934213174461,685.2702232487785,1,0.1,1.5
1952,1,150,0,1.2929441771925014,0,112.92944177192501,796.7228630893711,798.1996650207035,99999,0.1,1.5
1953,78,0.00751361466098227,0.045607118467622,0.045607118467622,0,0.9171514457930948,0,0,1,0.1,1.5
1953,77,0.008166211697511217,4.55219499091245e-4,0.045517397714133566,0.0025839547944876925,0.502083953185175,0.4651703132639222,0.502083953185175,1,0.1,1.5
1953,76,0.008787170376952902,6.486436855065634e-4,0.04607835110251188,0.0025920756851859593,0.5101577141103334,0.9382983747287419,1.0122416672955084,1,0.1,1.5
1953,75,0.009360877582253783,6.525927361020383e-4,0.046644098324935844,0.0025884016570693327,0.5161846621947765,1.4175058703939567,1.528426329490285,1,0.1,1.5
1953,74,0.00990134123530219,6.51701910003164e-4,0.047208766746886344,0.0025829981370273265,0.5221055541118679,1.9027114511197198,2.0505318836021527,1,0.1,1.5
1953,73,0.010430239219584653,6.503626377340359e-4,0.04777266727442328,0.0025762011333517365,0.5279866652682258,2.393895243054349,2.5785185488703783,1,0.1,1.5
1953,72,0.01094333046363602,6.486766354784957e-4,0.048336118044893024,0.0025680148649319754,0.5338294270880246,2.8910387435004883,3.1123479759584027,1,0.1,1.5
1953,71,0.011436329974013604,6.466459090616136e-4,0.04889946184011947,0.0025584394031540197,0.5396344318052583,3.394124040974975,3.651982407763661,1,0.1,1.5
1953,70,0.01190494062748788,6.442703898486366e-4,0.049463060492691585,0.0025474757077344297,0.5454024460208858,3.903133976885369,4.197384853784547,1,0.1,1.5
1953,69,0.012344886190564777,6.415501473523682e-4,0.050027289901390715,0.002535125509910832,0.5511344033274859,4.418052301499843,4.748519257112033,1,0.1,1.5
1953,68,0.012751945479591274,6.384853809614936e-4,0.050592534591323145,0.0025213910720195626,0.5568313691666629,4.938863798209084,5.305350626278695,1,0.1,1.5
1953,67,0.013121987590356252,6.35076359643854e-4,0.051159181793421986,0.0025062749418255127,0.5624945009979271,5.465554371466646,5.867845127276622,1,0.1,1.5
1953,66,0.01345100817199879,6.313233672997535e-4,0.05172761561895831,0.0024897797346151757,0.568125010566987,5.99811110011056,6.43597013784361,1,0.1,1.5
1953,65,0.013735163050711197,6.272266056951154e-4,0.05229820737113294,0.0024719077491731018,0.5737240829807513,6.536522215245982,7.009694220824361,1,0.1,1.5
1953,64,0.01397082421089456,6.227824791913757e-4,0.052870987941208286,0.002452646341557977,0.5792893918906593,7.080773802257242,7.588983612715021,1,0.1,1.5
1953,63,0.014156619385626764,6.179853976076286e-4,0.05344563514015818,0.0024319750829023086,0.5848164528190612,7.6308477538919846,8.173800065534081,1,0.1,1.5
1953,62,0.014293555797178744,6.12833440468071e-4,0.054021954373116424,0.0024098880635815252,0.5903038876708431,8.18672466922595,8.764103953204923,1,0.1,1.5
1953,61,0.014381997663121843,6.073237847809406e-4,0.054599691263328545,0.0023863758717515447,0.5957492328053411,8.748382818149125,9.359853186010264,1,0.1,1.5
1953,60,0.014422593205688047,6.014536477840448e-4,0.05517854586874026,0.002361429312713619,0.6011497617697058,9.315797875451494,9.96100294777997,1,0.1,1.5
1953,59,0.014416253186073598,5.952203270297835e-4,0.05575817417565393,0.0023350395689880074,0.6065024886126196,9.888942655935713,10.56750543639259,1,0.1,1.5
1953,58,0.014364130186678955,5.886212605139647e-4,0.0563381914666525,0.002307198438554184,0.6118041917564151,10.467786869998497,11.179309628149005,1,0.1,1.5
1953,57,0.014267588057521598,5.816541013964705e-4,0.05691817807036003,0.0022778986293575496,0.6170514560800682,11.052296917087743,11.796361084229073,1,0.1,1.5
1953,56,0.014128158199904888,5.743106684693154e-4,0.057497056183172114,0.0022471101012296454,0.6222340135243933,11.642429357737427,12.418595097753466,1,0.1,1.5
1953,55,0.013951118016842803,5.666338067602226e-4,0.05807875024046762,0.0022150023675331634,0.6273974767815997,12.238183943554269,13.045992574535065,1,0.1,1.5
1953,54,0.013713438286392123,5.616712661922836e-4,0.058994016333347145,0.002193473243946674,0.6360345002427034,12.84288311174059,13.682027074777768,1,0.1,1.5
1953,53,0.011543807283382081,5.510882378895977e-4,0.05947842658430516,0.0021499749811013068,0.6387049480456495,13.450874131484793,14.320732022823417,1,0.1,1.5
1953,52,0.23087614566764164,0.007977519801146617,1.1427815227626796,0.030753404930868776,12.100842212238625,25.112381987568153,26.421574235062042,20,0.1,1.5
1953,51,0.23087614566764164,0.0031381445463838425,1.0499089636527685,0.01145317648283712,10.848005319334291,35.79677050000477,37.26957955439633,20,0.1,1.5
1953,50,0.23087614566764164,1.953842362168134e-4,1.1861311716975727,4.8262729584757497e-4,12.024077665437954,47.81395348978775,49.29365721983429,20,0.1,1.5
1953,49,0.23087614566764164,7.758434509465529e-32,1.3077907592151556,0,13.23182502259665,61.045778512384395,62.52548224243094,20,0.1,1.5
1953,48,0.23087614566764164,4.033626724420651e-54,1.3944252743202403,0,14.098170173647498,75.14394868603189,76.62365241607844,20,0.1,1.5
1953,47,0.23087614566764164,3.5675475847650774e-56,1.3983261825351656,0,14.13717925579675,89.28112794182864,90.7608316718752,20,0.1,1.5
1953,46,0.23087614566764164,3.5675475847651215e-96,1.3955321853964278,0,14.109239284409371,103.39036722623801,104.87007095628456,20,0.1,1.5
1953,45,0.23087614566764164,3.567547584765167e-136,1.3927437709465564,0,14.081355139910658,117.47172236614867,118.95142609619522,20,0.1,1.5
1953,44,0.23087614566764164,3.567547584765212e-176,1.3899609280307756,0,14.05352671075285,131.5252490769015,133.00495280694807,20,0.1,1.5
1953,43,0.23087614566764164,3.567547584765256e-216,1.3871836455165947,0,14.02575388561104,145.55100296251254,147.0307066925591,20,0.1,1.5
1953,42,0.23087614566764164,3.567547584765303e-256,1.3844119122937704,0,13.998036553382798,159.54903951589534,161.0287432459419,20,0.1,1.5
1953,41,0.23087614566764164,3.567547584765347e-296,1.3816457172742573,0,13.970374603187667,173.519414119083,174.9991178491296,20,0.1,1.5
1953,40,0.23087614566764164,0,1.3788850493921656,0,13.94276792436675,187.46218204344973,188.94188577349635,20,0.1,1.5
1953,39,0.23087614566764164,0,1.3761298976037144,0,13.915216406482237,201.37739844993197,202.8571021799786,20,0.1,1.5
1953,38,0.23087614566764164,0,1.3733802508871906,0,13.887719939317,215.26511838924898,216.7448221192956,20,0.1,1.5
1953,37,0.23087614566764164,0,1.3706360982429058,0,13.860278412874152,229.12539680212313,230.60510053216976,20,0.1,1.5
1953,36,0.23087614566764164,0,1.3678974286931453,0,13.832891717376548,242.9582885194997,244.4379922495463,20,0.1,1.5
1953,35,0.23087614566764164,0,1.3651642312821326,0,13.80555974326642,256.76384826276615,258.24355199281274,20,0.1,1.5
1953,34,0.23087614566764164,0,1.3624364950759824,0,13.778282381204917,270.54213064397106,272.02183437401766,20,0.1,1.5
1953,33,0.23087614566764164,0,1.359714209162654,0,13.751059522071634,284.29319016604273,285.7728938960893,20,0.1,1.5
1953,32,0.23087614566764164,0,1.3569973626519107,0,13.7238910569642,298.017081223007,299.49678495305346,20,0.1,1.5
1953,31,0.23087614566764164,0,1.3542859446752762,0,13.696776877197856,311.71385810020485,313.1935618302513,20,0.1,1.5
1953,30,0.23087614566764164,0,1.35157994438599,0,13.669716874304994,325.3835749745099,326.8632787045563,20,0.1,1.5
1953,29,0.23087614566764164,0,1.3488793509589667,0,13.64271094003476,339.02628591454464,340.50598964459107,20,0.1,1.5
1953,28,0.23087614566764164,0,1.3461841535907464,0,13.615758966352558,352.64204488089723,354.12174861094365,20,0.1,1.5
1953,27,0.23087614566764164,0,1.3434943414994591,0,13.588860845439685,366.2309057263369,367.71060945638334,20,0.1,1.5
1953,26,0.23087614566764164,0,1.340809903924777,0,13.562016469692864,379.7929221960298,381.2726259260762,20,0.1,1.5
1953,25,0.23087614566764164,0,1.3381308301278712,0,13.535225731723806,393.3281479277536,394.80785165780003,20,0.1,1.5
1953,24,0.23087614566764164,0,1.335457109391371,0,13.508488524358803,406.83663645211243,408.31634018215885,20,0.1,1.5
1953,23,0.23087614566764164,0,1.332788731019322,0,13.481804740638314,420.31844119275075,421.7981449227972,20,0.1,1.5
1953,22,0.23087614566764164,0,1.330125684337139,0,13.455174273816484,433.77361546656726,435.2533191966137,20,0.1,1.5
1953,21,0.23087614566764164,0,1.3274679586915659,0,13.428597017360753,447.20221248392807,448.68191621397443,20,0.1,1.5
1953,20,0.23087614566764164,0,1.3248155434506343,0,13.402072864951437,460.6042853488795,462.08398907892587,20,0.1,1.5
1953,19,0.23087614566764164,0,1.322168428003618,0,13.375601710481273,473.9798870593608,475.4595907894071,20,0.1,1.5
1953,18,0.23087614566764164,0,1.3195266017609926,0,13.349183448055019,487.32907050741585,488.80877423746216,20,0.1,1.5
1953,17,0.23087614566764164,0,1.316890054154393,0,13.322817971989025,500.6518884794049,502.1315922094512,20,0.1,1.5
1953,16,0.23087614566764164,0,1.3142587746365697,0,13.296505176810792,513.9483936562157,515.4280973862619,20,0.1,1.5
1953,15,0.23087614566764164,0,1.3116327526813505,0,13.2702449572586,527.2186386134742,528.6983423435205,20,0.1,1.5
1953,14,0.23087614566764164,0,1.3090119777835922,0,13.244037208281016,540.4626758217552,541.9423795518015,20,0.1,1.5
1953,13,0.23087614566764164,0,1.3063964394591436,0,13.21788182503653,553.6805576467916,555.1602613768381,20,0.1,1.5
1953,12,0.23087614566764164,0,1.3037861272448013,0,13.191778702893107,566.8723363496847,568.3520400797312,20,0.1,1.5
1953,11,0.23087614566764164,0,1.3011810306982694,0,13.165727737427789,580.0380640871125,581.517767817159,20,0.1,1.5
1953,10,0.23087614566764164,0,1.2985811393981155,0,13.139728824426248,593.1777929115387,594.6574966415852,20,0.1,1.5
1953,9,0.23087614566764164,0,1.29598644294373,0,13.113781859882394,606.2915747714211,607.7712785014676,20,0.1,1.5
1953,8,0.23087614566764164,0,1.2933969309552873,0,13.087886739997966,619.379461511419,620.8591652414656,20,0.1,1.5
1953,7,0.23087614566764164,0,1.2908125930737,0,13.062043361182093,632.4415048726011,633.9212086026477,20,0.1,1.5
1953,6,0.23087614566764164,0,1.2882334189605786,0,13.03625162005088,645.4777564926519,646.9574602226985,20,0.1,1.5
1953,5,0.23087614566764164,0,1.2856593982981914,0,13.010511413427007,658.4882679060789,659.9679716361255,20,0.1,1.5
1953,4,0.23087614566764164,0,1.2830905207894228,0,12.984822638339322,671.4730905444183,672.9527942744648,20,0.1,1.5
1953,3,0.23087614566764164,0,1.2805267761577317,0,12.95918519202241,684.4322757364406,685.9119794664873,20,0.1,1.5
1953,2,0.011543807283382081,0,5.44113498779862e-4,0,0.01313700651005334,684.4454127429507,685.9251164729974,1,0.1,1.5
1953,1,150,0,1.2928148827747823,0,112.92814882774782,797.3735615706985,798.8532653007452,99999,0.1,1.5
1954,79,0.006844604556394974,0.04569673283967249,0.04569673283967249,0,0.9184977264977131,0,0,1,0.1,1.5
1954,78,0.00751361466098227,4.5607118467622023e-4,0.045602557755775236,0.0025919178842962296,0.5026227641922584,0.4655953658451694,0.5026227641922584,1,0.1,1.5
1954,77,0.008166211697511217,6.505408936128355e-4,0.046158834672984074,0.0025998965172398052,0.5106792756153546,0.9391332626428126,1.0133020398076131,1,0.1,1.5
1954,76,0.008787170376952902,6.545053581515555e-4,0.04672176218869812,0.0025961573989036575,0.51670875189461285,1.4187540516959445,1.5300107917022259,1,0.1,1.5
1954,75,0.009360877582253783,6.536263416283536e-4,0.04728653432937068,0.002590788372281571,0.5226534542259914,1.9043962434607706,2.0526642459282174,1,0.1,1.5
1954,74,0.00990134123530219,6.522665533568632e-4,0.04784979540446849,0.002583900464407787,0.5285343775123758,2.3960177571958923,2.581198623440593,1,0.1,1.5
1954,73,0.010430239219584653,6.505539097152745e-4,0.048411940291033774,0.0025755989803947967,0.5343727059690441,2.8935961920164393,3.115571329409637,1,0.1,1.5
1954,72,0.01094333046363602,6.484904825877788e-4,0.048973288149321524,0.0025658842372634112,0.54016882906528,3.3971095319779563,3.655740158474917,1,0.1,1.5
1954,71,0.011436329974013604,6.46076309879121e-4,0.04953418174472396,0.002554757675971562,0.5459233387568716,3.906536332506663,4.201663497231788,1,0.1,1.5
1954,70,0.01190494062748788,6.433116308320937e-4,0.05009498311357592,0.002542221762244687,0.5516370282754247,4.421855907035735,4.753300525507213,1,0.1,1.5
1954,69,0.012344886190564777,6.401968789512317e-4,0.05065606854987829,0.002528279748224586,0.5573108605328324,4.943048485451074,5.310611386040046,1,0.1,1.5
1954,68,0.012751945479591274,6.367326218145056e-4,0.051217823105868907,0.002512935426283702,0.5629459317815668,5.470095339714303,5.8735573178216125,1,0.1,1.5
1954,67,0.013121987590356252,6.329194990528168e-4,0.05178063461069902,0.0024961928810972125,0.5685434311258112,6.0029788725387245,6.442100748947424,1,0.1,1.5
1954,66,0.01345100817199879,6.287581673267914e-4,0.05234488779105021,0.0024780562703645074,0.5741046022274526,6.541682670903827,7.016205351174877,1,0.1,1.5
1954,65,0.013735163050711197,6.242492033502266e-4,0.05291095448768911,0.0024585294413032007,0.5796306614390084,7.086191483181362,7.595836012613885,1,0.1,1.5
1954,64,0.01397082421089456,6.19389410181408e-4,0.05347886242780366,0.0024376013994249907,0.5851192783217565,7.636487884368476,8.180955290935643,1,0.1,1.5
1954,63,0.014156619385626764,6.141736247016534e-4,0.05404828434736974,0.0024152534808668663,0.5905659471330393,8.192550210346274,8.771521238068683,1,0.1,1.5
1954,62,0.014293555797178744,6.08600350300062e-4,0.05461902419357449,0.002391481516674323,0.5959693043036407,8.754355492983139,9.367490542372323,1,0.1,1.5
1954,61,0.014381997663121843,6.026672057856955e-4,0.0551908252621401,0.0023662779064255327,0.6013268932131325,9.321878416104477,9.968817435585455,1,0.1,1.5
1954,60,0.014422593205688047,5.963718646562452e-4,0.0557633853423318,0.002339635321322323,0.6066359959401819,9.895091050311484,10.575453431525638,1,0.1,1.5
1954,59,0.014416253186073598,5.897120955172997e-4,0.056336358250483366,0.0023115468653355556,0.6118936369936113,10.473962589228872,11.18734706851925,1,0.1,1.5
1954,58,0.014364130186678955,5.826858222436857e-4,0.056909357257144376,0.0022820063132613167,0.6170966077744473,11.058459106813872,11.804443676293698,1,0.1,1.5
1954,57,0.014267588057521598,5.752911983533521e-4,0.05748196090989238,0.0022510084034768514,0.6222415093609506,11.64854335326801,12.426685185654648,1,0.1,1.5
1954,56,0.014128158199904888,5.675206319921046e-4,0.05805308400286121,0.002218525492775697,0.6273180398071702,12.244168171749813,13.054003225461818,1,0.1,1.5
1954,55,0.013951118016842803,5.594169299508931e-4,0.05862669295732687,0.0021847268502076444,0.6323722277917343,12.845330015967154,13.686375453253552,1,0.1,1.5
1954,54,0.013713438286392123,5.539850236485913e-4,0.05953648524270048,0.002161331449314948,0.6409231584160608,13.455377010821572,14.327298611669613,1,0.1,1.5
1954,53,0.011543807283382081,5.430046276542227e-4,0.06000997248692206,0.002116270398692741,0.6434580769350566,14.06860265348959,14.97075668860467,1,0.1,1.5
1954,52,0.23087614566764164,0.00776812643072866,1.1503555958431206,0.029897620211343574,12.162263513345636,25.803757306673173,27.133020201950306,20,0.1,1.5
1954,51,0.23087614566764164,0.0028946755661731186,1.0526672668771124,0.010477901201971764,10.85922115776326,36.513294161551116,37.99224135971357,20,0.1,1.5
1954,50,0.23087614566764164,1.2261066632406186e-4,1.1861332154043647,2.6148651107387594e-4,12.02021121273875,48.5297698527031,50.01245257245232,20,0.1,1.5
1954,49,0.23087614566764164,7.758434509465533e-34,1.3076599801392341,0,13.230517231837435,61.76028708454053,63.24296980428976,20,0.1,1.5
1954,48,0.23087614566764164,4.033626724420653e-56,1.3942858317928084,0,14.096775748373178,75.8570628329137,77.33974555266293,20,0.1,1.5
1954,47,0.23087614566764164,3.5675475847650795e-58,1.398186349916912,0,14.135780929614214,89.99284376252791,91.47552648227715,20,0.1,1.5
1954,46,0.23087614566764164,3.567547584765123e-98,1.3953926321778882,0,14.107843752223976,104.10068751475188,105.58337023450112,20,0.1,1.5
1954,45,0.23087614566764164,3.567547584765169e-138,1.3926044965694617,0,14.079962396139711,118.18064991089159,119.66333263064082,20,0.1,1.5
1954,44,0.23087614566764164,3.5675475847652137e-178,1.3898219319379725,0,14.05213674982482,132.2327866607164,133.71546938046563,20,0.1,1.5
1954,43,0.23087614566764164,3.567547584765258e-218,1.387044927152043,0,14.024366701965524,146.25715336268195,147.73983608243117,20,0.1,1.5
1954,42,0.23087614566764164,3.567547584765305e-258,1.384273471102541,0,13.996652141470504,160.25380550415244,161.73648822390166,20,0.1,1.5
1954,41,0.23087614566764164,3.567547584765349e-298,1.38150755270253,0,13.968992957470395,174.22279846162283,175.70548118137205,20,0.1,1.5
1954,40,0.23087614566764164,0,1.3787471608872264,0,13.941389039317357,188.1641875009402,189.6468702206894,20,0.1,1.5
1954,39,0.23087614566764164,0,1.375992284613954,0,13.913840276584635,202.07802777752482,203.56071049727404,20,0.1,1.5
1954,38,0.23087614566764164,0,1.373242912862102,0,13.886346559066114,215.96437433659094,217.44705705634016,20,0.1,1.5
1954,37,0.23087614566764164,0,1.3704990346330814,0,13.858907776775908,229.82328211336684,231.30596483311606,20,0.1,1.5
1954,36,0.23087614566764164,0,1.367760638950276,0,13.831523819947854,243.6548059333147,245.1374886530639,20,0.1,1.5
1954,35,0.23087614566764164,0,1.3650277148590044,0,13.804194579035139,257.45900051234986,258.941683232099,20,0.1,1.5
1954,34,0.23087614566764164,0,1.3623002514264748,0,13.776919944709842,271.2359204570597,272.71860317680887,20,0.1,1.5
1954,33,0.23087614566764164,0,1.3595782377417378,0,13.749699807862472,284.9856202649222,286.46830298467137,20,0.1,1.5
1954,32,0.23087614566764164,0,1.3568616629156456,0,13.72253405960155,298.7081543245238,300.19083704427294,20,0.1,1.5
1954,31,0.23087614566764164,0,1.3541505160808087,0,13.69542259125318,312.40357691577697,313.88625963552613,20,0.1,1.5
1954,30,0.23087614566764164,0,1.3514447863915513,0,13.668365294360607,326.0719422101376,327.55462492988676,20,0.1,1.5
1954,29,0.23087614566764164,0,1.3487444630238707,0,13.641362060683802,339.7133042708214,341.19598699057053,20,0.1,1.5
1954,28,0.23087614566764164,0,1.3460495351753874,0,13.614412782198968,353.3277170530204,354.81039977276953,20,0.1,1.5
1954,27,0.23087614566764164,0,1.3433599920653092,0,13.587517351098185,366.9152344041186,368.3979171238677,20,0.1,1.5
1954,26,0.23087614566764164,0,1.3406758229343845,0,13.560675659788938,380.4759100639076,381.9585927836567,20,0.1,1.5
1954,25,0.23087614566764164,0,1.3379970170448583,0,13.533887600893676,394.0097976648013,395.49248038455033,20,0.1,1.5
1954,24,0.23087614566764164,0,1.335323563680432,0,13.507153067249414,407.5169507320507,408.99963345179975,20,0.1,1.5
1954,23,0.23087614566764164,0,1.3326554521462202,0,13.480471951907296,420.997422683958,422.48010540370706,20,0.1,1.5
1954,22,0.23087614566764164,0,1.3299926717687052,0,13.453844148132145,434.4512668320902,435.9339495518392,20,0.1,1.5
1954,21,0.23087614566764164,0,1.3273352118956967,0,13.42726954940206,447.87853638149227,449.36121910124126,20,0.1,1.5
1954,20,0.23087614566764164,0,1.3246830618962893,0,13.400748049407987,461.2792844309003,462.76196715064924,20,0.1,1.5
1954,19,0.23087614566764164,0,1.3220362111608175,0,13.37427954205327,474.6535639729536,476.1362466927025,20,0.1,1.5
1954,18,0.23087614566764164,0,1.3193946491008164,0,13.347863921453257,488.00142789440685,489.4841106141558,20,0.1,1.5
1954,17,0.23087614566764164,0,1.3167583651489776,0,13.32150108193487,501.32292897634176,502.80561169609064,20,0.1,1.5
1954,16,0.23087614566764164,0,1.314127348759106,0,13.295190918036155,514.6181198943779,516.1008026141268,20,0.1,1.5
1954,15,0.23087614566764164,0,1.3115015894060824,0,13.268933324505918,527.8870532188837,529.3697359386327,20,0.1,1.5
1954,14,0.23087614566764164,0,1.3088810765858139,0,13.242728196303233,541.1297814151869,542.612464134936,20,0.1,1.5
1954,13,0.23087614566764164,0,1.3062657998151976,0,13.21657542859707,554.346356843784,555.829039563533,20,0.1,1.5
1954,12,0.23087614566764164,0,1.3036557486320768,0,13.190474916765861,567.5368317605498,569.0195144802989,20,0.1,1.5
1954,11,0.23087614566764164,0,1.3010509125951997,0,13.16442655639709,580.7012583169469,582.183941036696,20,0.1,1.5
1954,10,0.23087614566764164,0,1.2984512812841758,0,13.138430243286852,593.8396885602338,595.3223712799828,20,0.1,1.5
1954,9,0.23087614566764164,0,1.2958568442994356,0,13.11248587343945,606.9521744336731,608.4348571534223,20,0.1,1.5
1954,8,0.23087614566764164,0,1.2932675912621918,0,13.086593343067012,620.0387677767401,621.5214504964893,20,0.1,1.5
1954,7,0.23087614566764164,0,1.2906835118143927,0,13.06075254858902,633.0995203253291,634.5822030450782,20,0.1,1.5
1954,6,0.23087614566764164,0,1.2881045956186825,0,13.034963386631919,646.1344837119609,647.6171664317102,20,0.1,1.5
1954,5,0.23087614566764164,0,1.2855308323583616,0,13.00922575402871,659.1437094659896,660.626392185739,20,0.1,1.5
1954,4,0.23087614566764164,0,1.2829622117373438,0,12.983539547818532,672.1272490138081,673.6099317335575,20,0.1,1.5
1954,3,0.23087614566764164,0,1.280398723480116,0,12.957904665246254,685.0851536790543,686.5678363988037,20,0.1,1.5
1954,2,0.011543807283382081,0,5.44059087429984e-4,0,0.013136462396554562,685.0982901414509,686.5809728612003,1,0.1,1.5
1954,1,150,0,1.292685601286505,0,112.92685601286504,798.025146154316,799.5078288740654,99999,0.1,1.5
1955,80,0.0061734616341954885,0.04578873105107856,0.04578873105107856,0,0.9198902621110348,0,0,1,0.1,1.5
1955,79,0.006844604556394974,4.5696732839672514e-4,0.04569216316638852,0.002600108447111513,0.5031987810394231,0.4660543746521157,0.5031987810394231,1,0.1,1.5
1955,78,0.00751361466098227,6.525401829208196e-4,0.046245976971073716,0.0026080074305241184,0.5112514969880876,0.9400486226327158,1.0144502780275106,1,0.1,1.5
1955,77,0.008166211697511217,6.564795382460796e-4,0.046804192918826724,0.002604035362140296,0.517251370875835,1.4200994883351181,1.5317016489033457,1,0.1,1.5
1955,76,0.008787170376952902,6.5558440330743e-4,0.04736612936220516,0.0025985901826052057,0.5231979681341212,1.9061747395748792,2.054899617037467,1,0.1,1.5
1955,75,0.009360877582253783,6.542333564866763e-4,0.04792950276900814,0.002591727662222661,0.5291026271986791,2.398252685884663,2.5840022442361463,1,0.1,1.5
1955,74,0.00990134123530219,6.524977816355154e-4,0.048490985541029985,0.0025833259915673777,0.5349403844059143,2.8962884132681865,3.1189426286420607,1,0.1,1.5
1955,73,0.010430239219584653,6.504052841958519e-4,0.04905099884210337,0.002573486713357081,0.5407316299811499,3.400255947344235,3.6596742586232107,1,0.1,1.5
1955,72,0.01094333046363602,6.479559641417306e-4,0.04960986187982245,0.002562211573048526,0.5464767545541875,3.910129679426301,4.206151013177398,1,0.1,1.5
1955,71,0.011436329974013604,6.451501820916817e-4,0.050167917745542384,0.0025495035793048175,0.5521763789633708,4.425884578685317,4.758327392140769,1,0.1,1.5
1955,70,0.01190494062748788,6.419885568694927e-4,0.05072552905582574,0.002535366781310379,0.5578313286592352,4.9474963818972615,5.316158720800004,1,0.1,1.5
1955,69,0.012344886190564777,6.384719058456588e-4,0.051283072880079446,0.0025198060237745135,0.5634426008973586,5.474941753883556,5.879601321697363,1,0.1,1.5
1955,68,0.012751945479591274,6.346011827890705e-4,0.05184093518012924,0.0025028266975902205,0.569011327724009,6.008198414499133,6.4486126494213725,1,0.1,1.5
1955,67,0.013121987590356252,6.303774152648313e-4,0.05239950476751225,0.0024844344897366174,0.5745387348366267,6.547245228053807,7.023151384257999,1,0.1,1.5
1955,66,0.01345100817199879,6.258016492643948e-4,0.05295916736986223,0.0024646351626709034,0.5800261027250402,7.092062257026407,7.603177486983039,1,0.1,1.5
1955,65,0.013735163050711197,6.208748523593025e-4,0.05352029575256614,0.0024434341715124414,0.5854746838665729,7.6426307384428025,8.188652170849613,1,0.1,1.5
1955,64,0.01397082421089456,6.155942439580618e-4,0.05408291489141713,0.00242082223820406,0.5908821489925015,8.198929712603817,8.779534319842114,1,0.1,1.5
1955,63,0.014156619385626764,6.099551064637331e-4,0.05464669288915172,0.002396782534169921,0.5962439767013807,8.760933938817058,9.375778296543494,1,0.1,1.5
1955,62,0.014293555797178744,6.039563826715814e-4,0.05521143267032371,0.002371312688691501,0.6015588232808078,9.32861686654513,9.977337119824302,1,0.1,1.5
1955,61,0.014381997663121843,5.975961486642401e-4,0.055776875656220276,0.0023444069699686512,0.6068242446333356,9.901949583036055,10.584161364457637,1,0.1,1.5
1955,60,0.014422593205688047,5.908725489771432e-4,0.05634271783412815,0.002316059969232728,0.6120375369572172,10.480900549004234,11.196198901414855,1,0.1,1.5
1955,59,0.014416253186073598,5.837838372890619e-4,0.056908611330992204,0.0022862667627176264,0.617195740893304,11.065435336144429,11.81339464230816,1,0.1,1.5
1955,58,0.014364130186678955,5.76328436537766e-4,0.05747416789973399,0.0022550231492113205,0.6222956665711414,11.655516386298265,12.4356903088793,1,0.1,1.5
1955,57,0.014267588057521598,5.685050128527464e-4,0.05803896481467061,0.002222325940682418,0.6273339370852349,12.251102809945179,13.063024245964534,1,0.1,1.5
1955,56,0.014128158199904888,5.603065795138452e-4,0.058601910067654854,0.002188149948848175,0.6323002235885022,12.852143748550136,13.695324469553036,1,0.1,1.5
1955,55,0.013951118016842803,5.5177588185142e-4,0.05916701200058305,0.0021526640919747597,0.6372409683399746,13.458632372719043,14.33256543789301,1,0.1,1.5
1955,54,0.013713438286392123,5.45872712565223e-4,0.06007086445650494,0.0021273987532223117,0.6457010746419484,14.073942036600673,14.978266512534958,1,0.1,1.5
1955,53,0.011543807283382081,5.344976459497275e-4,0.060533039089346555,0.0020807905229777903,0.6480968177749002,14.692313275475891,15.626363330309859,1,0.1,1.5
1955,52,0.23087614566764164,0.00755208631714318,1.1577149653363723,0.029014579056976693,12.221081933508488,26.49890122245614,27.847445263818347,20,0.1,1.5
1955,51,0.23087614566764164,0.002648422056154672,1.0551814754509177,0.009491968904161631,10.867815961289555,37.231117627971955,38.7152612251079,20,0.1,1.5
1955,50,0.23087614566764164,6.659773443170961e-5,1.1860799737105927,1.0728324262115549e-4,12.016915762647068,49.246500772867286,50.73217698775497,20,0.1,1.5
1955,49,0.23087614566764164,7.758434509465537e-36,1.3075292141412203,0,13.229209571857297,62.475710344724575,63.961386559612265,20,0.1,1.5
1955,48,0.23087614566764164,4.033626724420655e-58,1.3941464032096291,0,14.095381462541384,76.57109180726596,78.05676802215365,20,0.1,1.5
1955,47,0.23087614566764164,3.5675475847650815e-60,1.3980465312819204,0,14.134382743264297,90.70547455053025,92.19115076541794,20,0.1,1.5
1955,46,0.23087614566764164,3.567547584765125e-100,1.3952530929146705,0,14.106448359591798,104.81192291012205,106.29759912500974,20,0.1,1.5
1955,45,0.23087614566764164,3.567547584765171e-140,1.3924652361198049,0,14.078569791643142,118.89049270176518,120.37616891665289,20,0.1,1.5
1955,44,0.23087614566764164,3.5675475847652156e-180,1.3896829497447787,0,14.050746927892881,132.94123962965807,134.42691584454576,20,0.1,1.5
1955,43,0.23087614566764164,3.56754758476526e-220,1.3869062226593278,0,14.022979657038372,146.96421928669645,148.44989550158414,20,0.1,1.5
1955,42,0.23087614566764164,3.567547584765307e-260,1.3841350437554307,0,13.9952678679994,160.95948715469584,162.44516336958353,20,0.1,1.5
1955,41,0.23087614566764164,3.567547584765351e-300,1.3813694019472598,0,13.967611449917692,174.92709860461352,176.4127748195012,20,0.1,1.5
1955,40,0.23087614566764164,0,1.3786092861711376,0,13.94001029215647,188.86710889677,190.35278511165768,20,0.1,1.5
1955,39,0.23087614566764164,0,1.3758546853854927,0,13.912464284300022,202.77957318107002,204.2652493959577,20,0.1,1.5
1955,38,0.23087614566764164,0,1.3731055885708159,0,13.884973316153253,216.66454649722326,218.15022271211097,20,0.1,1.5
1955,37,0.23087614566764164,0,1.3703619847296182,0,13.857537277741276,230.52208377496453,232.00775998985225,20,0.1,1.5
1955,36,0.23087614566764164,0,1.367623862886381,0,13.830156059308905,244.35223983427343,245.83791604916115,20,0.1,1.5
1955,35,0.23087614566764164,0,1.3648912120875185,0,13.80282955132028,258.1550693855937,259.6407456004814,20,0.1,1.5
1955,34,0.23087614566764164,0,1.3621640214013322,0,13.775557644458416,271.93062703005216,273.41630324493985,20,0.1,1.5
1955,33,0.23087614566764164,0,1.3594422799179637,0,13.74834022962473,285.67896725967694,287.16464347456457,20,0.1,1.5
1955,32,0.23087614566764164,0,1.356725976749354,0,13.721177197938633,299.40014445761557,300.8858206725032,20,0.1,1.5
1955,31,0.23087614566764164,0,1.3540151010292008,0,13.694068440737102,313.0942128983527,314.5798891132403,20,0.1,1.5
1955,30,0.23087614566764164,0,1.3513096419129123,0,13.667013849574216,326.7612267479269,328.24690296281454,20,0.1,1.5
1955,29,0.23087614566764164,0,1.3486095885775684,0,13.640013316220777,340.4012400641477,341.88691627903535,20,0.1,1.5
1955,28,0.23087614566764164,0,1.3459149302218698,0,13.613066732663793,354.0143067968115,355.49998301169916,20,0.1,1.5
1955,27,0.23087614566764164,0,1.3432256560661027,0,13.58617399110612,367.60048078791766,369.0861570028053,20,0.1,1.5
1955,26,0.23087614566764164,0,1.340541755352091,0,13.559334983966005,381.1598157718837,382.6454919867713,20,0.1,1.5
1955,25,0.23087614566764164,0,1.3378632173431537,0,13.532549603876632,394.69236537576035,396.1780415906479,20,0.1,1.5
1955,24,0.23087614566764164,0,1.3351900313240639,0,13.505817743685732,408.1981831194461,409.68385933433365,20,0.1,1.5
1955,23,0.23087614566764164,0,1.3325221866010055,0,13.479139296455148,421.6773224159013,423.1629986307888,20,0.1,1.5
1955,22,0.23087614566764164,0,1.3298596725015284,0,13.452514155460378,435.1298365713617,436.6155127862492,20,0.1,1.5
1955,21,0.23087614566764164,0,1.3272024783745071,0,13.425942214190165,448.55577878555187,450.0414550004394,20,0.1,1.5
1955,20,0.23087614566764164,0,1.3245505935900996,0,13.39942336634609,461.955202151898,463.44087836678546,20,0.1,1.5
1955,19,0.23087614566764164,0,1.3219040075397015,0,13.372957505842109,475.3281596577401,476.8138358726276,20,0.1,1.5
1955,18,0.23087614566764164,0,1.3192627096359064,0,13.346544526804157,488.6747041845443,490.16038039943174,20,0.1,1.5
1955,17,0.23087614566764164,0,1.3166266893124627,0,13.320184323569721,501.994888508114,503.48056472300146,20,0.1,1.5
1955,16,0.23087614566764164,0,1.3139959360242301,0,13.293876790687396,515.2887652988013,516.7744415136889,20,0.1,1.5
1955,15,0.23087614566764164,0,1.311370439247142,0,13.267621822916514,528.5563871217178,530.0420633366055,20,0.1,1.5
1955,14,0.23087614566764164,0,1.3087501884781554,0,13.241419315226647,541.7978064369444,543.2834826518321,20,0.1,1.5
1955,13,0.23087614566764164,0,1.3061351732352162,0,13.215269162797256,555.0130755997416,556.4987518146293,20,0.1,1.5
1955,12,0.23087614566764164,0,1.3035253830572135,0,13.18917126101723,568.2022468607588,569.6879230756465,20,0.1,1.5
1955,11,0.23087614566764164,0,1.3009208075039402,0,13.163125505484496,581.3653723662433,582.851048581131,20,0.1,1.5
1955,10,0.23087614566764164,0,1.2983214361560473,0,13.137131792005567,594.5025041582488,595.9881803731365,20,0.1,1.5
1955,9,0.23087614566764164,0,1.2957272586150057,0,13.11119001659515,607.613694174844,609.0993703897317,20,0.1,1.5
1955,8,0.23087614566764164,0,1.2931382645030656,0,13.08530007547575,620.6989942503197,622.1846704652074,20,0.1,1.5
1955,7,0.23087614566764164,0,1.2905544434632112,0,13.059461865077207,633.7584561153969,635.2441323302846,20,0.1,1.5
1955,6,0.23087614566764164,0,1.2879757851591207,0,13.0336752820363,646.7921313974332,648.2778076123209,20,0.1,1.5
1955,5,0.23087614566764164,0,1.2854022792751258,0,13.007940223196352,659.8000716206295,661.2857478355172,20,0.1,1.5
1955,4,0.23087614566764164,0,1.28283391551617,0,12.982256585606795,672.7823282062363,674.268004421124,20,0.1,1.5
1955,3,0.23087614566764164,0,1.280270683607768,0,12.956624266522773,685.7389524727591,687.2246286876468,20,0.1,1.5
1955,2,0.011543807283382081,0,5.44004681521241e-4,0,0.01313591833746713,685.7520883910967,687.2377646059842,1,0.1,1.5
1955,1,150,0,1.2925563327263763,0,112.92556332726376,798.6776517183604,800.163327933248,99999,0.1,1.5
1956,81,0.0054937872513675535,0.045881177224472394,0.045881177224472394,0,0.9212860693236928,0,0,1,0.1,1.5
1956,80,0.0061734616341954885,4.5788731051078584e-4,0.04578415217797345,0.002608356070599127,0.5037982655542935,0.46653603597430604,0.5037982655542935,1,0.1,1.5
1956,79,0.006844604556394974,6.545967850618455e-4,0.04633762106184976,0.0026162369600171613,0.5118600618879102,0.9410212841476854,1.0156583274422037,1,0.1,1.5
1956,78,0.00751361466098227,6.585272594602378e-4,0.046893354231007635,0.0026120920962936236,0.5178434927209568,1.4215491754930187,1.5335018201631605,1,0.1,1.5
1956,77,0.008166211697511217,6.575736359175347e-4,0.04745052134006992,0.002606402823821363,0.5237594169461396,1.9080742663845673,2.0572612371093,1,0.1,1.5
1956,76,0.008787170376952902,6.562033896843758e-4,0.04801104029492024,0.0025994554244711658,0.5296656279231267,2.4006048168152487,2.586926865032427,1,0.1,1.5
1956,75,0.009360877582253783,6.544742491205321e-4,0.0485726417342869,0.0025910703805322893,0.5355270360393715,2.899116561704159,3.1224539010717987,1,0.1,1.5
1956,74,0.00990134123530219,6.523564757081996e-4,0.04913196794036773,0.0025811220779852584,0.5413173108602739,3.4035607000217865,3.6637712119320724,1,0.1,1.5
1956,73,0.010430239219584653,6.498757311812288e-4,0.04968946542055843,0.002569713617807564,0.5470570988705611,3.9139076043522394,4.210828310802634,1,0.1,1.5
1956,72,0.01094333046363602,6.470324529035488e-4,0.0502454537868966,0.002556848374214393,0.5527468213863453,4.430128020392665,4.763575132188979,1,0.1,1.5
1956,71,0.011436329974013604,6.438273966471212e-4,0.050800276848594034,0.0025425310017195787,0.558387133888224,4.952193282827752,5.321962266077203,1,0.1,1.5
1956,70,0.01190494062748788,6.402615808962897e-4,0.05135429819824775,0.0025267672049662632,0.5639788992330932,5.480075507704184,5.885941165310296,1,0.1,1.5
1956,69,0.012344886190564777,6.363362250020849e-4,0.05190789607873507,0.002509563489718338,0.5695231541603909,6.013747754868598,6.455464319470687,1,0.1,1.5
1956,68,0.012751945479591274,6.320526862254459e-4,0.05246145776100879,0.0024909269104403248,0.575021071607884,6.553184156327335,7.030485391078571,1,0.1,1.5
1956,67,0.013121987590356252,6.274123965868026e-4,0.05301537343946965,0.0024708648180811086,0.5804739189171988,7.098360006414803,7.61095930999577,1,0.1,1.5
1956,66,0.01345100817199879,6.224168071603698e-4,0.05357003024379297,0.002449384638197635,0.5858830184079749,7.64925181570567,8.196842328403745,1,0.1,1.5
1956,65,0.013735163050711197,6.170672914017033e-4,0.05412580226586899,0.0024264934890382986,0.5912496636403947,8.205837286645517,8.78809199204414,1,0.1,1.5
1956,64,0.01397082421089456,6.113615019905956e-4,0.054682712159479,0.002402183872212792,0.5965715318821417,8.768091906067475,9.384663523926282,1,0.1,1.5
1956,63,0.014156619385626764,6.052951846071176e-4,0.05524042385340529,0.0023764408610370807,0.6018440917948812,9.335986842704685,9.986507615721163,1,0.1,1.5
1956,62,0.014293555797178744,5.98867735999591e-4,0.055798739699229556,0.0023492639358587827,0.6070660249198218,9.909491954255095,10.593573640640985,1,0.1,1.5
1956,61,0.014381997663121843,5.920777039788053e-4,0.05635739971114682,0.002320649285836911,0.6122349052481504,10.488574726848432,11.205808545889136,1,0.1,1.5
1956,60,0.014422593205688047,5.849237177979535e-4,0.05691609855465292,0.002290593471199207,0.6173480487359085,11.073200011710066,11.823156594625045,1,0.1,1.5
1956,59,0.014416253186073598,5.774045290522972e-4,0.05747448716053851,0.0022590935857848193,0.6224025178645022,11.663329764063356,12.445559112489548,1,0.1,1.5
1956,58,0.014364130186678955,5.695190716682078e-4,0.05803217627024685,0.0022261474937612866,0.6273951472640026,12.258922804273626,13.07295425975355,1,0.1,1.5
1956,57,0.014267588057521598,5.61266535299132e-4,0.05858874240335975,0.0021917541177497377,0.6323225878689803,12.859934619031895,13.70527684762253,1,0.1,1.5
1956,56,0.014128158199904888,5.526405530071822e-4,0.05914308736386013,0.0021558907769064954,0.6371744909720358,13.466310670333838,14.342451338594566,1,0.1,1.5
1956,55,0.013951118016842803,5.436837818122042e-4,0.059699261322376684,0.0021187259185672185,0.6419977095088395,14.07804086672029,14.984449048103405,1,0.1,1.5
1956,54,0.013713438286392123,5.373084154312301e-4,0.06059670705836487,0.0020915911345022525,0.6503623202789213,14.69852331364918,15.634811368382326,1,0.1,1.5
1956,53,0.011543807283382081,5.255426072039448e-4,0.06104718341618207,0.002043456360662257,0.6526153654798614,15.321946445405295,16.287426733862187,1,0.1,1.5
1956,52,0.23087614566764164,0.007329165627415605,1.1648528386040828,0.028103703465963505,12.277218950845272,27.197683918165374,28.564645684707457,20,0.1,1.5
1956,51,0.23087614566764164,0.0023994764466019544,1.057448949529413,0.008495998398448223,10.873773095897363,37.950085608370614,39.43841878060482,20,0.1,1.5
1956,50,0.23087614566764164,2.748678799960597e-5,1.185988186523877,2.053945810878352e-5,12.014367584393987,49.964159771934476,51.45278636499881,20,0.1,1.5
1956,49,0.23087614566764164,7.758434509465541e-38,1.3073984612198062,0,13.227902042643155,63.19206181457763,64.68068840764197,20,0.1,1.5
1956,48,0.23087614566764164,4.033626724420658e-60,1.3940069885693083,0,14.093987316138177,77.2860491307158,78.77467572378015,20,0.1,1.5
1956,47,0.23087614566764164,3.5675475847650834e-62,1.3979067266287921,0,14.132984696733015,91.4190338274488,92.90766042051317,20,0.1,1.5
1956,46,0.23087614566764164,3.5675475847651273e-102,1.395113567605379,0,14.105053106498884,105.52408693394769,107.01271352701205,20,0.1,1.5
1956,45,0.23087614566764164,3.5675475847651726e-142,1.392325989596193,0,14.077177326407025,119.60126426035471,121.08989085341908,20,0.1,1.5
1956,44,0.23087614566764164,3.567547584765218e-182,1.3895439814498043,0,14.049357244943137,133.65062150529783,135.1392480983622,20,0.1,1.5
1956,43,0.23087614566764164,3.567547584765262e-222,1.3867675320370618,0,14.021592750815712,147.67221425611353,149.1608408491779,20,0.1,1.5
1956,42,0.23087614566764164,3.567547584765309e-262,1.3839966302510551,0,13.993883732955645,161.6660979890692,163.15472458213355,20,0.1,1.5
1956,41,0.23087614566764164,3.5675475847653526e-302,1.381231265007065,0,13.966230080515745,175.63232806958493,177.1209546626493,20,0.1,1.5
1956,40,0.23087614566764164,0,1.3784714252425205,0,13.9386316828703,189.57095975245522,191.0595863455196,20,0.1,1.5
1956,39,0.23087614566764164,0,1.3757170999169541,0,13.911088429614635,203.48204818206986,204.97067477513423,20,0.1,1.5
1956,38,0.23087614566764164,0,1.3729682780119588,0,13.883600210564682,217.36564839263454,218.8542749856989,20,0.1,1.5
1956,37,0.23087614566764164,0,1.3702249485311453,0,13.856166915756546,231.2218153083911,232.71044190145545,20,0.1,1.5
1956,36,0.23087614566764164,0,1.3674871005000924,0,13.828788435446018,245.05060374383712,246.53923033690148,20,0.1,1.5
1956,35,0.23087614566764164,0,1.3647547229663097,0,13.801464660108191,258.85206840394534,260.3406949970097,20,0.1,1.5
1956,34,0.23087614566764164,0,1.362027804999192,0,13.774195480437015,272.62626388438235,274.1148904774467,20,0.1,1.5
1956,33,0.23087614566764164,0,1.359306335689972,0,13.746980787344814,286.3732446717272,287.8618712647915,20,0.1,1.5
1956,32,0.23087614566764164,0,1.3565903041516791,0,13.719820471961885,300.0930651436891,301.5816917367534,20,0.1,1.5
1956,31,0.23087614566764164,0,1.3538796995190978,0,13.692714425636073,313.7857795693252,315.2744061623895,20,0.1,1.5
1956,30,0.23087614566764164,0,1.351174510948721,0,13.665662539932304,327.4514421092575,328.9400687023218,20,0.1,1.5
1956,29,0.23087614566764164,0,1.3484747276187106,0,13.6386647066322,341.0901068158897,342.578733408954,20,0.1,1.5
1956,28,0.23087614566764164,0,1.3457803387288476,0,13.61172081773357,354.70182763362334,356.19045422668756,20,0.1,1.5
1956,27,0.23087614566764164,0,1.3430913335004961,0,13.584830765450056,368.2866583990734,369.77528499213764,20,0.1,1.5
1956,26,0.23087614566764164,0,1.3404077011765558,0,13.557994442210653,381.8446528412841,383.3332794343483,20,0.1,1.5
1956,25,0.23087614566764164,0,1.3377294310214194,0,13.531211740659288,395.3758645819434,396.8644911750076,20,0.1,1.5
1956,24,0.23087614566764164,0,1.3350565123209315,0,13.504482553654409,408.88034713559784,410.36897372866196,20,0.1,1.5
1956,23,0.23087614566764164,0,1.3323889343823454,0,13.477806774268547,422.3581539098664,423.8467805029305,20,0.1,1.5
1956,22,0.23087614566764164,0,1.3297266865342783,0,13.451184295787877,435.80933820565434,437.2979647987184,20,0.1,1.5
1956,21,0.23087614566764164,0,1.3270697581266697,0,13.424615011711792,449.23395321736615,450.7225798104302,20,0.1,1.5
1956,20,0.23087614566764164,0,1.3244181385307405,0,13.3980988157525,462.63205203311867,464.1206786261827,20,0.1,1.5
1956,19,0.23087614566764164,0,1.3217718171389476,0,13.371635601834571,476.0036876349533,477.4923142280173,20,0.1,1.5
1956,18,0.23087614566764164,0,1.3191307833649428,0,13.345225264094521,489.34891289904783,490.8375394921118,20,0.1,1.5
1956,17,0.23087614566764164,0,1.3164950266435316,0,13.31886769688041,502.66778059592826,504.1564071889922,20,0.1,1.5
1956,16,0.23087614566764164,0,1.3138645364306278,0,13.292562794751372,515.9603433906796,517.4489699837436,20,0.1,1.5
1956,15,0.23087614566764164,0,1.3112393022032172,0,13.266310452477265,529.2266538431568,530.7152804362208,20,0.1,1.5
1956,14,0.23087614566764164,0,1.3086193134593076,0,13.24011056503817,542.4667644081949,543.955391001259,20,0.1,1.5
1956,13,0.23087614566764164,0,1.3060045597178926,0,13.21396302762402,555.6807274358189,557.169354028883,20,0.1,1.5
1956,12,0.23087614566764164,0,1.303395030518908,0,13.187867735634173,568.868595171453,570.3572217645172,20,0.1,1.5
1956,11,0.23087614566764164,0,1.30079071542319,0,13.161824584676992,582.03041975613,583.5190463491942,20,0.1,1.5
1956,10,0.23087614566764164,0,1.2981916040124317,0,13.13583347056941,595.1662532266994,596.6548798197637,20,0.1,1.5
1956,9,0.23087614566764164,0,1.2955976858891443,0,13.109894289336536,608.2761475160358,609.7647741091002,20,0.1,1.5
1956,8,0.23087614566764164,0,1.2930089506766154,0,13.084006937211248,621.3601544532471,622.8487810463115,20,0.1,1.5
1956,7,0.23087614566764164,0,1.290425388018865,0,13.058171310633744,634.4183257638808,635.9069523569452,20,0.1,1.5
1956,6,0.23087614566764164,0,1.287846987580605,0,13.032387306251143,647.450713070132,648.9393396631964,20,0.1,1.5
1956,5,0.23087614566764164,0,1.2852737390471984,0,13.006654820917078,660.457367891049,661.9459944841135,20,0.1,1.5
1956,4,0.23087614566764164,0,1.2827056321246184,0,12.980973751691279,673.4383416427403,674.9269682358048,20,0.1,1.5
1956,3,0.23087614566764164,0,1.2801426565394072,0,12.955343995839165,686.3936856385794,687.8823122316439,20,0.1,1.5
1956,2,0.011543807283382081,0,5.439502810530889e-4,0,0.01313537433278561,686.4068210129122,687.8954476059768,1,0.1,1.5
1956,1,150,0,1.2924270770931037,0,112.92427077093103,799.3310917838432,800.8197183769078,99999,0.1,1.5
1957,82,0.004815657340267675,0.04597229184463361,0.04597229184463361,0,0.9226562751195173,0,0,1,0.1,1.5
1957,81,0.0054937872513675535,4.588117722447242e-4,0.045876589106749945,0.00261643105834406,0.50439412017196394,0.4670165336241917,0.50439412017196394,1,0.1,1.5
1957,80,0.0061734616341954885,6.566678907548895e-4,0.04643166278040543,0.0026244245084943523,0.5124907264938432,0.9420154814252585,1.0168848466658071,1,0.1,1.5
1957,79,0.006844604556394974,6.606052078549088e-4,0.04698704653974786,0.002620167859437541,0.5184705566008273,1.4230550686055494,1.5353554032666343,1,0.1,1.5
1957,78,0.00751361466098227,6.596082966680083e-4,0.04754168791965794,0.002614294937388183,0.5243691091380313,1.9100771072094636,2.0597245124046655,1,0.1,1.5
1957,77,0.008166211697511217,6.581764423145161e-4,0.04809737699389125,0.0026070949958472887,0.5302438897201216,2.403076782703195,2.589968402124787,1,0.1,1.5
1957,76,0.008787170376952902,6.564258900146352e-4,0.048656103047008535,0.002598616903246173,0.5361065015726694,2.9020601856580623,3.1260749036974564,1,0.1,1.5
1957,75,0.009360877582253783,6.543123376242776e-4,0.04921555206524655,0.0025886769756409767,0.541920328735558,3.4069994147416063,3.6679952324330145,1,0.1,1.5
1957,74,0.00990134123530219,6.518040842533965e-4,0.049772335263070004,0.00257715131428325,0.5476587349770057,3.9178417023717085,4.21565396741002,1,0.1,1.5
1957,73,0.010430239219584653,6.489271617637033e-4,0.050326924878468265,0.00256414471519789,0.5533426520039174,4.434553715587085,4.7689966194139375,1,0.1,1.5
1957,72,0.01094333046363602,6.456824180826337e-4,0.05087964133507151,0.002549662260119734,0.5589725377471044,4.957102506761051,5.327969157161042,1,0.1,1.5
1957,71,0.011436329974013604,6.420710243963659e-4,0.05143082957133907,0.0025337103216795213,0.5645490876783089,5.48545573270108,5.8925182448393505,1,0.1,1.5
1957,70,0.01190494062748788,6.380944170505287e-4,0.05198085456966949,0.002516296328394106,0.5700732073578221,6.019581849653272,6.462591452197173,1,0.1,1.5
1957,69,0.012344886190564777,6.337542346796054e-4,0.05253009616155678,0.0024974285117069913,0.5755459782566497,6.559450277742679,7.038137430453823,1,0.1,1.5
1957,68,0.012751945479591274,6.290522544723356e-4,0.05307894334284277,0.002477115650536223,0.580968619395777,7.105031530702224,7.6191060498495995,1,0.1,1.5
1957,67,0.013121987590356252,6.239903284861452e-4,0.053627788106645986,0.0024553668170147493,0.5863424448927219,7.6562973067804485,8.20544849474232,1,0.1,1.5
1957,66,0.01345100817199879,6.185703276210125e-4,0.054177019400318,0.0024321911534254228,0.5916688239668001,8.21322054284117,8.797117318709121,1,0.1,1.5
1957,65,0.013735163050711197,6.127940451735917e-4,0.05472701305790198,0.002407597491427364,0.5969490962754302,8.775775389239067,9.394066414984552,1,0.1,1.5
1957,64,0.01397082421089456,6.06659583073104e-4,0.055277789856316255,0.0023815801709865417,0.602180951072393,9.343933766440223,9.996247366056945,1,0.1,1.5
1957,63,0.014156619385626764,6.001631671053413e-4,0.05582901002627922,0.0023541262293745703,0.6073598528962811,9.917663244631154,10.603607218953226,1,0.1,1.5
1957,62,0.014293555797178744,5.933046613246916e-4,0.056380475809224326,0.00232523704533722,0.6124845139798554,10.496930086534762,11.21609173293308,1,0.1,1.5
1957,61,0.014381997663121843,5.860830984990158e-4,0.05693192629263493,0.002294910775706726,0.6175525320063738,11.081698178888182,11.833644264939453,1,0.1,1.5
1957,60,0.014422593205688047,5.784976049777813e-4,0.05748305531259725,0.0022631459927496132,0.6225612483521559,11.671928770201058,12.456205513291609,1,0.1,1.5
1957,59,0.014416253186073598,5.705474417367278e-4,0.05803351310826867,0.0022299418470285663,0.6275077530578443,12.267580211158494,13.083713266349454,1,0.1,1.5
1957,58,0.014364130186678955,5.622320641570037e-4,0.05858290992606015,0.0021952983029659544,0.6323889110213758,12.868607717851784,13.71610217737083,1,0.1,1.5
1957,57,0.014267588057521598,5.535511947904258e-4,0.059130822058556846,0.0021592164240831595,0.6372014068206274,13.474963175756937,14.353303584191458,1,0.1,1.5
1957,56,0.014128158199904888,5.444990997566957e-4,0.05967614574935037,0.002121676083131672,0.641934878954793,14.086588396381277,14.99523846314625,1,0.1,1.5
1957,55,0.013951118016842803,5.351183174599266e-4,0.06022297287588625,0.0020828451236871884,0.646636587616412,14.703470053659302,15.641875050762662,1,0.1,1.5
1957,54,0.013713438286392123,5.282708677798755e-4,0.061113545171284596,0.0020538458083763575,0.6549011069869493,15.329030506240874,16.296776157749612,1,0.1,1.5
1957,53,0.011543807283382081,5.161195162376037e-4,0.06155194278800602,0.002004210206701012,0.657008068946134,15.957407000805565,16.953784226695745,1,0.1,1.5
1957,52,0.23087614566764164,0.007099217522765032,1.1717622791867133,0.02716479201345459,12.330600854874945,27.899939398345442,29.28438508157069,20,0.1,1.5
1957,51,0.23087614566764164,0.0021479943640780753,1.0594672042340723,0.007492562135544979,10.877106018362955,38.67000881477203,40.16149109993364,20,0.1,1.5
1957,50,0.23087614566764164,5.40973240719194e-6,1.185874722569752,0,12.012718753466684,50.68272756823871,52.17420985340033,20,0.1,1.5
1957,49,0.23087614566764164,7.758434509465545e-40,1.3072677213736843,0,13.226594644181937,63.90932221242065,65.40080449758227,20,0.1,1.5
1957,48,0.23087614566764164,4.03362672442066e-62,1.3938675878704514,0,14.092593309149608,78.00191552157025,79.49339780673188,20,0.1,1.5
1957,47,0.23087614566764164,3.567547584765085e-64,1.3977669359561293,0,14.131586790006388,92.13350231157663,93.62498459673827,20,0.1,1.5
1957,46,0.23087614566764164,3.567547584765129e-104,1.3949740562486184,0,14.103657992931277,106.23716030450791,107.72864258966955,20,0.1,1.5
1957,45,0.23087614566764164,3.5675475847651745e-144,1.3921867569972335,0,14.07578500041743,120.31294530492534,121.80442759008697,20,0.1,1.5
1957,44,0.23087614566764164,3.56754758476522e-184,1.3894050270516594,0,14.047967700961687,134.36091300588703,135.85239529104865,20,0.1,1.5
1957,43,0.23087614566764164,3.567547584765264e-224,1.3866288552838582,0,14.020205983283676,148.3811189891707,149.87260127433234,20,0.1,1.5
1957,42,0.23087614566764164,3.5675475847653107e-264,1.38385823058803,0,13.992499736325394,162.37361872549607,163.86510101065772,20,0.1,1.5
1957,41,0.23087614566764164,3.5675475847653547e-304,1.3810931418805643,0,13.964848849250737,176.3384675747468,177.82994985990845,20,0.1,1.5
1957,40,0.23087614566764164,0,1.3783335780999963,0,13.937253211445057,190.27572078619184,191.76720307135352,20,0.1,1.5
1957,39,0.23087614566764164,0,1.3755795282069625,0,13.909712712514718,204.18543349870654,205.67691578386825,20,0.1,1.5
1957,38,0.23087614566764164,0,1.3728309811841575,0,13.88222724228667,218.0676607409932,219.5591430261549,20,0.1,1.5
1957,37,0.23087614566764164,0,1.3700879260362921,0,13.854796690808016,231.9224574318012,233.41393971696294,20,0.1,1.5
1957,36,0.23087614566764164,0,1.3673503517900423,0,13.827420948345516,245.74987838014673,247.24136066530846,20,0.1,1.5
1957,35,0.23087614566764164,0,1.3646182474940132,0,13.800099905385226,259.54997828553195,261.0414605706937,20,0.1,1.5
1957,34,0.23087614566764164,0,1.3618916022186922,0,13.772833452632016,273.322811738164,274.8142940233257,20,0.1,1.5
1957,33,0.23087614566764164,0,1.3591704050564029,0,13.745621481009122,287.06843321917313,288.5599155043348,20,0.1,1.5
1957,32,0.23087614566764164,0,1.356454645121264,0,13.718463881657733,300.7868971008309,302.27837938599254,20,0.1,1.5
1957,31,0.23087614566764164,0,1.3537443115491459,0,13.691360545936552,314.4782576467675,315.9697399319291,20,0.1,1.5
1957,30,0.23087614566764164,0,1.3510393934976261,0,13.664311365421355,328.14256901218886,329.6340512973504,20,0.1,1.5
1957,29,0.23087614566764164,0,1.3483398801459487,0,13.637316231904581,341.77988524409346,343.27136752925503,20,0.1,1.5
1957,28,0.23087614566764164,0,1.3456457606949748,0,13.610375037394842,355.39026028148834,356.88174256664985,20,0.1,1.5
1957,27,0.23087614566764164,0,1.342957024367146,0,13.583487674116554,368.9737479556049,370.4652302407664,20,0.1,1.5
1957,26,0.23087614566764164,0,1.3402736604064382,0,13.556654034509476,382.5304019901144,384.02188427527585,20,0.1,1.5
1957,25,0.23087614566764164,0,1.3375956580783173,0,13.529874011228266,396.0602760013427,397.55175828650414,20,0.1,1.5
1957,24,0.23087614566764164,0,1.3349230066696993,0,13.503147497142088,409.5634234984848,411.05490578364623,20,0.1,1.5
1957,23,0.23087614566764164,0,1.332255695488907,0,13.476474385334164,423.039897883819,424.5313801689804,20,0.1,1.5
1957,22,0.23087614566764164,0,1.3295937138656249,0,13.449854569101342,436.48975245292036,437.9812347380817,20,0.1,1.5
1957,21,0.23087614566764164,0,1.3269370511508571,0,13.423287941953665,449.91304039487403,451.40452268003537,20,0.1,1.5
1957,20,0.23087614566764164,0,1.3242856967168875,0,13.396774397613969,463.309814792488,464.80129707764934,20,0.1,1.5
1957,19,0.23087614566764164,0,1.3216396399572337,0,13.37031383001743,476.68012862250544,478.1716109076668,20,0.1,1.5
1957,18,0.23087614566764164,0,1.3189988702866065,0,13.343906133311158,490.0240347558166,491.51551704097795,20,0.1,1.5
1957,17,0.23087614566764164,0,1.3163633771408672,0,13.317551201853766,503.3415859576704,504.8330682428317,20,0.1,1.5
1957,16,0.23087614566764164,0,1.3137331499769849,0,13.291248930214943,516.6328348878853,518.1243171730466,20,0.1,1.5
1957,15,0.23087614566764164,0,1.3111081782729967,0,13.264999213175061,529.8978341010603,531.3893163862217,20,0.1,1.5
1957,14,0.23087614566764164,0,1.3084884515279618,0,13.238801945724711,543.136636046785,544.6281183319464,20,0.1,1.5
1957,13,0.23087614566764164,0,1.3058739592619208,0,13.212657023064303,556.3492930698493,557.8407753550107,20,0.1,1.5
1957,12,0.23087614566764164,0,1.303264691015856,0,13.186564340603654,569.5358574104529,571.0273396956144,20,0.1,1.5
1957,11,0.23087614566764164,0,1.3006606363516475,0,13.16052379396157,582.6963812044144,584.187863489576,20,0.1,1.5
1957,10,0.23087614566764164,0,1.2980617848520304,0,13.134535278965398,595.8309164833797,597.3223987685413,20,0.1,1.5
1957,9,0.23087614566764164,0,1.2954681261205554,0,13.108598691650649,608.9395151750304,610.430997460192,20,0.1,1.5
1957,8,0.23087614566764164,0,1.2928796497815478,0,13.082713928260572,622.0222291032909,623.5137113884525,20,0.1,1.5
1957,7,0.23087614566764164,0,1.2902963454800631,0,13.056880885245725,635.0791099885366,636.5705922736983,20,0.1,1.5
1957,6,0.23087614566764164,0,1.2877182028818468,0,13.031099459263562,648.1102094478001,649.6016917329619,20,0.1,1.5
1957,5,0.23087614566764164,0,1.2851452116732938,0,13.00536954717803,661.1155789949781,662.6070612801399,20,0.1,1.5
1957,4,0.23087614566764164,0,1.282577361561406,0,12.979691046059154,674.0952700410372,675.5867523261991,20,0.1,1.5
1957,3,0.23087614566764164,0,1.2800146422737533,0,12.954063853182626,687.0493338942198,688.5408161793817,20,0.1,1.5
1957,2,0.011543807283382081,0,5.438958860249836e-4,0,0.013134830382504556,687.0624687246024,688.5539510097642,1,0.1,1.5
1957,1,150,0,1.2922978343853944,0,112.92297834385394,799.9854470684563,801.4769293536182,99999,0.1,1.5
1958,83,0.004172172715696933,0.046060482335872927,0.046060482335872927,0,0.9239910951945898,0,0,1,0.1,1.5
1958,82,0.004815657340267675,4.597229184463364e-4,0.045967694615449146,0.0026241849524325173,0.5049729700291216,0.46748461356579996,0.5049729700291216,1,0.1,1.5
1958,81,0.0054937872513675535,6.586958823084622e-4,0.04652610921242528,0.0026323497685490256,0.51311557247514,0.9429951893473825,1.0180885425042616,1,0.1,1.5
1958,80,0.0061734616341954885,6.62672806031137e-4,0.04708312574125098,0.0026281143802102977,0.5191181177081461,1.4245688159096672,1.5372066602124077,1,0.1,1.5
1958,79,0.006844604556394974,6.616480169379344e-4,0.04763738979995327,0.0026221192872619716,0.5250122948340606,1.9121222637828426,2.0622189550464682,1,0.1,1.5
1958,78,0.00751361466098227,6.601698173137259e-4,0.04819050748521302,0.0026147276775119414,0.5308691020018071,2.4056381132487648,2.5930880570482753,1,0.1,1.5
1958,77,0.008166211697511217,6.583555133849674e-4,0.04874434100515369,0.0026059893759381564,0.53669952597332,2.9051092195658255,3.1297875830215953,1,0.1,1.5
1958,76,0.008787170376952902,6.562184847116896e-4,0.049300891662515375,0.0025959489153806045,0.5425141995623431,3.4105384346227314,3.6723017825839386,1,0.1,1.5
1958,75,0.009360877582253783,6.537123672864869e-4,0.049857799753950265,0.0025844240567534024,0.548276049935109,3.9218941408899344,4.220577832519048,1,0.1,1.5
1958,74,0.00990134123530219,6.508058694133465e-4,0.05041164585811451,0.0025712929128809577,0.553958167330446,4.439119552322081,4.774535999849494,1,0.1,1.5
1958,73,0.010430239219584653,6.475254504171096e-4,0.05096292836477989,0.0025566619834965854,0.5595817735864063,4.962177583287107,5.3341177734359,1,0.1,1.5
1958,72,0.01094333046363602,6.438723892107598e-4,0.05151196893596793,0.002540538130339179,0.5651473687561992,5.491031550181319,5.8992651421921,1,0.1,1.5
1958,71,0.011436329974013604,6.39848290663844e-4,0.052059114068801815,0.0025229295124587453,0.5706556937553144,6.0256453937586505,6.4699208359474145,1,0.1,1.5
1958,70,0.01190494062748788,6.354550262690318e-4,0.052604730566311056,0.002503845346406828,0.5761077022451759,6.565983876769443,7.046028538192591,1,0.1,1.5
1958,69,0.012344886190564777,6.306946702735439e-4,0.05314920027986737,0.0024832956493601984,0.5815045257621694,7.112012750397896,7.62753306395476,1,0.1,1.5
1958,68,0.012751945479591274,6.255694351787792e-4,0.05369291436114254,0.0024612909807102783,0.5868474346740399,7.663698885347503,8.2143804986288,1,0.1,1.5
1958,67,0.013121987590356252,6.200816075385487e-4,0.05423626703208901,0.002437842185852152,0.5921377950639247,8.221010363470683,8.806518293692726,1,0.1,1.5
1958,66,0.01345100817199879,6.142334916325658e-4,0.05477964948673432,0.0024129601720447574,0.5973770281656406,8.783916532035683,9.403895321858366,1,0.1,1.5
1958,65,0.013735163050711197,6.080273133085769e-4,0.05532343972945303,0.002386655529040089,0.6025665247810438,9.352387977830439,10.006461846639409,1,0.1,1.5
1958,64,0.01397082421089456,6.014616385773664e-4,0.05586765712007726,0.002358924488549343,0.6077039916588,9.926393048224249,10.61416583829821,1,0.1,1.5
1958,63,0.014156619385626764,5.94533189014696e-4,0.05641195868262023,0.0023297561085133954,0.6127848950950536,10.505895713197683,11.226950733393263,1,0.1,1.5
1958,62,0.014293555797178744,5.87242307947552e-4,0.05695614702297771,0.0022991537072314687,0.6178079834678213,11.090858643705054,11.844758716861085,1,0.1,1.5
1958,61,0.014381997663121843,5.795885249116717e-4,0.05749996079393235,0.002267117449597675,0.622770883767631,11.681242135335575,12.467529600628716,1,0.1,1.5
1958,60,0.014422593205688047,5.715714742371811e-4,0.0580430935052534,0.0022336479563531964,0.6276709684513626,12.277003847267606,13.095200569080077,1,0.1,1.5
1958,59,0.014416253186073598,5.631909361745089e-4,0.05858519521871498,0.0021987464670216402,0.6325053608208722,12.878098544273882,13.72770592990095,1,0.1,1.5
1958,58,0.014364130186678955,5.544468963830587e-4,0.05912587621080903,0.0021624150740007205,0.6372709617773362,13.484477862136922,14.364976891678285,1,0.1,1.5
1958,57,0.014267588057521598,5.453396179686942e-4,0.05966471308237178,0.0021246570045313625,0.6419644952969624,14.096090114512007,15.006941386975248,1,0.1,1.5
1958,56,0.014128158199904888,5.358640117804849e-4,0.06020059715555836,0.002085454723959783,0.646575594148941,14.712873498318665,15.653516981124188,1,0.1,1.5
1958,55,0.013951118016842803,5.260624640963964e-4,0.06073766185952047,0.0020449753276737996,0.6511519218332132,15.334811486899396,16.304668902957403,1,0.1,1.5
1958,54,0.013713438286392123,5.187441607718881e-4,0.06162089526886156,0.0020141209892179015,0.6593118434760897,15.965350173386659,16.963980746433492,1,0.1,1.5
1958,53,0.011543807283382081,5.06213746837629e-4,0.062046840145402474,0.001963015311731566,0.6612694863265351,16.598576583831314,17.625250232760028,1,0.1,1.5
1958,52,0.23087614566764164,0.006862190178591299,1.1784363009621583,0.02619799726706523,12.381159445667807,28.6054789256839,30.006409678427836,20,0.1,1.5
1958,51,0.23087614566764164,0.0018946204775270256,1.0612343980475352,0.006528740867917271,10.878475342380247,39.39068654137961,40.884885020808085,20,0.1,1.5
1958,50,0.23087614566764164,5.4097324071919425e-8,1.185756135097495,0,12.011479322393285,51.40216586377289,52.89636434320137,20,0.1,1.5
1958,49,0.23087614566764164,7.75843450946555e-42,1.307136994601547,0,13.225287376460564,64.62745324023345,66.12165171966194,20,0.1,1.5
1958,48,0.23087614566764164,4.0336267244206626e-64,1.3937282011116643,0,14.091199441561736,78.71865268179518,80.21285116122368,20,0.1,1.5
1958,47,0.23087614566764164,3.567547584765087e-66,1.3976271592625338,0,14.130189023070432,92.8488417048656,94.34304018429411,20,0.1,1.5
1958,46,0.23087614566764164,3.567547584765131e-106,1.3948345588429936,0,14.10226301887503,106.95110472374063,108.44530320316915,20,0.1,1.5
1958,45,0.23087614566764164,3.5675475847651766e-146,1.3920475383215338,0,14.074392813660433,121.02549753740105,122.51969601682958,20,0.1,1.5
1958,44,0.23087614566764164,3.567547584765222e-186,1.3892660865489541,0,14.046578295934635,135.07207583333567,136.56627431276422,20,0.1,1.5
1958,43,0.23087614566764164,3.567547584765266e-226,1.3864901923983297,0,14.018819354428391,149.09089518776406,150.5850936671926,20,0.1,1.5
1958,42,0.23087614566764164,3.567547584765313e-266,1.3837198447649712,0,13.991115878094806,163.08201106585886,164.5762095452874,20,0.1,1.5
1958,41,0.23087614566764164,3.5675475847653564e-306,1.3809550325663762,0,13.963467756108855,177.04547882196772,178.53967730139627,20,0.1,1.5
1958,40,0.23087614566764164,0,1.3781957447421864,0,13.935874877866958,190.98135369983467,192.47555217926322,20,0.1,1.5
1958,39,0.23087614566764164,0,1.3754419702541418,0,13.908337132986512,204.88969083282117,206.38388931224972,20,0.1,1.5
1958,38,0.23087614566764164,0,1.3726936980860391,0,13.880854411305485,218.77054524412665,220.2647437235552,20,0.1,1.5
1958,37,0.23087614566764164,0,1.3699509172436886,0,13.85342660288198,232.62397184700862,234.11817032643717,20,0.1,1.5
1958,36,0.23087614566764164,0,1.3672136167548632,0,13.826053597993726,246.45002544500235,247.9442239244309,20,0.1,1.5
1958,35,0.23087614566764164,0,1.3644817856692637,0,13.798735287137731,260.2487607321401,261.74295921156863,20,0.1,1.5
1958,34,0.23087614566764164,0,1.3617554130584704,0,13.771471561029797,274.02023229316995,275.5144307725984,20,0.1,1.5
1958,33,0.23087614566764164,0,1.3590344880158973,0,13.744262310604068,287.76449460377404,289.2586930832025,20,0.1,1.5
1958,32,0.23087614566764164,0,1.356318999656752,0,13.717107427012614,301.4816020307867,302.9758005102151,20,0.1,1.5
1958,31,0.23087614566764164,0,1.353608937117991,0,13.690006801625003,315.1716088324117,316.6658073118401,20,0.1,1.5
1958,30,0.23087614566764164,0,1.3509042895582763,0,13.662960326027857,328.8345691584396,330.328767637868,20,0.1,1.5
1958,29,0.23087614566764164,0,1.3482050461579342,0,13.635967892024436,342.47053705046403,343.96473552989244,20,0.1,1.5
1958,28,0.23087614566764164,0,1.3455111961189052,0,13.609029391634147,356.0795664420982,357.57376492152656,20,0.1,1.5
1958,27,0.23087614566764164,0,1.3428227286647094,0,13.582144717092188,369.6617111591904,371.15590963861877,20,0.1,1.5
1958,26,0.23087614566764164,0,1.3401396330403976,0,13.55531376084907,383.21702492003953,384.7112233994678,20,0.1,1.5
1958,25,0.23087614566764164,0,1.3374618985125095,0,13.528536415570189,396.74556133560975,398.23975981503804,20,0.1,1.5
1958,24,0.23087614566764164,0,1.3347895143690323,0,13.501812574135416,410.2473739097452,411.7415723891735,20,0.1,1.5
1958,23,0.23087614566764164,0,1.3321224699193581,0,13.475142129638675,423.7225160393839,425.2167145188122,20,0.1,1.5
1958,22,0.23087614566764164,0,1.3294607544942383,0,13.448524975387476,437.1710410147714,438.6652394941997,20,0.1,1.5
1958,21,0.23087614566764164,0,1.326804357445742,0,13.421961004902514,450.5930020196739,452.0872004991022,20,0.1,1.5
1958,20,0.23087614566764164,0,1.3241532681472157,0,13.39545011191725,463.9884521315912,465.48265061101944,20,0.1,1.5
1958,19,0.23087614566764164,0,1.321507475993238,0,13.368992190377472,477.35744432196867,478.8516428013969,20,0.1,1.5
1958,18,0.23087614566764164,0,1.318866970399578,0,13.342587134440873,490.7000314564096,492.19422993583777,20,0.1,1.5
1958,17,0.23087614566764164,0,1.316231740803153,0,13.316234838476623,504.01626629488624,505.5104647743144,20,0.1,1.5
1958,16,0.23087614566764164,0,1.3136017766619872,0,13.289935197064965,517.3062014919511,518.8003999713794,20,0.1,1.5
1958,15,0.23087614566764164,0,1.3109770674551695,0,13.263688104996788,530.5698895969479,532.0640880763763,20,0.1,1.5
1958,14,0.23087614566764164,0,1.308357602682809,0,13.237493457273183,543.807383054221,545.3015815336495,20,0.1,1.5
1958,13,0.23087614566764164,0,1.3057433718659948,0,13.211351149105042,557.018734203326,558.5129326827546,20,0.1,1.5
1958,12,0.23087614566764164,0,1.3031343645467546,0,13.18526107591264,570.2039952792386,571.6981937586672,20,0.1,1.5
1958,11,0.23087614566764164,0,1.3005305702880123,0,13.159223133325217,583.3632184125638,584.8574168919924,20,0.1,1.5
1958,10,0.23087614566764164,0,1.2979319786735453,0,13.133237217180547,596.4964556297443,597.990654109173,20,0.1,1.5
1958,9,0.23087614566764164,0,1.2953385793079433,0,13.107303223524527,609.6037588532688,611.0979573326975,20,0.1,1.5
1958,8,0.23087614566764164,0,1.2927503618165697,0,13.08142104861079,622.6851799018796,624.1793783813083,20,0.1,1.5
1958,7,0.23087614566764164,0,1.2901673158455151,0,13.055590588900245,635.7407704907798,637.2349689702086,20,0.1,1.5
1958,6,0.23087614566764164,0,1.2875894310615585,0,13.02981174106068,648.7705822318404,650.2647807112693,20,0.1,1.5
1958,5,0.23087614566764164,0,1.2850166971521264,0,13.004084401966358,661.7746666338068,663.2688651132356,20,0.1,1.5
1958,4,0.23087614566764164,0,1.28244910382525,0,12.978408468697593,674.7530751025043,676.2472735819332,20,0.1,1.5
1958,3,0.23087614566764164,0,1.279886640809526,0,12.952783838540354,687.7058589410447,689.2000574204735,20,0.1,1.5
1958,2,0.011543807283382081,0,5.438414964363811e-4,0,0.013134286486618532,687.7189932275313,689.2131917069602,1,0.1,1.5
1958,1,150,0,1.2921686046019558,0,112.92168604601956,800.6406792735509,802.1348777529797,99999,0.1,1.5
1959,84,0.003572266014939471,0.04614436480587884,0.04614436480587884,0,0.9252688067942031,0,0,1,0.1,1.5
1959,83,0.004172172715696933,4.6060482335872954e-4,0.04605587628763934,0.0026315788837961295,0.5055402436413423,0.467946259587112,0.5055402436413423,1,0.1,1.5
1959,82,0.004815657340267675,6.606434672925927e-4,0.04661914408409573,0.002639875130303411,0.5137208156022056,0.9439545733278404,1.019261059243548,1,0.1,1.5
1959,81,0.0054937872513675535,6.646744009603411e-4,0.047179544043641296,0.0026357237579184485,0.5197579058219535,1.4260592826081018,1.5390189650655015,1,0.1,1.5
1959,80,0.0061734616341954885,6.636553231128858e-4,0.04773544602372943,0.002629740276619332,0.5256743727953057,1.9141659371659885,2.064693337860807,1,0.1,1.5
1959,79,0.006844604556394974,6.621463019848723e-4,0.04828815588278877,0.002622218999063013,0.5315263629671857,2.4082320287179884,2.5962197008279926,1,0.1,1.5
1959,78,0.00751361466098227,6.602836175511226e-4,0.04883937035384249,0.0026132818298754672,0.5373382137242405,2.9082376448725795,3.133557914552233,1,0.1,1.5
1959,77,0.008166211697511217,6.580808991183888e-4,0.04939096391503771,0.0026029743646051495,0.543119937339023,3.4141722341458145,3.676677851891256,1,0.1,1.5
1959,76,0.008787170376952902,6.55549413692268e-4,0.04994494880219427,0.002591342303530943,0.5488822715082284,3.926035329889315,4.225560123399484,1,0.1,1.5
1959,75,0.009360877582253783,6.526431378612155e-4,0.05049891998816322,0.0025782051888787907,0.5545877190133486,4.4437915462043955,4.780147842412832,1,0.1,1.5
1959,74,0.00990134123530219,6.493312869143729e-4,0.05104942792174894,0.0025634433216234548,0.5602091051238364,4.967380032447897,5.340356947536669,1,0.1,1.5
1959,73,0.010430239219584653,6.456407503783175e-4,0.051596997567817555,0.002547164902918418,0.5657679460367068,5.496759908442912,5.9061248935733754,1,0.1,1.5
1959,72,0.01094333046363602,6.415732564769023e-4,0.05214195227165913,0.0025293786426843832,0.5712647895335612,6.0318907173666965,6.477389683106937,1,0.1,1.5
1959,71,0.011436329974013604,6.371308610213247e-4,0.05268464053550962,0.0025100945500904754,0.5767004275207062,6.5727326513146815,7.054090110627643,1,0.1,1.5
1959,70,0.01190494062748788,6.323158868643973e-4,0.053225431429856133,0.002489323688955733,0.582075867237279,7.1192467515668785,7.636165977864922,1,0.1,1.5
1959,69,0.012344886190564777,6.271308590427851e-4,0.05376470927217944,0.002467077917019561,0.587392295682402,7.671395077006144,8.223558273547324,1,0.1,1.5
1959,68,0.012751945479591274,6.215784395293574e-4,0.05430286781488399,0.002443369624657087,0.5926510398827717,8.22914083653667,8.816209313430095,1,0.1,1.5
1959,67,0.013121987590356252,6.156613625384235e-4,0.05484030395184884,0.002418211476856834,0.5978535231115888,8.792448481407448,9.414062836541683,1,0.1,1.5
1959,66,0.01345100817199879,6.09382377927515e-4,0.055377411564796836,0.002391616188121738,0.6030012237531722,9.361283759616024,10.017064060294855,1,0.1,1.5
1959,65,0.013735163050711197,6.027441553931081e-4,0.055914571267740104,0.0023635961447977766,0.6080955888098697,9.935613689214495,10.625159649104724,1,0.1,1.5
1959,64,0.01397082421089456,5.957457385231094e-4,0.05645180147650259,0.0023341495177565327,0.6131343480683277,10.515403044172015,11.238293997173052,1,0.1,1.5
1959,63,0.014156619385626764,5.883843590184958e-4,0.05698875651388032,0.0023032674362381753,0.6181129755037609,11.100612199158087,11.856406972676814,1,0.1,1.5
1959,62,0.014293555797178744,5.806608498873427e-4,0.05752523983508328,0.002270955192482578,0.6230302610832907,11.691200243205913,12.479437233760104,1,0.1,1.5
1959,61,0.014381997663121843,5.725752476485354e-4,0.05806099016025238,0.0022372149929001323,0.627883866705378,12.287123895727003,13.107321100465482,1,0.1,1.5
1959,60,0.014422593205688047,5.641277038306709e-4,0.058595701184991175,0.0022020495359583014,0.6326712015390338,12.888337246752346,13.739992302004516,1,0.1,1.5
1959,59,0.014416253186073598,5.553185261171551e-4,0.05912902331594853,0.0021654621749435405,0.6373894278058041,13.494791500630384,14.37738172981032,1,0.1,1.5
1959,58,0.014364130186678955,5.461482374640107e-4,0.05966056739168813,0.0021274571502620304,0.642035488086384,14.106434743713026,15.019417217896704,1,0.1,1.5
1959,57,0.014267588057521598,5.366176473125276e-4,0.060189910862196376,0.0020880398677819902,0.6466061514350843,14.723211754179795,15.66602336933179,1,0.1,1.5
1959,56,0.014128158199904888,5.267223211077505e-4,0.060715940776832754,0.0020471954166093806,0.6510910519213803,15.34505715729247,16.31711442125317,1,0.1,1.5
1959,55,0.013951118016842803,5.165044565594139e-4,0.06124283192525297,0.0020050899890643736,0.6555382518636053,15.971951266455156,16.972652673116773,1,0.1,1.5
1959,54,0.013713438286392123,5.087176889121942e-4,0.062118263426639155,0.001972394795882422,0.6635891718590475,16.607363369801597,17.63624184497582,1,0.1,1.5
1959,53,0.011543807283382081,4.958159654012679e-4,0.06253138928932082,0.0019198546902835223,0.6653944196449545,17.24533129387107,18.301636264620775,1,0.1,1.5
1959,52,0.23087614566764164,0.006618121218552221,1.1848679566488285,0.025203787776182145,12.428832320207219,29.314109502989975,30.730468584827996,20,0.1,1.5
1959,51,0.23087614566764164,0.001651131421754588,1.0627604598247098,0.005626513413302593,10.878412105956919,40.11214284589971,41.608880690784915,20,0.1,1.5
1959,50,0.23087614566764164,5.409732407191946e-10,1.1856375594839852,0,12.010293030694678,52.12243587659439,53.61917372147959,20,0.1,1.5
1959,49,0.23087614566764164,7.758434509465554e-44,1.3070062809020868,0,13.223980239465963,65.34641611606034,66.84315396094556,20,0.1,1.5
1959,48,0.23087614566764164,4.033626724420665e-66,1.3935888282915532,0,14.089805713360626,79.43622182942096,80.93295967430618,20,0.1,1.5
1959,47,0.23087614566764164,3.5675475847650892e-68,1.3974873965466075,0,14.128791395911168,93.56501322533212,95.06175107021734,20,0.1,1.5
1959,46,0.23087614566764164,3.567547584765133e-108,1.3946950753871092,0,14.100868184316186,107.6658814096483,109.16261925453352,20,0.1,1.5
1959,45,0.23087614566764164,3.5675475847651786e-148,1.3919083335677016,0,14.07300076612211,121.73888217577041,123.23562002065563,20,0.1,1.5
1959,44,0.23087614566764164,3.567547584765224e-188,1.3891271599402992,0,14.045189029848085,135.7840712056185,137.2808090505037,20,0.1,1.5
1959,43,0.23087614566764164,3.567547584765268e-228,1.3863515433790898,0,14.017432864235992,149.80150406985447,151.2982419147397,20,0.1,1.5
1959,42,0.23087614566764164,3.5675475847653147e-268,1.3835814727804947,0,13.98973215825004,163.7912362281045,165.28797407298973,20,0.1,1.5
1959,41,0.23087614566764164,3.567547584765358e-308,1.3808169370631196,0,13.962086801076289,177.7533230291808,179.250060874066,20,0.1,1.5
1959,40,0.23087614566764164,0,1.3780579251677123,0,13.934496682122218,191.687819711303,193.18455755618822,20,0.1,1.5
1959,39,0.23087614566764164,0,1.3753044260571163,0,13.906961691016257,205.59478140231926,207.09151924720447,20,0.1,1.5
1959,38,0.23087614566764164,0,1.3725564287162306,0,13.8794817176074,219.47426311992666,220.97100096481188,20,0.1,1.5
1959,37,0.23087614566764164,0,1.3698139221519643,0,13.852056651964737,233.3263197718914,234.82305761677662,20,0.1,1.5
1959,36,0.23087614566764164,0,1.3670768953931878,0,13.824686384376971,247.15100615626838,248.6477440011536,20,0.1,1.5
1959,35,0.23087614566764164,0,1.3643453374906969,0,13.797370805352063,260.94837696162045,262.44511480650567,20,0.1,1.5
1959,34,0.23087614566764164,0,1.3616192375171645,0,13.77010980561674,274.7184867672372,276.2152246121224,20,0.1,1.5
1959,33,0.23087614566764164,0,1.3588985845670958,0,13.742903276116051,288.4613900433533,289.9581278882385,20,0.1,1.5
1959,32,0.23087614566764164,0,1.3561833677567863,0,13.715751108012956,302.17714115136624,303.67387899625146,20,0.1,1.5
1959,31,0.23087614566764164,0,1.353473576224279,0,13.688653192687886,315.86579434405417,317.3625321889393,20,0.1,1.5
1959,30,0.23087614566764164,0,1.3507691991293205,0,13.661609421738298,329.5274037657925,331.02414161067765,20,0.1,1.5
1959,29,0.23087614566764164,0,1.3480702256533184,0,13.634619686978278,343.16202345277077,344.65876129765593,20,0.1,1.5
1959,28,0.23087614566764164,0,1.3453766449992934,0,13.607683880438028,356.7697073332088,358.26644517809393,20,0.1,1.5
1959,27,0.23087614566764164,0,1.342688446391843,0,13.580801894363523,370.3505092275724,371.84724707245744,20,0.1,1.5
1959,26,0.23087614566764164,0,1.3400056190770937,0,13.55397362121603,383.90448284878846,385.40122069367345,20,0.1,1.5
1959,25,0.23087614566764164,0,1.3373281523226583,0,13.527198953671677,397.43168180246016,398.92841964734515,20,0.1,1.5
1959,24,0.23087614566764164,0,1.3346560354175954,0,13.500477784621047,410.93215958708123,412.4288974319662,20,0.1,1.5
1959,23,0.23087614566764164,0,1.3319892576723662,0,13.473810007168757,424.40596959425,425.902707439135,20,0.1,1.5
1959,22,0.23087614566764164,0,1.329327808418789,0,13.447195514632984,437.853165108883,439.349902953768,20,0.1,1.5
1959,21,0.23087614566764164,0,1.3266716770099973,0,13.420634200545067,451.27379930942806,452.77053715431305,20,0.1,1.5
1959,20,0.23087614566764164,0,1.324020852820401,0,13.394125958649104,464.66792526807717,466.16466311296216,20,0.1,1.5
1959,19,0.23087614566764164,0,1.3213753252456386,0,13.36767068290148,478.0355959509787,479.5323337958636,20,0.1,1.5
1959,18,0.23087614566764164,0,1.318735083702538,0,13.341268267470474,491.3768642184492,492.8736020633341,20,0.1,1.5
1959,17,0.23087614566764164,0,1.3161001176290728,0,13.314918606735821,504.69178282518504,506.1885206700699,20,0.1,1.5
1959,16,0.23087614566764164,0,1.313470416484321,0,13.288621595288303,517.9804044204733,519.4771422653582,20,0.1,1.5
1959,15,0.23087614566764164,0,1.310845969748424,0,13.262377127929334,531.2427815484026,532.7395193932875,20,0.1,1.5
1959,14,0.23087614566764164,0,1.3082267669225407,0,13.2361850996705,544.4789666480731,545.975704492958,20,0.1,1.5
1959,13,0.23087614566764164,0,1.305612797528808,0,13.210045405733174,557.6890120538062,559.1857498986911,20,0.1,1.5
1959,12,0.23087614566764164,0,1.3030040511102998,0,13.183957941548092,570.8729699953543,572.3697078402392,20,0.1,1.5
1959,11,0.23087614566764164,0,1.3004005172309836,0,13.15792260275493,584.0308925981092,585.5276304429942,20,0.1,1.5
1959,10,0.23087614566764164,0,1.2978021854756778,0,13.131939285201872,597.162831883311,598.6595697281961,20,0.1,1.5
1959,9,0.23087614566764164,0,1.2952090454500125,0,13.10600788494522,610.2688397682562,611.7655776131413,20,0.1,1.5
1959,8,0.23087614566764164,0,1.292621086780388,0,13.080128298248974,623.3489680665051,624.8457059113903,20,0.1,1.5
1959,7,0.23087614566764164,0,1.2900382991139305,0,13.054300421584399,636.4032684880895,637.9000063329746,20,0.1,1.5
1959,6,0.23087614566764164,0,1.2874606721184525,0,13.028524151629618,649.431792639719,650.9285304846043,20,0.1,1.5
1959,5,0.23087614566764164,0,1.2848881954824112,0,13.002799385269206,662.4345920249882,663.9313298698735,20,0.1,1.5
1959,4,0.23087614566764164,0,1.2823208589148674,0,12.977126019593767,675.4117180445819,676.9084558894673,20,0.1,1.5
1959,3,0.23087614566764164,0,1.279758652145445,0,12.951503951899543,688.3632219964815,689.8599598413668,20,0.1,1.5
1959,2,0.011543807283382081,0,5.437871122867375e-4,0,0.013133742645122095,688.3763557391267,689.8730935840119,1,0.1,1.5
1959,1,150,0,1.2920393877414957,0,112.92039387741495,801.2967496165417,802.7934874614269,99999,0.1,1.5
1960,85,0.003022913070043806,0.04622278638616052,0.04622278638616052,0,0.9264710031032396,0,0,1,0.1,1.5
1960,84,0.003572266014939471,4.614436480587887e-4,0.046139750369398255,0.0026385107671944414,0.5060864618111173,0.46839345085119666,0.5060864618111173,1,0.1,1.5
1960,83,0.004172172715696933,6.625007691826196e-4,0.04670916542095961,0.0026469765121345085,0.5143120605519036,0.9448915612297502,1.020398522363021,1,0.1,1.5
1960,82,0.004815657340267675,6.665752172487787e-4,0.04727445095226318,0.0026428731737547315,0.5203760309756037,1.427512261151715,1.5407745533386246,1,0.1,1.5
1960,81,0.0054937872513675535,6.655776834892155e-4,0.04783375702871655,0.0026369648563516475,0.5263267984756118,1.9161681331080176,2.0671013518142365,1,0.1,1.5
1960,80,0.0061734616341954885,6.640716223859618e-4,0.04838810754828189,0.002629448346382981,0.5322009806016132,2.41080556590416,2.5993023324158497,1,0.1,1.5
1960,79,0.006844604556394974,6.62176212785602e-4,0.04893888181696625,0.002620374844071037,0.5380075763456538,2.9113792159059417,3.1373099087615035,1,0.1,1.5
1960,78,0.00751361466098227,6.59923293644378e-4,0.04948780687427597,0.0026098621891333306,0.5437701236789059,3.4178655940258,3.681080032440409,1,0.1,1.5
1960,77,0.008166211697511217,6.573244001424713e-4,0.0500367684097975,0.002597957307527817,0.5494987450528996,3.930250663256874,4.230578777493308,1,0.1,1.5
1960,76,0.008787170376952902,6.543910700196584e-4,0.05058778988319679,0.0025847072318328913,0.5552043121429838,4.448530586373673,4.7857830896362925,1,0.1,1.5
1960,75,0.009360877582253783,6.510777285983098e-4,0.051138421393384106,0.0025699335024782144,0.5608489120243487,4.972666162648333,5.346632001660641,1,0.1,1.5
1960,74,0.00990134123530219,6.473541432750075e-4,0.05168518380936263,0.002553518782341461,0.5664051134309795,5.502592436331578,5.913037115091621,1,0.1,1.5
1960,73,0.010430239219584653,6.432476332333877e-4,0.052228629093790384,0.0025355729635413303,0.5718947309910275,6.038264696414872,6.484931846082648,1,0.1,1.5
1960,72,0.01094333046363602,6.387603932358648e-4,0.05276908273710306,0.002516106667459711,0.5773183659095233,6.579638681360686,7.062250211992171,1,0.1,1.5
1960,71,0.011436329974013604,6.338949461328321e-4,0.05330689570897869,0.0024951318118574236,0.5826768667031826,7.1266708078944765,7.644927078695353,1,0.1,1.5
1960,70,0.01190494062748788,6.286540811075772e-4,0.053842439808952085,0.002472661361521667,0.5879712997216123,7.679318373880065,8.232898378416966,1,0.1,1.5
1960,69,0.012344886190564777,6.23040787845318e-4,0.05437610228050711,0.002448709063771608,0.5932029128644476,8.237539728690633,8.826101291281413,1,0.1,1.5
1960,68,0.012751945479591274,6.170581905595653e-4,0.05490827993426677,0.0024232891844211046,0.5983730951549591,8.80129440692529,9.424474386436373,1,0.1,1.5
1960,67,0.013121987590356252,6.107094828395927e-4,0.055439372790667865,0.002396416248091868,0.6034833322918627,9.370543221387269,10.027957718728235,1,0.1,1.5
1960,66,0.01345100817199879,6.039978708097096e-4,0.05596977787067079,0.0023681048123069337,0.6085351649433794,9.945248317583406,10.636492883671615,1,0.1,1.5
1960,65,0.013735163050711197,5.969264777533752e-4,0.056499878846812776,0.00233836909184101,0.6135301013533881,10.525373146196207,11.250022985025003,1,0.1,1.5
1960,64,0.01397082421089456,5.894948368243642e-4,0.05702969367579407,0.002307209237563371,0.6184658998986384,11.110878914129653,11.868488884923641,1,0.1,1.5
1960,63,0.014156619385626764,5.817007026497288e-4,0.05755887449728848,0.0022746184939270156,0.6233380481697096,11.70172241238612,12.491826933093352,1,0.1,1.5
1960,62,0.014293555797178744,5.735454066195179e-4,0.058087226109220416,0.002240604154223455,0.6281453831311392,12.297859164742638,13.11997231622449,1,0.1,1.5
1960,61,0.014381997663121843,5.650295007015184e-4,0.058614487809461394,0.002205170492407171,0.632885607149527,12.899242336286347,13.752857923374018,1,0.1,1.5
1960,60,0.014422593205688047,5.56153661027882e-4,0.05914035399886225,0.0021683223062597587,0.6375561716825947,13.505822475022374,14.390414095056613,1,0.1,1.5
1960,59,0.014416253186073598,5.469187289970567e-4,0.05966447595735282,0.0021300650797467877,0.6421542834601209,14.117547257343254,15.032568378516734,1,0.1,1.5
1960,58,0.014364130186678955,5.373257699401477e-4,0.06018646562251447,0.002090405213228124,0.6466769323332101,14.73436125805892,15.679245310849945,1,0.1,1.5
1960,57,0.014267588057521598,5.273761434186229e-4,0.06070590183805566,0.0020493502978118417,0.6511209380123073,15.356205763245343,16.33036624886225,1,0.1,1.5
1960,56,0.014128158199904888,5.170660773634227e-4,0.06122166803690742,0.0020068880691413247,0.6554759428351401,15.98301187652132,16.98584219169739,1,0.1,1.5
1960,55,0.013951118016842803,5.064375418316876e-4,0.06173798013932654,0.001963183652509573,0.6597904029062809,16.614756798677465,17.645632594603672,1,0.1,1.5
1960,54,0.013713438286392123,4.981858758597275e-4,0.0626051502992671,0.0019286664230108322,0.6677280314137797,17.25493245261966,18.313360626017452,1,0.1,1.5
1960,53,0.011543807283382081,4.8492183222489325e-4,0.06300509982296276,0.001874732203748493,0.6693779766991097,17.89752854069379,18.982738602716562,1,0.1,1.5
1960,52,0.23087614566764164,0.006367128156231058,1.1910504167972091,0.024182953539657458,12.473563644831744,30.025621420673286,31.456302247548308,20,0.1,1.5
1960,51,0.23087614566764164,0.0014231396675431942,1.064060812132053,0.004787315226122767,10.877147165957096,40.83437836911434,42.333449413505406,20,0.1,1.5
1960,50,0.23087614566764164,5.409732407191949e-12,1.1855189957280368,0,12.009107387779558,52.8434857568939,54.342556801284964,20,0.1,1.5
1960,49,0.23087614566764164,7.758434509465558e-46,1.3068755802739966,0,13.222673233185061,66.06615899007896,67.56523003447002,20,0.1,1.5
1960,48,0.23087614566764164,4.033626724420667e-68,1.393449469408724,0,14.088412124532335,80.15457111461129,81.65364215900236,20,0.1,1.5
1960,47,0.23087614566764164,3.567547584765091e-70,1.3973476478069529,0,14.127393908514623,94.2819650231259,95.78103606751698,20,0.1,1.5
1960,46,0.23087614566764164,3.567547584765135e-110,1.3945556058795705,0,14.099473489240799,108.3814385123667,109.88050955675777,20,0.1,1.5
1960,45,0.23087614566764164,3.5675475847651804e-150,1.3917691427343448,0,14.071608857788542,122.45304737015523,123.95211841454632,20,0.1,1.5
1960,44,0.23087614566764164,3.567547584765226e-190,1.3889882472243051,0,14.043799902688145,136.49684727284338,137.99591831723447,20,0.1,1.5
1960,43,0.23087614566764164,3.56754758476527e-230,1.3862129082247518,0,14.016046512692613,150.512893785536,152.01196482992708,20,0.1,1.5
1960,42,0.23087614566764164,3.567547584765317e-270,1.3834431146332167,0,13.98834857677726,164.50124236231326,166.00031340670435,20,0.1,1.5
1960,41,0.23087614566764164,3.56754758476535e-310,1.3806788553694134,0,13.960705984139228,178.4619483464525,179.96101939084357,20,0.1,1.5
1960,40,0.23087614566764164,0,1.3779201193751955,0,13.93311862419705,192.39506697064954,193.89413801504062,20,0.1,1.5
1960,39,0.23087614566764164,0,1.3751668956145107,0,13.905586386590201,206.30065335723972,207.79972440163084,20,0.1,1.5
1960,38,0.23087614566764164,0,1.372419173073359,0,13.878109161178685,220.1787625184184,221.67783356280952,20,0.1,1.5
1960,37,0.23087614566764164,0,1.369676940759749,0,13.850686838042584,234.029449356461,235.5285204008521,20,0.1,1.5
1960,36,0.23087614566764164,0,1.3669401877036484,0,13.823319307481578,247.85276866394256,249.35183970833367,20,0.1,1.5
1960,35,0.23087614566764164,0,1.3642089029569477,0,13.79600646001457,261.64877512395714,263.1478461683482,20,0.1,1.5
1960,34,0.23087614566764164,0,1.3614830755934129,0,13.768748186379222,275.4175233103364,276.91659435472747,20,0.1,1.5
1960,33,0.23087614566764164,0,1.358762694708639,0,13.741544377531484,289.1590676878679,290.658138732259,20,0.1,1.5
1960,32,0.23087614566764164,0,1.3560477494200107,0,13.714394924645202,302.8734626125131,304.3725336569042,20,0.1,1.5
1960,31,0.23087614566764164,0,1.3533382288666567,0,13.68729971911166,316.5607623316248,318.05983337601583,20,0.1,1.5
1960,30,0.23087614566764164,0,1.3506341222094076,0,13.66025865253917,330.221020984164,331.720092028555,20,0.1,1.5
1960,29,0.23087614566764164,0,1.347935418630753,0,13.633271616752625,343.85429260091666,345.3533636453076,20,0.1,1.5
1960,28,0.23087614566764164,0,1.3452421073347935,0,13.60633850379303,357.4606311047097,358.9597021491006,20,0.1,1.5
1960,27,0.23087614566764164,0,1.3425541775472039,0,13.579459205917132,371.04009031062685,372.53916135501777,20,0.1,1.5
1960,26,0.23087614566764164,0,1.339871618515186,0,13.552633615596953,384.5927239262238,386.09179497061473,20,0.1,1.5
1960,25,0.23087614566764164,0,1.3371944195074261,0,13.525861625519354,398.1185855517432,399.6176565961341,20,0.1,1.5
1960,24,0.23087614566764164,0,1.3345225698140537,0,13.499143128585631,411.61772868032887,413.1167997247197,20,0.1,1.5
1960,23,0.23087614566764164,0,1.331856058746599,0,13.472478017911085,425.09020669823997,426.5892777426308,20,0.1,1.5
1960,22,0.23087614566764164,0,1.329194875637947,0,13.445866186824563,438.5360728850646,440.0351439294554,20,0.1,1.5
1960,21,0.23087614566764164,0,1.3265390098422964,0,13.419307528868059,451.9553804139327,453.45445145832343,20,0.1,1.5
1960,20,0.23087614566764164,0,1.323888450735119,0,13.392801937796284,465.348182351729,466.8472533961197,20,0.1,1.5
1960,19,0.23087614566764164,0,1.321243187713114,0,13.366349307576234,478.7145316593053,480.2136027036959,20,0.1,1.5
1960,18,0.23087614566764164,0,1.3186032101941678,0,13.339949532386772,492.0544811916921,493.5535522360827,20,0.1,1.5
1960,17,0.23087614566764164,0,1.3159685076173098,0,13.313602506618192,505.36808369831033,506.86715474270085,20,0.1,1.5
1960,16,0.23087614566764164,0,1.3133390694426725,0,13.287308124871819,518.6553918231821,520.1544628675726,20,0.1,1.5
1960,15,0.23087614566764164,0,1.3107148851514492,0,13.261066281959586,531.9164581051416,533.4155291495322,20,0.1,1.5
1960,14,0.23087614566764164,0,1.3080959442458484,0,13.234876872903579,545.1513349780452,546.6504060224357,20,0.1,1.5
1960,13,0.23087614566764164,0,1.3054822362490552,0,13.208739792935646,558.3600747709808,559.8591458153713,20,0.1,1.5
1960,12,0.23087614566764164,0,1.3028737507051888,0,13.182654937496983,571.5427297084777,573.0418007528683,20,0.1,1.5
1960,11,0.23087614566764164,0,1.3002704771792606,0,13.156622202237699,584.6993519107154,586.198422955106,20,0.1,1.5
1960,10,0.23087614566764164,0,1.2976724052571302,0,13.130641483016396,597.8299933937318,599.3290644381224,20,0.1,1.5
1960,9,0.23087614566764164,0,1.2950795245454676,0,13.10471267589977,610.9347060696315,612.4337771140222,20,0.1,1.5
1960,8,0.23087614566764164,0,1.29249182467171,0,13.078835677162195,624.0135417467936,625.5126127911843,20,0.1,1.5
1960,7,0.23087614566764164,0,1.2899092952840192,0,13.053010383285287,637.0665521300789,638.5656231744696,20,0.1,1.5
1960,6,0.23087614566764164,0,1.2873319260512406,0,13.0272366909575,650.0937888210364,651.592859865427,20,0.1,1.5
1960,5,0.23087614566764164,0,1.2847597066628629,0,13.001514497073723,663.09530331811,664.5943743625007,20,0.1,1.5
1960,4,0.23087614566764164,0,1.2821926268289758,0,12.975843698734852,676.0711470168449,677.5702180612356,20,0.1,1.5
1960,3,0.23087614566764164,0,1.2796306762802303,0,12.950224193247397,689.0213712100922,690.520442254483,20,0.1,1.5
1960,2,0.011543807283382081,0,5.437327335755088e-4,0,0.01313319885800981,689.0345044089502,690.533575453341,1,0.1,1.5
1960,1,150,0,1.2919101838027216,0,112.91910183802722,801.9536062469774,803.4526772913682,99999,0.1,1.5
1961,86,0.0025291127635232425,0.046294841076782514,0.046294841076782514,0,0.9275828967113324,0,0,1,0.1,1.5
1961,85,0.003022913070043806,4.6222786386160546e-4,0.04621816410752191,0.0026448991561546,0.5066034687532157,0.46881919509386427,0.5066034687532157,1,0.1,1.5
1961,84,0.003572266014939471,6.642421282791982e-4,0.04679476408615992,0.002653565921398625,0.5148796574124264,0.9457907679148817,1.021483126165642,1,0.1,1.5
1961,83,0.004172172715696933,6.683691357254534e-4,0.04736623863245114,0.0026495538984570837,0.5209782961368555,1.428918294073779,1.5424614223024977,1,0.1,1.5
1961,82,0.004815657340267675,6.673840456111707e-4,0.047930441800606634,0.0026436854837231356,0.5269556321707821,1.9181069907628023,2.0694170544732797,1,0.1,1.5
1961,81,0.0054937872513675535,6.65896990922804e-4,0.04848821486710159,0.0026362379876675064,0.5328641860954533,2.4133106341772916,2.602281240568733,1,0.1,1.5
1961,80,0.0061734616341954885,6.640028028196049e-4,0.04904063082412281,0.002627163167698238,0.5386928797545769,2.91447261153618,3.14097412032331,1,0.1,1.5
1961,79,0.006844604556394974,6.617154731456152e-4,0.049589081639802315,0.0026165083654085966,0.544449731768151,3.4215436523699223,3.685423852091461,1,0.1,1.5
1961,78,0.00751361466098227,6.590647802197765e-4,0.05013532364087188,0.0026043929182670766,0.5501585737696725,3.934496613021494,4.235582425861134,1,0.1,1.5
1961,77,0.008166211697511217,6.56062570883379e-4,0.05068125405983847,0.0025908652500531387,0.5558296681539375,4.453313920460387,4.7914120940150715,1,0.1,1.5
1961,76,0.008787170376952902,6.527207186584194e-4,0.05122890791216669,0.0025759737618632436,0.5614740250623612,4.977988320353273,5.352886119077433,1,0.1,1.5
1961,75,0.009360877582253783,6.489941529055367e-4,0.051775790926864323,0.0025595422075408982,0.56705332453169,5.508476756205807,5.919939443609123,1,0.1,1.5
1961,74,0.00990134123530219,6.448532370181153e-4,0.05231839498656706,0.0025414557839223825,0.572539887591611,6.044710132598527,6.492479331200734,1,0.1,1.5
1961,73,0.010430239219584653,6.403257172176664e-4,0.052857299471766345,0.002521826055695317,0.5779558312128297,6.586639877301423,7.070435162413563,1,0.1,1.5
1961,72,0.01094333046363602,6.354142707972863e-4,0.05339283249569428,0.0025006656135108237,0.5833018157860657,7.134217898608763,7.653736978199629,1,0.1,1.5
1961,71,0.011436329974013604,6.301219024256842e-4,0.05392534797237215,0.002477988336413449,0.588578752107989,7.687396817339417,8.242315730307618,1,0.1,1.5
1961,70,0.01190494062748788,6.244518811914925e-4,0.054455220905351605,0.0024538091378061904,0.593787771204797,8.24613017228984,8.836103501512415,1,0.1,1.5
1961,69,0.012344886190564777,6.184076738213552e-4,0.054982841936221966,0.0024281436972963108,0.5989301873317093,8.810372592517316,9.435033688844124,1,0.1,1.5
1961,68,0.012751945479591274,6.119928780108718e-4,0.05550861140237862,0.0024010081940598416,0.6040074568482868,9.380079932307604,10.03904114569241,1,0.1,1.5
1961,67,0.013121987590356252,6.052111568513629e-4,0.05603293291541177,0.002372419045659649,0.609021133101816,9.95520936475714,10.648062278794226,1,0.1,1.5
1961,66,0.01345100817199879,5.980661817848305e-4,0.05655620709596046,0.002342392681509247,0.6139728241517746,10.535719436315924,11.262035102946001,1,0.1,1.5
1961,65,0.013735163050711197,5.905615377377862e-4,0.05707882113188835,0.0023109451695800722,0.6188641044859746,11.121570038379327,11.880899207431975,1,0.1,1.5
1961,64,0.01397082421089456,5.826972577590864e-4,0.05760079301581734,0.0022780786745133647,0.623692766607504,11.712718823922353,12.50459197403948,1,0.1,1.5
1961,63,0.014156619385626764,5.744716305082512e-4,0.0581217732333205,0.0022437885926278934,0.6284543176471991,12.309119018817725,13.133046291686679,1,0.1,1.5
1961,62,0.014293555797178744,5.65886492622059e-4,0.05864156842516536,0.0022080842377226067,0.6331476469148877,12.910722605193719,13.766193938601566,1,0.1,1.5
1961,61,0.014381997663121843,5.569429181088079e-4,0.05915991898378224,0.0021709719695051834,0.6377705027396372,13.51747922265471,14.403964441341202,1,0.1,1.5
1961,60,0.014422593205688047,5.476421131752185e-4,0.059676520540027304,0.0021324586986402804,0.6423203843640117,14.129335911323862,15.046284825705214,1,0.1,1.5
1961,59,0.014416253186073598,5.379854572266675e-4,0.06019102577969378,0.0020925520484886013,0.6467945485192811,14.746236859150448,15.693079374224496,1,0.1,1.5
1961,58,0.014364130186678955,5.279745610064325e-4,0.06070304827925925,0.002051260582930308,0.6511900378070662,15.368123174344225,16.34426941203156,1,0.1,1.5
1961,57,0.014267588057521598,5.176113358871466e-4,0.06121216882232482,0.0020085940763950394,0.6555037280451583,15.994932701298026,16.99977314007672,1,0.1,1.5
1961,56,0.014128158199904888,5.068926780589654e-4,0.06171726788738906,0.001964542925036586,0.6597252767168442,16.626593079085776,17.659498416793564,1,0.1,1.5
1961,55,0.013951118016842803,4.958602885457102e-4,0.062222602254440006,0.0019192710155172086,0.6639035281389505,17.263078449860195,18.323401944932513,1,0.1,1.5
1961,54,0.013713438286392123,4.871484645113053e-4,0.06308105638998987,0.0018829551243829696,0.6717236996556966,17.907902790596133,18.99512564458821,1,0.1,1.5
1961,53,0.011543807283382081,4.7353226925937216e-4,0.0634674823639176,0.0018276714700080974,0.6732156102827116,18.555008808450157,19.66834125487092,1,0.1,1.5
1961,52,0.23087614566764164,0.006109409666476675,1.1969770501404438,0.02313657501215116,12.515304528687887,30.739790836964456,32.18364578355881,20,0.1,1.5
1961,51,0.23087614566764164,0.0012110602032061237,1.0651512348573704,0.004012530714773525,10.874862248404765,41.55733121801531,43.05850803196358,20,0.1,1.5
1961,50,0.23087614566764164,5.409732407191952e-14,1.185400443828464,0,12.007921868730275,53.56525308674558,55.06642990069385,20,0.1,1.5
1961,49,0.23087614566764164,7.758434509465562e-48,1.3067448927159693,0,13.221366357604786,66.78661944435036,68.28779625829864,20,0.1,1.5
1961,48,0.23087614566764164,4.033626724420669e-70,1.3933101244617832,0,14.087018675062925,80.87363811941329,82.37481493336156,20,0.1,1.5
1961,47,0.23087614566764164,3.567547584765093e-72,1.3972079130421722,0,14.125996560866815,94.9996346802801,96.50081149422837,20,0.1,1.5
1961,46,0.23087614566764164,3.5675475847651367e-112,1.3944161503189825,0,14.098078933634918,109.097713613915,110.5988904278633,20,0.1,1.5
1961,45,0.23087614566764164,3.5675475847651825e-152,1.3916299658200715,0,14.070217088645808,123.16793070256081,124.6691075165091,20,0.1,1.5
1961,44,0.23087614566764164,3.567547584765228e-192,1.3888493483995827,0,14.042410914440921,137.21034161700172,138.71151843095004,20,0.1,1.5
1961,43,0.23087614566764164,3.567547584765272e-232,1.3860742869339293,0,14.014660299784387,151.2250019167861,152.72617873073443,20,0.1,1.5
1961,42,0.23087614566764164,3.567547584765319e-272,1.3833047703217534,0,13.986965133662627,165.21196705044875,166.71314386439707,20,0.1,1.5
1961,41,0.23087614566764164,3.567547584768e-312,1.3805407874838764,0,13.959325305283858,179.17129235573262,180.67246916968094,20,0.1,1.5
1961,40,0.23087614566764164,0,1.3777823273632581,0,13.931740704077676,193.1030330598103,194.6042098737586,20,0.1,1.5
1961,39,0.23087614566764164,0,1.3750293789249493,0,13.904211219694586,207.00724427950487,208.5084210934532,20,0.1,1.5
1961,38,0.23087614566764164,0,1.3722819311560517,0,13.87673674200561,220.8839810215105,222.3851578354588,20,0.1,1.5
1961,37,0.23087614566764164,0,1.3695399730656732,0,13.849317161101826,234.73329818261232,236.23447499656064,20,0.1,1.5
1961,36,0.23087614566764164,0,1.366803493684878,0,13.821952367293875,248.5552505499062,250.0564273638545,20,0.1,1.5
1961,35,0.23087614566764164,0,1.364072482066652,0,13.794642251111615,262.3498928010178,263.85106961496615,20,0.1,1.5
1961,34,0.23087614566764164,0,1.3613469272858536,0,13.76738670330363,276.11727950432146,277.6184563182698,20,0.1,1.5
1961,33,0.23087614566764164,0,1.3586268184391683,0,13.740185614836777,289.85746511915823,291.3586419331066,20,0.1,1.5
1961,32,0.23087614566764164,0,1.3559121446450688,0,13.713038876895782,303.570503996054,305.07168081000236,20,0.1,1.5
1961,31,0.23087614566764164,0,1.35320289504377,0,13.685946380882793,317.2564503769368,318.75762719088516,20,0.1,1.5
1961,30,0.23087614566764164,0,1.3504990587971866,0,13.658908018416959,330.9153583953538,332.41653520930214,20,0.1,1.5
1961,29,0.23087614566764164,0,1.34780062508889,0,13.631923681333994,344.5472820766878,346.04845889063614,20,0.1,1.5
1961,28,0.23087614566764164,0,1.34510758312406,0,13.604993261685694,358.1522753383735,359.65345215232185,20,0.1,1.5
1961,27,0.23087614566764164,0,1.342419922129449,0,13.578116651739585,371.7303919901131,373.23156880406145,20,0.1,1.5
1961,26,0.23087614566764164,0,1.3397376313533345,0,13.551293743978439,385.2816857340916,386.7828625480399,20,0.1,1.5
1961,25,0.23087614566764164,0,1.3370607000654755,0,13.524524431099849,398.80621016519143,400.3073869791397,20,0.1,1.5
1961,24,0.23087614566764164,0,1.3343891175570723,0,13.497808606015818,412.30401877120727,413.80519558515556,20,0.1,1.5
1961,23,0.23087614566764164,0,1.3317228731407245,0,13.471146161852339,425.7751649330596,427.2763417470079,20,0.1,1.5
1961,22,0.23087614566764164,0,1.3290619561503831,0,13.444536991948926,439.21970192500856,440.72087873895686,20,0.1,1.5
1961,21,0.23087614566764164,0,1.3264063559413122,0,13.417980989858215,452.6376829148668,454.1388597288151,20,0.1,1.5
1961,20,0.23087614566764164,0,1.3237560618900455,0,13.39147804934555,466.02916096421234,467.53033777816063,20,0.1,1.5
1961,19,0.23087614566764164,0,1.3211110633943428,0,13.365028064388522,479.39418902860086,480.89536584254915,20,0.1,1.5
1961,18,0.23087614566764164,0,1.3184713498731484,0,13.338630929176578,492.73281995777745,494.23399677172574,20,0.1,1.5
1961,17,0.23087614566764164,0,1.315836910766548,0,13.312286538110573,506.04510649588804,507.5462833098363,20,0.1,1.5
1961,16,0.23087614566764164,0,1.3132077355357283,0,13.285994785802377,519.3311012816904,520.8322780956387,20,0.1,1.5
1961,15,0.23087614566764164,0,1.310583813662934,0,13.259755567074434,532.5908568487648,534.0920336627131,20,0.1,1.5
1961,14,0.23087614566764164,0,1.3079651346514238,0,13.233568776959332,545.8244256257241,547.3256024396725,20,0.1,1.5
1961,13,0.23087614566764164,0,1.3053516880254303,0,13.207434310699398,559.0318599364234,560.5330367503718,20,0.1,1.5
1961,12,0.23087614566764164,0,1.3027434633301183,0,13.181352063746276,572.2132120001696,573.7143888141181,20,0.1,1.5
1961,11,0.23087614566764164,0,1.3001404501315428,0,13.155321931760522,585.3685339319301,586.8697107458787,20,0.1,1.5
1961,10,0.23087614566764164,0,1.2975426380166046,0,13.12934381061114,598.4978777425412,599.9990545564898,20,0.1,1.5
1961,9,0.23087614566764164,0,1.294950016593013,0,13.103417596375223,611.6012953389163,613.1024721528651,20,0.1,1.5
1961,8,0.23087614566764164,0,1.292362575489243,0,13.077543185337523,624.6788385242538,626.1800153382026,20,0.1,1.5
1961,7,0.23087614566764164,0,1.2897803043544909,0,13.051720473990002,637.7305589982437,639.2317358121926,20,0.1,1.5
1961,6,0.23087614566764164,0,1.2872031928586354,0,13.025949359031447,650.7565083572752,652.257685171224,20,0.1,1.5
1961,5,0.23087614566764164,0,1.2846312306921965,0,13.000229737367059,663.7567380946422,665.257914908591,20,0.1,1.5
1961,4,0.23087614566764164,0,1.282064407566293,0,12.974561506108024,676.7312996007502,678.232476414699,20,0.1,1.5
1961,3,0.23087614566764164,0,1.2795027132126022,0,12.948944562571116,689.6802441633213,691.1814209772701,20,0.1,1.5
1961,2,0.011543807283382081,0,5.436783603021513e-4,0,0.013132655125276234,689.6933768184466,691.1945536323955,1,0.1,1.5
1961,1,150,0,1.2917809927843413,0,112.91780992784341,802.6111867462901,804.1123635602389,99999,0.1,1.5
1962,87,0.0020938867977229147,0.046359872195461,0.046359872195461,0,0.9285933684410351,0,0,1,0.1,1.5
1962,86,0.0025291127635232425,4.629484107678254e-4,0.04629021159267484,0.0026506842917034764,0.5070845936630156,0.46921767521010876,0.5070845936630156,1,0.1,1.5
1962,85,0.003022913070043806,6.658470676772661e-4,0.0468747670801498,0.002659576441462465,0.5154153660220494,0.9466390920684086,1.022499959685065,1,0.1,1.5
1962,84,0.003572266014939471,6.700339016324483e-4,0.04745347609010096,0.0026556933787716787,0.5215550874335558,1.430255702662369,1.5440550471186207,1,0.1,1.5
1962,83,0.004172172715696933,6.690721659715254e-4,0.048023890483202165,0.0026499089433511865,0.5275669170167423,1.9199667776312372,2.071621964135363,1,0.1,1.5
1962,82,0.004815657340267675,6.675952113868956e-4,0.048586570127357356,0.0026424958589894754,0.5335020324569943,2.415718869245525,2.6051239965923574,1,0.1,1.5
1962,81,0.0054937872513675535,6.657184668261046e-4,0.04914242554253176,0.0026334846121101826,0.5393651736722548,2.9174628341733486,3.1444891702646123,1,0.1,1.5
1962,80,0.0061734616341954885,6.634308199527556e-4,0.04969251755296496,0.00262282314684598,0.5451440269164405,3.4251379589919897,3.6896331971810525,1,0.1,1.5
1962,79,0.006844604556394974,6.607442460836053e-4,0.05023824982299049,0.00261056061863626,0.5508467335183793,3.938690969386994,4.240479930699432,1,0.1,1.5
1962,78,0.00751361466098227,6.576888773689669e-4,0.05078140833807456,0.0025968179784650884,0.5564974482874484,4.458091017982084,4.79697737898688,1,0.1,1.5
1962,77,0.008166211697511217,6.542769382221185e-4,0.051323902246945774,0.0025816451851725015,0.5621065784858174,4.9833169509654365,5.359083957472698,1,0.1,1.5
1962,76,0.008787170376952902,6.505206476523951e-4,0.051867778461841284,0.002565092036979274,0.5676852766364188,5.514358055645008,5.926769234109116,1,0.1,1.5
1962,75,0.009360877582253783,6.4637549341428e-4,0.05241049889965686,0.0025469847154941765,0.5731948249211783,6.051167384630555,6.499964059030295,1,0.1,1.5
1962,74,0.00990134123530219,6.418124783507768e-4,0.052948527093048994,0.002527211120391156,0.5786073058764538,6.5936716745014214,7.0785713649067485,1,0.1,1.5
1962,73,0.010430239219584653,6.368597710960059e-4,0.053482470255743,0.0025058844628489674,0.5839451425507174,7.141818467582868,7.662516507457466,1,0.1,1.5
1962,72,0.01094333046363602,6.315205460856788e-4,0.05401265961582241,0.0024830193546299256,0.5892090603276467,7.695555822844374,8.251725567785114,1,0.1,1.5
1962,71,0.011436329974013604,6.257983031276191e-4,0.05453945252167827,0.0024586316825142584,0.5944000379809383,8.254832551075108,8.846125605766051,1,0.1,1.5
1962,70,0.01190494062748788,6.196968032634626e-4,0.055063227667712614,0.002432738349675996,0.5995192767901241,8.819598422869861,9.445644882556175,1,0.1,1.5
1962,69,0.012344886190564777,6.132200010622912e-4,0.05558437957635242,0.002405357004013054,0.6045681628156625,9.389804342771052,10.050213045371837,1,0.1,1.5
1962,68,0.012751945479591274,6.063719772950692e-4,0.056103312589753346,0.002376505769079573,0.6095482250723008,9.96540248542793,10.659761270444138,1,0.1,1.5
1962,67,0.013121987590356252,5.991568729834259e-4,0.05662043438353514,0.0023462029816136735,0.6144610897437137,10.54634638972002,11.274222360187851,1,0.1,1.5
1962,66,0.01345100817199879,5.9157883219516e-4,0.05713614964562817,0.0023144669645651164,0.6193084373390675,11.132591013279585,11.89353079752692,1,0.1,1.5
1962,65,0.013735163050711197,5.83641907772396e-4,0.05765084954217018,0.002281315656518195,0.6240919135311122,11.724092703146152,12.517622711058031,1,0.1,1.5
1962,64,0.01397082421089456,5.75346641205932e-4,0.058164552605144096,0.0022467532622126017,0.6288093504452291,12.320805578416914,13.14643206150326,1,0.1,1.5
1962,63,0.014156619385626764,5.666918644620559e-4,0.058676908204154145,0.0022107773588047287,0.6334562806404569,12.92267932536016,13.779888342143717,1,0.1,1.5
1962,62,0.014293555797178744,5.576799243568722e-4,0.0591877253277535,0.0021733992921368836,0.6380316510354641,13.529662415079382,14.417919993179181,1,0.1,1.5
1962,61,0.014381997663121843,5.48312421557384e-4,0.05969674598426016,0.0021346275177888336,0.6425332613258115,14.141700997579639,15.060453254504992,1,0.1,1.5
1962,60,0.014422593205688047,5.385910957918223e-4,0.06020366756263337,0.002094471064636349,0.6469586639304681,14.758738646301016,15.70741191843546,1,0.1,1.5
1962,59,0.014416253186073598,5.28517866694417e-4,0.06070814468923796,0.00205293969575226,0.6513051709560241,15.38071610731772,16.358717089391483,1,0.1,1.5
1962,58,0.014364130186678955,5.180948913426413e-4,0.061209793120163905,0.0020100441335756444,0.6555698831001225,16.007571074223907,17.014286972491604,1,0.1,1.5
1962,57,0.014267588057521598,5.073246324576314e-4,0.06170819612454134,0.001965796325299045,0.6597497375888,16.639238007165577,17.674036710080404,1,0.1,1.5
1962,56,0.014128158199904888,4.962046580397362e-4,0.062202231891859465,0.0019201893324938511,0.6638344138107456,17.275641144797838,18.33787112389115,1,0.1,1.5
1962,55,0.013951118016842803,4.8477635676475925e-4,0.06269619774809386,0.0018733856254152944,0.6678731381847951,17.916751631190984,19.005744262075947,1,0.1,1.5
1962,54,0.013713438286392123,4.7561026574085544e-4,0.06354548706544662,0.0018352988304653815,0.6755718202237369,18.566104896693783,19.681316082299684,1,0.1,1.5
1962,53,0.011543807283382081,4.616531901946181e-4,0.06391805348318323,0.0017787144151255394,0.676903144186398,19.217597834949817,20.35821922648608,1,0.1,1.5
1962,52,0.23087614566764164,0.005845237849702557,1.2026414961884675,0.022065987313533396,12.554013161020128,31.45638260577661,32.91223238750621,20,0.1,1.5
1962,51,0.23087614566764164,0.0010152432807254425,1.066047852412578,0.0033034527784404494,10.87174056992728,42.28093099315474,43.78397295743349,20,0.1,1.5
1962,50,0.23087614566764164,5.409732407191955e-16,1.1852819037840812,0,12.00673646828591,54.28766746144065,55.7907094257194,20,0.1,1.5
1962,49,0.23087614566764164,7.758434509465566e-50,1.3066142182266978,0,13.220059612712072,67.50772707415271,69.01076903843148,20,0.1,1.5
1962,48,0.23087614566764164,4.033626724420671e-72,1.393170793449337,0,14.085625364938464,81.59335243909118,83.09639440336994,20,0.1,1.5
1962,47,0.23087614566764164,3.567547584765095e-74,1.3970681922508679,0,14.124599352953773,95.71795179204494,97.22099375632371,20,0.1,1.5
1962,46,0.23087614566764164,3.5675475847651384e-114,1.3942767087039505,0,14.096684517484599,109.81463630952953,111.31767827380831,20,0.1,1.5
1962,45,0.23087614566764164,3.567547584765185e-154,1.3914908028234896,0,14.06882545867999,123.88346176820951,125.38650373248831,20,0.1,1.5
1962,44,0.23087614566764164,3.5675475847652295e-194,1.3887104634647427,0,14.041022065092521,137.92448383330202,139.42752579758084,20,0.1,1.5
1962,43,0.23087614566764164,3.567547584765274e-234,1.385935679505236,0,14.013274225497454,151.93775805879946,153.44080002307828,20,0.1,1.5
1962,42,0.23087614566764164,3.567547584765321e-274,1.3831664398447212,0,13.985581828892306,165.92333988769175,167.42638185197058,20,0.1,1.5
1962,41,0.23087614566764164,3.5675475846e-314,1.380402733405128,0,13.957944764496375,179.88128465218813,181.38432661646695,20,0.1,1.5
1962,40,0.23087614566764164,0,1.3776445491305218,0,13.930362921750312,193.81164757393844,195.31468953821727,20,0.1,1.5
1962,39,0.23087614566764164,0,1.3748918759870568,0,13.90283619031566,207.7144837642541,209.21752572853293,20,0.1,1.5
1962,38,0.23087614566764164,0,1.3721447029629361,0,13.875364460074454,221.58984822432856,223.09289018860738,20,0.1,1.5
1962,37,0.23087614566764164,0,1.3694030190683666,0,13.84794762112876,235.43779584545732,236.94083780973614,20,0.1,1.5
1962,36,0.23087614566764164,0,1.3666668133355095,0,13.82058556380019,249.2583814092575,250.76142337353633,20,0.1,1.5
1962,35,0.23087614566764164,0,1.3639360748184455,0,13.79327817862955,263.05165958788706,264.55470155216585,20,0.1,1.5
1962,34,0.23087614566764164,0,1.361210792593125,0,13.766025356376343,276.8176849442634,278.3207269085422,20,0.1,1.5
1962,33,0.23087614566764164,0,1.3584909557573244,0,13.738826988018337,290.5565119322818,292.05955389656054,20,0.1,1.5
1962,32,0.23087614566764164,0,1.3557765534306043,0,13.711682964751137,304.26819489703297,305.7712368613117,20,0.1,1.5
1962,31,0.23087614566764164,0,1.3530675747542655,0,13.684593177987749,317.95278807502075,319.45583003929943,20,0.1,1.5
1962,30,0.23087614566764164,0,1.350364008891307,0,13.657557519358162,331.61034559437894,333.11338755865756,20,0.1,1.5
1962,29,0.23087614566764164,0,1.3476658450263812,0,13.630575880708905,345.2409214750879,346.7439634393665,20,0.1,1.5
1962,28,0.23087614566764164,0,1.3449730723657476,0,13.60364815410257,358.84456962919046,360.3476115934691,20,0.1,1.5
1962,27,0.23087614566764164,0,1.342285680137236,0,13.576774231817454,372.4213438610079,373.92438582528655,20,0.1,1.5
1962,26,0.23087614566764164,0,1.339603657590199,0,13.549954006347084,385.971297867355,387.47433983163364,20,0.1,1.5
1962,25,0.23087614566764164,0,1.3369269939954689,0,13.523187370399782,399.4944852377548,400.99752720203344,20,0.1,1.5
1962,24,0.23087614566764164,0,1.3342556786453166,0,13.49647421689826,412.9909594546531,414.4940014189317,20,0.1,1.5
1962,23,0.23087614566764164,0,1.3315897008534103,0,13.469814438979197,426.4607738936323,427.9638158579109,20,0.1,1.5
1962,22,0.23087614566764164,0,1.3289290499547681,0,13.443207929992775,439.9039818236251,441.40702378790365,20,0.1,1.5
1962,21,0.23087614566764164,0,1.326273715305718,0,13.416654583502273,453.3206364071274,454.82367837140595,20,0.1,1.5
1962,20,0.23087614566764164,0,1.3236236862838564,0,13.390154293283658,466.71079070041105,468.2138326646896,20,0.1,1.5
1962,19,0.23087614566764164,0,1.3209789522880033,0,13.363706953325128,480.0744976537362,481.5775396180147,20,0.1,1.5
1962,18,0.23087614566764164,0,1.318339502738161,0,13.337312457826703,493.41181011156294,494.91485207584145,20,0.1,1.5
1962,17,0.23087614566764164,0,1.3157053270754713,0,13.310970701199807,506.7227808127628,508.22582277704123,20,0.1,1.5
1962,16,0.23087614566764164,0,1.3130764147621747,0,13.284681578066841,520.0074623908296,521.5105043551081,20,0.1,1.5
1962,15,0.23087614566764164,0,1.3104527552815677,0,13.258444983260771,533.2659073740903,534.7689493383689,20,0.1,1.5
1962,14,0.23087614566764164,0,1.3078343381379587,0,13.23226081182468,546.4981681859149,548.0012101501935,20,0.1,1.5
1962,13,0.23087614566764164,0,1.3052211528566278,0,13.206128959011371,559.7042971449263,561.2073391092049,20,0.1,1.5
1962,12,0.23087614566764164,0,1.3026131889837853,0,13.180049320282947,572.8843464652092,574.3873884294878,20,0.1,1.5
1962,11,0.23087614566764164,0,1.3000104360865297,0,13.15402179131039,586.0383682565196,587.5414102207982,20,0.1,1.5
1962,10,0.23087614566764164,0,1.297412883752803,0,13.128046267973124,599.1664145244927,600.6694564887713,20,0.1,1.5
1962,9,0.23087614566764164,0,1.2948205215913537,0,13.102122646358632,612.2685371708512,613.77157913513,20,0.1,1.5
1962,8,0.23087614566764164,0,1.292233339231694,0,13.076250822762034,625.3447879936132,626.847829957892,20,0.1,1.5
1962,7,0.23087614566764164,0,1.2896513263240554,0,13.050430693685648,638.3952186872988,639.8982606515776,20,0.1,1.5
1962,6,0.23087614566764164,0,1.2870744725393495,0,13.02466215583859,651.4198808431373,652.9229228074162,20,0.1,1.5
1962,5,0.23087614566764164,0,1.2845027675691274,0,12.998945106136368,664.4188259492737,665.9218679135525,20,0.1,1.5
1962,4,0.23087614566764164,0,1.2819362011255364,0,12.973279441700457,677.3921053909742,678.895147355253,20,0.1,1.5
1962,3,0.23087614566764164,0,1.279374762941281,0,12.947665059857904,690.339770450832,691.8428124151109,20,0.1,1.5
1962,2,0.011543807283382081,0,5.436239924661211e-4,0,0.013132111446915933,690.3529025622789,691.8559445265578,1,0.1,1.5
1962,1,150,0,1.2916518146850628,0,112.91651814685062,803.2694207091296,804.7724626734084,99999,0.1,1.5
1963,88,0.0017028060738419133,0.04641747242625526,0.04641747242625526,0,0.9294846525743331,0,0,1,0.1,1.5
1963,87,0.0020938867977229147,4.635987219546102e-4,0.04635523620824145,0.00265595615608877,0.507526504635044,0.4695842738337759,0.507526504635044,1,0.1,1.5
1963,86,0.0025291127635232425,6.673005570335473e-4,0.04694825364444144,0.002665091156685678,0.5159143480002275,0.9474258910242079,1.0234408526352716,1,0.1,1.5
1963,85,0.003022913070043806,6.715525810423889e-4,0.0475349737138074,0.0026613677602152597,0.5221000777601736,1.4315064293527349,1.5455409303954453,1,0.1,1.5
1963,84,0.003572266014939471,6.706236837092441e-4,0.04811265408718487,0.0026557052078103375,0.5281529342114294,1.9217207177383022,2.0736938646068745,1,0.1,1.5
1963,83,0.004172172715696933,6.691679574975119e-4,0.04868156532999164,0.0026483706027258538,0.5341226471052493,2.4180094990903247,2.607816511712124,1,0.1,1.5
1963,82,0.004815657340267675,6.672999168612378e-4,0.049242335435091995,0.0026393882735873254,0.5400123385119106,2.920316290836702,3.1478288502240344,1,0.1,1.5
1963,81,0.0054937872513675535,6.650283376958067e-4,0.04979588245300506,0.002628784805095938,0.5458257013854814,3.4285879235779557,3.693654551609516,1,0.1,1.5
1963,80,0.0061734616341954885,6.623400949110226e-4,0.050343254087921153,0.002616510125088902,0.5515502989904839,3.942759506495741,4.2452048505999995,1,0.1,1.5
1963,79,0.006844604556394974,6.59247597119901e-4,0.050885866152667256,0.0026026153826939997,0.5571944269549063,4.462773713697875,4.802399277554906,1,0.1,1.5
1963,78,0.00751361466098227,6.557813833899617e-4,0.051425534691857025,0.002587223131584854,0.5627825676443369,4.988595950891,5.365181845199243,1,0.1,1.5
1963,77,0.008166211697511217,6.519540656753466e-4,0.05196418115301421,0.0025703848980220107,0.5683252775760269,5.52020144420957,5.93350712277527,1,0.1,1.5
1963,76,0.008787170376952902,6.477782157213425e-4,0.05250386469323992,0.0025521519038511796,0.5738338555864076,6.057575986883817,6.507340978361677,1,0.1,1.5
1963,75,0.009360877582253783,6.432099338076869e-4,0.05304200402864044,0.0025323529625309905,0.579269195572617,6.600668711563134,7.086610173934294,1,0.1,1.5
1963,74,0.00990134123530219,6.382209048812967e-4,0.05357503502043748,0.0025108788362470267,0.5846031510707277,7.14940216497319,7.671213325005022,1,0.1,1.5
1963,73,0.010430239219584653,6.328397134232019e-4,0.054103593124429666,0.002487844355161101,0.5898584548367437,7.703719986164775,8.261071779841766,1,0.1,1.5
1963,72,0.01094333046363602,6.270700441183382e-4,0.054628013188518315,0.0024632661989080415,0.5950359030960481,8.263566372133566,8.856107682937814,1,0.1,1.5
1963,71,0.011436329974013604,6.209159036598408e-4,0.055148656497054666,0.002437162303195132,0.6001365483211798,8.828886316123386,9.456244231258994,1,0.1,1.5
1963,70,0.01190494062748788,6.143815554516336e-4,0.05566590593236484,0.0024095515966861677,0.6051616676301018,9.399625818086543,10.061405898889095,1,0.1,1.5
1963,69,0.012344886190564777,6.074714510138864e-4,0.056180160389398055,0.0023804537259707373,0.6101127243307445,9.975732060617705,10.67151862321984,1,0.1,1.5
1963,68,0.012751945479591274,6.00190162042844e-4,0.056691828700764266,0.002349888784254565,0.6149913253895305,10.55715354623217,11.28650994860937,1,0.1,1.5
1963,67,0.013121987590356252,5.925423141332527e-4,0.0572013230855002,0.0023178770477989075,0.6197991749775089,11.143840191955409,11.906309123586878,1,0.1,1.5
1963,66,0.01345100817199879,5.845325294632307e-4,0.05770905277180489,0.0022844387487244017,0.6245380310615051,11.735743383749423,12.530847154648383,1,0.1,1.5
1963,65,0.013735163050711197,5.761653332072728e-4,0.05821541337134552,0.002249593707506583,0.6292096153770483,12.332815946162091,13.160056770025431,1,0.1,1.5
1963,64,0.01397082421089456,5.674417819652097e-4,0.05872042446543673,0.0022133481883645154,0.6338118051150612,12.935008491443373,13.793868575140491,1,0.1,1.5
1963,63,0.014156619385626764,5.583612583458027e-4,0.059223734853034914,0.0021757019707770602,0.6383401640962781,13.542267198814265,14.432208739236769,1,0.1,1.5
1963,62,0.014293555797178744,5.489266222777897e-4,0.05972515637825495,0.002136668437189399,0.642793702020438,14.154537066017712,15.075002441257206,1,0.1,1.5
1963,61,0.014381997663121843,5.391400036627822e-4,0.060224433189108945,0.002096258141929227,0.6471702752545018,14.77176079638751,15.722172716511707,1,0.1,1.5
1963,60,0.014422593205688047,5.290036771170055e-4,0.0607212649620362,0.0020544822300543972,0.6514674946722917,15.393878544916166,16.373640211184,1,0.1,1.5
1963,59,0.014416253186073598,5.185201026050092e-4,0.061215308798707103,0.0020113525972449806,0.6556827330025746,16.02082766938667,17.029322944186575,1,0.1,1.5
1963,58,0.014364130186678955,5.076919823073375e-4,0.061706183174245796,0.0019668821120665545,0.6598131542433158,16.652542507743323,17.68913609842989,1,0.1,1.5
1963,57,0.014267588057521598,4.965223276493376e-4,0.06219347438625365,0.0019210848764321896,0.663855762174028,17.288954200254032,18.352991860603918,1,0.1,1.5
1963,56,0.014128158199904888,4.8500937970386016e-4,0.06267605900179374,0.0018739566133823878,0.6678002647108514,17.92998365620228,19.02079212531477,1,0.1,1.5
1963,55,0.013951118016842803,4.731941699214712e-4,0.06315827453467288,0.0018256582018568704,0.6716962638456034,18.57559908859278,19.692488389160374,1,0.1,1.5
1963,54,0.013713438286392123,4.6358081027375397e-4,0.06399795722435643,0.0017858302894761472,0.6792695338154606,19.22935676113001,20.371757922975835,1,0.1,1.5
1963,53,0.011543807283382081,4.4929513568333105e-4,0.0643563402816163,0.0017279944697822238,0.6804378609778541,19.885108986825262,21.05219578395369,1,0.1,1.5
1963,52,0.23087614566764164,0.005574949206880375,1.2080377288672322,0.020973596340651754,12.589667016052672,32.17515319801148,33.641862800006365,20,0.1,1.5
1963,51,0.23087614566764164,8.360156274173668e-4,1.066767110821947,0.00266131298953879,10.867967451932149,43.005101892950215,44.50983025193851,20,0.1,1.5
1963,50,0.23087614566764164,5.409732407191958e-18,1.1851633755937028,0,12.005551186382121,55.01065307933233,56.51538143832063,20,0.1,1.5
1963,49,0.23087614566764164,7.75843450946557e-52,1.3064835568048752,0,13.218752998493846,68.22940607782617,69.73413443681447,20,0.1,1.5
1963,48,0.23087614566764164,4.033626724420673e-74,1.393031476369992,0,14.084232194145015,82.31363827197119,83.81836663095949,20,0.1,1.5
1963,47,0.23087614566764164,3.5675475847650966e-76,1.3969284854316428,0,14.123202284761522,96.4368405567327,97.941568915721,20,0.1,1.5
1963,46,0.23087614566764164,3.5675475847651405e-116,1.39413728103308,0,14.095290240775896,110.5321307975086,112.0368591564969,20,0.1,1.5
1963,45,0.23087614566764164,3.567547584765187e-156,1.3913516537432074,0,14.067433967877168,124.59956476538576,126.10429312437407,20,0.1,1.5
1963,44,0.23087614566764164,3.5675475847652313e-196,1.3885715924183963,0,14.039633354629057,138.6391981200148,140.1439264790031,20,0.1,1.5
1963,43,0.23087614566764164,3.567547584765276e-236,1.3857970859372855,0,14.011888289817948,152.65108640983274,154.15581476882107,20,0.1,1.5
1963,42,0.23087614566764164,3.5675475847653232e-276,1.3830281232007366,0,13.98419866245246,166.6352850722852,168.14001343127353,20,0.1,1.5
1963,41,0.23087614566764164,3.5675476e-316,1.3802646931317877,0,13.95656436176297,180.59184943404816,182.0965777930365,20,0.1,1.5
1963,40,0.23087614566764164,0,1.3775067846756088,0,13.928985277201182,194.52083471124934,196.02556307023767,20,0.1,1.5
1963,39,0.23087614566764164,0,1.374754386799458,0,13.901461298439674,208.422296009689,209.92702436867734,20,0.1,1.5
1963,38,0.23087614566764164,0,1.3720074884926399,0,13.873992315371492,222.2962883250605,223.80101668404882,20,0.1,1.5
1963,37,0.23087614566764164,0,1.3692660787664597,0,13.846578218109691,236.1428665431702,237.64759490215852,20,0.1,1.5
1963,36,0.23087614566764164,0,1.366530146654176,0,13.819218896986854,249.96208544015704,251.46681379914537,20,0.1,1.5
1963,35,0.23087614566764164,0,1.3637996812109636,0,13.79191424255473,263.7539996827118,265.2587280417001,20,0.1,1.5
1963,34,0.23087614566764164,0,1.3610746715138657,0,13.764664145583751,277.5186638282956,279.0233921872839,20,0.1,1.5
1963,33,0.23087614566764164,0,1.3583551066617487,0,13.737468497062581,291.2561323253582,292.7608606843465,20,0.1,1.5
1963,32,0.23087614566764164,0,1.3556409757752612,0,13.710327188197706,304.9664595135559,306.4711878725442,20,0.1,1.5
1963,31,0.23087614566764164,0,1.3529322679967901,0,13.683240110412996,318.6496996239689,320.1544279829572,20,0.1,1.5
1963,30,0.23087614566764164,0,1.3502289724904177,0,13.656207155349271,332.3059067793182,333.81063513830645,20,0.1,1.5
1963,29,0.23087614566764164,0,1.3475310784418786,0,13.629228214863879,345.93513499418214,347.4398633531703,20,0.1,1.5
1963,28,0.23087614566764164,0,1.344838575058511,0,13.602303181030203,359.53743817521234,361.04216653420053,20,0.1,1.5
1963,27,0.23087614566764164,0,1.3421514515692223,0,13.575431946137318,373.11287012134966,374.61759848033785,20,0.1,1.5
1963,26,0.23087614566764164,0,1.33946969722444,0,13.548614402689493,386.66148452403917,388.16621288302736,20,0.1,1.5
1963,25,0.23087614566764164,0,1.3367933012960693,0,13.521850443405787,400.183334967445,401.68806332643317,20,0.1,1.5
1963,24,0.23087614566764164,0,1.3341222530774521,0,13.495139961219616,413.6784749286646,415.18320328765276,20,0.1,1.5
1963,23,0.23087614566764164,0,1.331456541883325,0,13.468482849278345,427.146957777943,428.6516861369311,20,0.1,1.5
1963,22,0.23087614566764164,0,1.3287961570497726,0,13.44187900094282,440.5888367788858,442.09356513787395,20,0.1,1.5
1963,21,0.23087614566764164,0,1.3261410879341875,0,13.415328309786968,454.00416508867283,455.5088934476609,20,0.1,1.5
1963,20,0.23087614566764164,0,1.323491323915228,0,13.388830669597374,467.3929957582702,468.8977241172583,20,0.1,1.5
1963,19,0.23087614566764164,0,1.3208468543927745,0,13.362385974372838,480.75538173264306,482.26011009163113,20,0.1,1.5
1963,18,0.23087614566764164,0,1.3182076687878872,0,13.335994118323965,494.09137585096704,495.5961042099551,20,0.1,1.5
1963,17,0.23087614566764164,0,1.3155737565427637,0,13.30965499587273,507.4010308468398,508.90575920582785,20,0.1,1.5
1963,16,0.23087614566764164,0,1.3129451071206986,0,13.28336850165208,520.6843993484919,522.1891277074799,20,0.1,1.5
1963,15,0.23087614566764164,0,1.3103217100060396,0,13.257134530505489,533.9415338789973,535.4462622379854,20,0.1,1.5
1963,14,0.23087614566764164,0,1.307703554704145,0,13.230952977486544,547.1724868564838,548.677215215472,20,0.1,1.5
1963,13,0.23087614566764164,0,1.3050906307413421,0,13.204823737858515,560.3773105943424,561.8820389533305,20,0.1,1.5
1963,12,0.23087614566764164,0,1.302482927664887,0,13.178746707093964,573.5560573014363,575.0607856604245,20,0.1,1.5
1963,11,0.23087614566764164,0,1.299880435042921,0,13.152721780874304,586.7087790823106,588.2135074412988,20,0.1,1.5
1963,10,0.23087614566764164,0,1.2972831424644278,0,13.126748855089371,599.8355279373999,601.3402562963881,20,0.1,1.5
1963,9,0.23087614566764164,0,1.2946910395391946,0,13.10082782583704,612.9363557632369,614.4410841222252,20,0.1,1.5
1963,8,0.23087614566764164,0,1.2921041158977709,0,13.074958589422803,626.0113143526596,627.516042711648,20,0.1,1.5
1963,7,0.23087614566764164,0,1.289522361191423,0,13.049141042359324,639.060455395019,640.5651837540073,20,0.1,1.5
1963,6,0.23087614566764164,0,1.2869457650920955,0,13.023375081366048,652.083830476385,653.5885588353733,20,0.1,1.5
1963,5,0.23087614566764164,0,1.2843743172923705,0,12.997660603368798,665.0814910797537,666.5862194387421,20,0.1,1.5
1963,4,0.23087614566764164,0,1.281808007505424,0,12.971997505499333,678.053488585253,679.5582169442414,20,0.1,1.5
1963,3,0.23087614566764164,0,1.279246825464987,0,12.946385685094963,690.999874270348,692.5046026293363,20,0.1,1.5
1963,2,0.011543807283382081,0,5.435696300668746e-4,0,0.013131567822923466,691.0130058381709,692.5177341971593,1,0.1,1.5
1963,1,150,0,1.2915226495035943,0,112.91522649503594,803.9282323332069,805.4329606921951,99999,0.1,1.5
1964,89,0.0013484144448885575,0.04646955226287366,0.04646955226287366,0,0.9302899882207321,0,0,1,0.1,1.5
1964,88,0.0017028060738419133,4.6417472426255285e-4,0.04641283067901264,0.002660699591259671,0.5079152522428323,0.46990525808197986,0.5079152522428323,1,0.1,1.5
1964,87,0.0020938867977229147,6.686250262417387e-4,0.04701458972364282,0.002670150566845906,0.5163730801284595,0.9481333301126407,1.0242883323712917,1,0.1,1.5
1964,86,0.0025291127635232425,6.729457947417549e-4,0.047609831608248415,0.002666610632312167,0.5226082868100435,1.4326471793182245,1.5468966191813351,1,0.1,1.5
1964,85,0.003022913070043806,6.720574658642388e-4,0.04819556215648983,0.002661101030357434,0.5287072006086762,1.9233386509217942,2.075603819790011,1,0.1,1.5
1964,84,0.003572266014939471,6.706325387896768e-4,0.048771769123728735,0.0026538829332838154,0.5347181406344363,2.420144178223605,2.6103219604244474,1,0.1,1.5
1964,83,0.004172172715696933,6.687843302564386e-4,0.049338789824140104,0.0026449736130060484,0.5406425273497545,2.923001368244701,3.150964487774202,1,0.1,1.5
1964,82,0.004815657340267675,6.665200675654438e-4,0.049897258269945316,0.0026343935553590895,0.5464824152499397,3.431849589846654,3.697446903024142,1,0.1,1.5
1964,81,0.0054937872513675535,6.638464846509426e-4,0.05044809906603374,0.0026221712289875333,0.5522415693266279,3.946631570187746,4.24968847235077,1,0.1,1.5
1964,80,0.0061734616341954885,6.607509322213358e-4,0.05099234729378459,0.002608258800282019,0.5579074633535517,4.467278193537269,4.807595935704322,1,0.1,1.5
1964,79,0.006844604556394974,6.572463216446989e-4,0.05153143141172549,0.0025927094607061593,0.5634885536194817,4.993728040575234,5.3710844893238034,1,0.1,1.5
1964,78,0.00751361466098227,6.533635967301131e-4,0.05206719792128405,0.0025756473506961175,0.5690096537735981,5.525942732196031,5.940094143097402,1,0.1,1.5
1964,77,0.008166211697511217,6.491157651622562e-4,0.05260158095940441,0.002557125593119757,0.5744814739933374,6.063893840573371,6.514575617090739,1,0.1,1.5
1964,76,0.008787170376952902,6.445157581200083e-4,0.0531366522827334,0.0025371968567801744,0.5799154633757432,6.6075636345665405,7.094491080466482,1,0.1,1.5
1964,75,0.009360877582253783,6.395203399708245e-4,0.05366978806887032,0.002515692783744394,0.585272137482453,7.156897303709788,7.679763217948935,1,0.1,1.5
1964,74,0.00990134123530219,6.341019181105696e-4,0.054197397225997195,0.00249250715103275,0.5905231306126993,7.711813189307733,8.270286348561633,1,0.1,1.5
1964,73,0.010430239219584653,6.282894859245073e-4,0.0547201438539075,0.0024677563766354422,0.59569148873474,8.27225101551911,8.865977837296374,1,0.1,1.5
1964,72,0.01094333046363602,6.220872501681938e-4,0.05523836693692648,0.0024414592493388156,0.6007780847896396,8.83815111103248,9.466755922086014,1,0.1,1.5
1964,71,0.011436329974013604,6.154997348353814e-4,0.055752432207203745,0.0024136357892814014,0.6057840506785155,9.409454650435547,10.07253997276453,1,0.1,1.5
1964,70,0.01190494062748788,6.085317147260582e-4,0.056262727240943146,0.0023843069804817445,0.6107107449342802,9.986103867077231,10.68325071769881,1,0.1,1.5
1964,69,0.012344886190564777,6.011881460028232e-4,0.0567696558048518,0.0023534944926143103,0.6155597135300795,10.568042230712821,11.298810431228889,1,0.1,1.5
1964,68,0.012751945479591274,5.934740976840697e-4,0.057273631713957836,0.0023212204076588066,0.6203326466407962,11.155214585815633,11.919143077869684,1,0.1,1.5
1964,67,0.013121987590356252,5.853946850910594e-4,0.05777507221514138,0.0022875069554824704,0.6250313315218352,11.747567246544863,12.54417440939152,1,0.1,1.5
1964,66,0.01345100817199879,5.769550124757328e-4,0.05827439155370881,0.002252376286633627,0.629657608537944,12.34504805098804,13.173832017929463,1,0.1,1.5
1964,65,0.013735163050711197,5.681600802087185e-4,0.05877199025688503,0.0022158501082905446,0.634213280285086,12.947606329726119,13.80804529821455,1,0.1,1.5
1964,64,0.01397082421089456,5.59011464910781e-4,0.05926788947008132,0.0021779367565369825,0.6386962743934267,13.555189221883303,14.446741572607976,1,0.1,1.5
1964,63,0.014156619385626764,5.495091052777231e-4,0.05976173797224388,0.002138638227263636,0.6431021917074952,14.167739438915604,15.089843764315471,1,0.1,1.5
1964,62,0.014293555797178744,5.396563755201276e-4,0.06025335097191448,0.0020979699369880634,0.6474301097722946,14.785198549588069,15.737273874087766,1,0.1,1.5
1964,61,0.014381997663121843,5.294559355189346e-4,0.06074247528127234,0.0020559445343611904,0.6516779468151539,15.407505860198063,16.38895182090292,1,0.1,1.5
1964,60,0.014422593205688047,5.189105942847693e-4,0.06122881339305359,0.002012575271227361,0.655843377313757,16.03459816220857,17.04479519821668,1,0.1,1.5
1964,59,0.014416253186073598,5.080233503372952e-4,0.06171202541713847,0.0019678761613371666,0.659923839722671,16.66640948534071,17.70471903793935,1,0.1,1.5
1964,58,0.014364130186678955,4.96797447839712e-4,0.06219173308394501,0.001921862199489499,0.6639165663873878,17.302870877449678,18.368635604326737,1,0.1,1.5
1964,57,0.014267588057521598,4.852364423845408e-4,0.06266752625792307,0.0018745496168128672,0.6678186326149411,17.943910229824436,19.03645423694168,1,0.1,1.5
1964,56,0.014128158199904888,4.7333924714263554e-4,0.06313828054923916,0.001825936785436131,0.6716197813176039,18.589445199921524,19.708074018259282,1,0.1,1.5
1964,55,0.013951118016842803,4.611464921634323e-4,0.06360837325768363,0.00177618281808591,0.6753699831014025,19.239441142764555,20.383444001360683,1,0.1,1.5
1964,54,0.013713438286392123,4.510933804717743e-4,0.06443801500100303,0.0017346460820826272,0.6828140343211422,19.89747451877023,21.066258035681827,1,0.1,1.5
1964,53,0.011543807283382081,4.3649156880238926e-4,0.06478190326503369,0.0016756097337036883,0.6838171017706682,20.557354338630848,21.750075137452495,1,0.1,1.5
1964,52,0.23087614566764164,0.0052991485772317425,1.2131603241795084,0.019861318238021203,12.622245275698512,32.895866496643336,34.37232041315101,20,0.1,1.5
1964,51,0.23087614566764164,6.736884036588712e-4,1.0673257623582495,0.002087081589726158,10.86372738934598,43.72977843470751,45.23604780249699,20,0.1,1.5
1964,50,0.23087614566764164,5.4097324071919614e-20,1.1850448592561433,0,12.004366023006527,55.73414445771404,57.240413825503516,20,0.1,1.5
1964,49,0.23087614566764164,7.758434509465574e-54,1.3063529084491947,0,13.217446514937041,68.95159097265108,70.45786034044056,20,0.1,1.5
1964,48,0.23087614566764164,4.033626724420675e-76,1.3928921732223551,0,14.082839162668645,83.03443013531972,84.54069950310921,20,0.1,1.5
1964,47,0.23087614566764164,3.5675475847650984e-78,1.3967887925830997,0,14.121805356276091,97.15623549159581,98.66250485938531,20,0.1,1.5
1964,46,0.23087614566764164,3.5675475847651424e-118,1.3939978673049769,0,14.093896103494863,111.25013159509066,112.75640096288018,20,0.1,1.5
1964,45,0.23087614566764164,3.567547584765189e-158,1.391212518577833,0,14.066042616223424,125.31617421131409,126.8224435791036,20,0.1,1.5
1964,44,0.23087614566764164,3.567547584765233e-198,1.3884327352591546,0,14.038244783036639,139.35441899435074,140.86068836214025,20,0.1,1.5
1964,43,0.23087614566764164,3.5675475847652784e-238,1.3856585062286917,0,14.01050249273201,153.36492148708274,154.87119085487225,20,0.1,1.5
1964,42,0.23087614566764164,3.567547584765325e-278,1.3828898203884166,0,13.98281563432926,167.347737121412,168.8540064892015,20,0.1,1.5
1964,41,0.23087614566764164,3.56755e-318,1.3801266666624745,0,13.95518409706984,181.30292121848183,182.80919058627134,20,0.1,1.5
1964,40,0.23087614566764164,0,1.3773690339971414,0,13.927607770416508,195.23052898889833,196.73679835668784,20,0.1,1.5
1964,39,0.23087614566764164,0,1.374616911360778,0,13.900086544052874,209.1306155329512,210.6368849007407,20,0.1,1.5
1964,38,0.23087614566764164,0,1.3718702877437907,0,13.872620307883,223.0032358408342,224.50950520862372,20,0.1,1.5
1964,37,0.23087614566764164,0,1.369129152158583,0,13.845208952030925,236.84844479286514,238.35471416065465,20,0.1,1.5
1964,36,0.23087614566764164,0,1.3663934936395106,0,13.8178523668402,250.66629715970532,252.17256652749484,20,0.1,1.5
1964,35,0.23087614566764164,0,1.3636633012428425,0,13.790550442873519,264.4568476025789,265.96311697036833,20,0.1,1.5
1964,34,0.23087614566764164,0,1.3609385640467144,0,13.763303070912238,278.22015067349116,279.72642004128056,20,0.1,1.5
1964,33,0.23087614566764164,0,1.3582192711510825,0,13.736110141955919,291.9562608154471,293.4625301832365,20,0.1,1.5
1964,32,0.23087614566764164,0,1.3555054116776837,0,13.70897154722193,305.66523236266903,307.17150173045843,20,0.1,1.5
1964,31,0.23087614566764164,0,1.3527969747699904,0,13.681887178144997,319.34711954081405,320.85338890860345,20,0.1,1.5
1964,30,0.23087614566764164,0,1.3500939495931688,0,13.654856926376782,333.00197646719084,334.50824583498024,20,0.1,1.5
1964,29,0.23087614566764164,0,1.3473963253340344,0,13.627880683785438,346.6298571509763,348.1361265187657,20,0.1,1.5
1964,28,0.23087614566764164,0,1.344704091201005,0,13.600958342455145,360.23081549343146,361.73708486122086,20,0.1,1.5
1964,27,0.23087614566764164,0,1.3420172364240655,0,13.574089794685749,373.80490528811725,375.3111746559066,20,0.1,1.5
1964,26,0.23087614566764164,0,1.3393357502547176,0,13.54727493299227,387.35218022110956,388.85844958889885,20,0.1,1.5
1964,25,0.23087614566764164,0,1.3366596219659397,0,13.52051365010449,400.8726938712141,402.3789632390033,20,0.1,1.5
1964,24,0.23087614566764164,0,1.3339888408521443,0,13.493805838966537,414.3664997101807,415.87276907796985,20,0.1,1.5
1964,23,0.23087614566764164,0,1.3313233962291366,0,13.46715139273646,427.83365110291714,429.3399204707063,20,0.1,1.5
1964,22,0.23087614566764164,0,1.3286632774340676,0,13.44055020478577,441.2742013077029,442.7804706754921,20,0.1,1.5
1964,21,0.23087614566764164,0,1.326008473825394,0,13.414002168699035,454.688203476402,456.1944728441911,20,0.1,1.5
1964,20,0.23087614566764164,0,1.3233589747828365,0,13.38750717827346,468.0757106546755,469.58198002246456,20,0.1,1.5
1964,19,0.23087614566764164,0,1.3207147697073351,0,13.361065127518446,481.436775782194,482.943045149983,20,0.1,1.5
1964,18,0.23087614566764164,0,1.3180758480210084,0,13.334675910655179,494.7714516928492,496.27772106063816,20,0.1,1.5
1964,17,0.23087614566764164,0,1.3154421991671095,0,13.30833942211619,508.0797911149654,509.58606048275436,20,0.1,1.5
1964,16,0.23087614566764164,0,1.3128138126099864,0,13.282055556544957,521.3618466715103,522.8681160392994,20,0.1,1.5
1964,15,0.23087614566764164,0,1.310190677835039,0,13.255824208795483,534.6176708803058,536.1239402480949,20,0.1,1.5
1964,14,0.23087614566764164,0,1.3075727843486744,0,13.229645273931839,547.8473161542377,549.3535855220267,20,0.1,1.5
1964,13,0.23087614566764164,0,1.304960121678268,0,13.203518647227774,561.0508348014654,562.5571041692544,20,0.1,1.5
1964,12,0.23087614566764164,0,1.3023526793721205,0,13.1774442241663,574.2282790256317,575.7345483934207,20,0.1,1.5
1964,11,0.23087614566764164,0,1.2997504469994168,0,13.151421900439262,587.3797009260709,588.8859702938599,20,0.1,1.5
1964,10,0.23087614566764164,0,1.2971534141501813,0,13.125451571946906,600.5051524980178,602.0114218658068,20,0.1,1.5
1964,9,0.23087614566764164,0,1.2945615704352407,0,13.0995331347975,613.6046856328153,615.1109550006043,20,0.1,1.5
1964,8,0.23087614566764164,0,1.291974905486181,0,13.073666485306905,626.6783521181221,628.1846214859113,20,0.1,1.5
1964,7,0.23087614566764164,0,1.2893934089553039,0,13.047851519998133,639.7262036381202,641.2324730059095,20,0.1,1.5
1964,6,0.23087614566764164,0,1.2868170705155864,0,13.022088135600958,652.7482917737211,654.2545611415104,20,0.1,1.5
1964,5,0.23087614566764164,0,1.2842458798606413,0,12.996376229051506,665.7446680027726,667.2509373705619,20,0.1,1.5
1964,4,0.23087614566764164,0,1.2816798267046734,0,12.970715697491828,678.7153837002644,680.2216530680538,20,0.1,1.5
1964,3,0.23087614566764164,0,1.2791189007824404,0,12.945106438269498,691.6604901385339,693.1667595063233,20,0.1,1.5
1964,2,0.011543807283382081,0,5.435152731038679e-4,0,0.0131310242532934,691.6736211627872,693.1798905305766,1,0.1,1.5
1964,1,150,0,1.291393497238644,0,112.91393497238644,804.5875561351736,806.093825502963,99999,0.1,1.5
1965,90,0.0010414617850304983,0.04651714224055706,0.04651714224055706,0,0.9310371526678282,0,0,1,0.1,1.5
1965,89,0.0013484144448885575,4.6469552262873683e-4,0.046464905307647374,0.0026649081426539226,0.5082650675896476,0.4701949512660202,0.5082650675896476,1,0.1,1.5
1965,88,0.0017028060738419133,6.698166450575432e-4,0.047073364293759655,0.0026745900925723514,0.5167754433312907,0.9487619647034201,1.0250405109209382,1,0.1,1.5
1965,87,0.0020938867977229147,6.742238919738939e-4,0.04767742590638194,0.0026713127006127617,0.5230740325241273,1.4336743872187938,1.5481145434450654,1,0.1,1.5
1965,86,0.0025291127635232425,6.733821160254592e-4,0.04827172328316563,0.002665980801914938,0.5292225691949494,1.9248115163863868,2.0773371126400146,1,0.1,1.5
1965,85,0.003022913070043806,6.719958322480009e-4,0.048856017857863546,0.0026589111114880618,0.5352798567309741,2.422106928667531,2.612616969370989,1,0.1,1.5
1965,84,0.003572266014939471,6.701770587088506e-4,0.04943036268013731,0.002650113663834934,0.5412456746913012,2.925493836732619,3.15386264406229,1,0.1,1.5
1965,83,0.004172172715696933,6.679312465540765e-4,0.049995099348409205,0.002639601934390637,0.5471203534894874,3.434905591159383,3.7009829975517774,1,0.1,1.5
1965,82,0.004815657340267675,6.652635895154268e-4,0.05055086693295809,0.0026273983990371297,0.5529060062949678,3.950277334610963,4.253889003846745,1,0.1,1.5
1965,81,0.0054937872513675535,6.621812720933927e-4,0.05109859706337402,0.002613533608406857,0.5586065025947313,4.471547642799882,4.8124955064414765,1,0.1,1.5
1965,80,0.0061734616341954885,6.586722093927181e-4,0.05163931275912571,0.0025979620906617603,0.5642092349269587,4.99864313357453,5.376704741368435,1,0.1,1.5
1965,79,0.006844604556394974,6.547498283929868e-4,0.05217445563376086,0.0025807391182730765,0.5697228260154171,5.531498257900331,5.946427567383853,1,0.1,1.5
1965,78,0.00751361466098227,6.504454736413305e-4,0.052705903039165954,0.0025619903925829766,0.5751724243199129,6.070070819469059,6.5215999917037655,1,0.1,1.5
1965,77,0.008166211697511217,6.457725559315617e-4,0.053235602199588415,0.0025417706553794083,0.5805688980494368,6.6143287081559325,7.1021688897532025,1,0.1,1.5
1965,76,0.008787170376952902,6.407443717762436e-4,0.053765637831700165,0.002520134038885142,0.5859238504606156,7.164250643775332,7.688092740213818,1,0.1,1.5
1965,75,0.009360877582253783,6.353183993358068e-4,0.05429334428599953,0.002496915211372521,0.5911974292135108,7.719777855683521,8.279290169427329,1,0.1,1.5
1965,74,0.00990134123530219,6.294678069392931e-4,0.05481510427403278,0.0024720111144001214,0.5963610594580191,8.28082447065011,8.875651228885348,1,0.1,1.5
1965,73,0.010430239219584653,6.232219890181057e-4,0.05533161093368097,0.0024455397118035007,0.60143810363724,8.847326292690157,9.477089332522588,1,0.1,1.5
1965,72,0.01094333046363602,6.165856848363858e-4,0.055843207912567486,0.0024175219354000367,0.6064295172650347,9.41921978230662,10.083518849787623,1,0.1,1.5
1965,71,0.011436329974013604,6.095639446687042e-4,0.05635026591130338,0.002387979917637166,0.6113365173657845,9.996442300849015,10.694855367153409,1,0.1,1.5
1965,70,0.01190494062748788,6.021620622676967e-4,0.05685317771333949,0.002356936719927915,0.6161605494114625,10.57893232569008,11.311015916564871,1,0.1,1.5
1965,69,0.012344886190564777,5.943855046136058e-4,0.05735235246242489,0.0023244160514399592,0.6209032473894276,11.166629629487508,11.9319191639543,1,0.1,1.5
1965,68,0.012751945479591274,5.862398428915424e-4,0.057848209452701145,0.0022904419939424837,0.6255663898557852,11.759475419429828,12.557485553810086,1,0.1,1.5
1965,67,0.013121987590356252,5.777306857215282e-4,0.058341171446790484,0.0022550387367876353,0.6301518521489905,12.357412432481853,13.187637405959077,1,0.1,1.5
1965,66,0.01345100817199879,5.688636217831641e-4,0.058831658186211847,0.0022182303499454596,0.6346615618605035,12.960384989343135,13.822298967819581,1,0.1,1.5
1965,65,0.013735163050711197,5.596441278747234e-4,0.05932007558493198,0.002180040423800972,0.639097407120936,13.568338961838341,14.461396374940517,1,0.1,1.5
1965,64,0.01397082421089456,5.500743037833534e-4,0.05980644687026856,0.0021404793705912945,0.6434573712705148,14.181218056386122,15.104853746211031,1,0.1,1.5
1965,63,0.014156619385626764,5.401546478686862e-4,0.06029042135526256,0.0020995514085722813,0.6477370978394295,14.798961562674519,15.752590844050461,1,0.1,1.5
1965,62,0.014293555797178744,5.298890480022171e-4,0.0607718181210643,0.0020572739772909444,0.6519357371357979,15.421507671563303,16.40452658118626,1,0.1,1.5
1965,61,0.014381997663121843,5.192806929454869e-4,0.06125038716733452,0.0020136618067705747,0.656051274284461,16.048792348608185,17.060577855470722,1,0.1,1.5
1965,60,0.014422593205688047,5.083329237496879e-4,0.061725834329521126,0.001968730237637054,0.6600814523503629,16.68074908327802,17.720659307821084,1,0.1,1.5
1965,59,0.014416253186073598,4.970492738376646e-4,0.062197823254931055,0.0019224953785087614,0.6640237804380519,17.31730864402309,18.384683088259134,1,0.1,1.5
1965,58,0.014364130186678955,4.8543352435077185e-4,0.06266597946050899,0.0018749743218094584,0.6678755640941378,17.958398860662808,19.052558652353273,1,0.1,1.5
1965,57,0.014267588057521598,4.734897686270622e-4,0.06312989690950051,0.001826185393631862,0.6716339549191261,18.603944452815764,19.7241926072724,1,0.1,1.5
1965,56,0.014128158199904888,4.6121758883045915e-4,0.06358845091754327,0.0017761295940366747,0.6752887371118168,19.25385991001277,20.399481344384217,1,0.1,1.5
1965,55,0.013951118016842803,4.486571694431118e-4,0.06404605812487935,0.0017249640862445944,0.6788902423769949,19.908107808300556,21.07837158676121,1,0.1,1.5
1965,54,0.013713438286392123,4.3817245432537454e-4,0.06486523272002359,0.0016817557136249816,0.68620142555763175,20.570284152234972,21.76457301231884,1,0.1,1.5
1965,53,0.011543807283382081,4.23267349113946e-4,0.0651943275081331,0.0016215744820255971,0.687037169837948,21.2341559723297,22.451610182156788,1,0.1,1.5
1965,52,0.23087614566764164,0.0050183210452776185,1.2180043377065959,0.018730108639360823,12.651716998526126,33.61829999029352,35.10332718068291,20,0.1,1.5
1965,51,0.23087614566764164,5.285072814681282e-4,1.0677408001794453,0.0015815108633510482,10.859203517387813,44.45491049534775,45.96253069807072,20,0.1,1.5
1965,50,0.23087614566764164,5.409732407191964e-22,1.1849263547702178,0,12.003180978147272,56.45809147349502,57.96571167621799,20,0.1,1.5
1965,49,0.23087614566764164,7.758434509465578e-56,1.3062222731583497,0,13.21614016202859,69.6742316355236,71.18185183824659,20,0.1,1.5
1965,48,0.23087614566764164,4.0336267244206773e-78,1.392752884005033,0,14.081446270495423,83.75567790601902,85.263298108742,20,0.1,1.5
1965,47,0.23087614566764164,3.5675475847651e-80,1.3966491137038415,0,14.120408567483508,97.87608647350253,99.38370667622551,20,0.1,1.5
1965,46,0.23087614566764164,3.567547584765144e-120,1.3938584675182464,0,14.092502105627558,111.96858857913008,113.47620878185307,20,0.1,1.5
1965,45,0.23087614566764164,3.567547584765191e-160,1.3910733973259752,0,14.064651403704847,126.03323998283493,127.54086018555792,20,0.1,1.5
1965,44,0.23087614566764164,3.5675475847652355e-200,1.3882938919856287,0,14.036856350301381,140.07009633313632,141.5777165358593,20,0.1,1.5
1965,43,0.23087614566764164,3.56754758476528e-240,1.385519940378069,0,14.009116834225782,154.0792131673621,155.5868333700851,20,0.1,1.5
1965,42,0.23087614566764164,3.5675475847653274e-280,1.3827515314063776,0,13.98143274450887,168.06064591187098,169.56826611459397,20,0.1,1.5
1965,41,0.23087614566764164,3.5676e-320,1.3799886539958084,0,13.953803970403177,182.01444988227416,183.52207008499715,20,0.1,1.5
1965,40,0.23087614566764164,0,1.3772312970937417,0,13.926230401382512,195.94068028365666,197.44830048637965,20,0.1,1.5
1965,39,0.23087614566764164,0,1.374479449669642,0,13.898711927141514,209.83939221079817,211.34701241352116,20,0.1,1.5
1965,38,0.23087614566764164,0,1.3717331007150164,0,13.871248437595257,223.71064064839342,225.2182608511164,20,0.1,1.5
1965,37,0.23087614566764164,0,1.3689922392433673,0,13.843839822878767,237.55448047127217,239.0621006739952,20,0.1,1.5
1965,36,0.23087614566764164,0,1.3662568542901465,0,13.816485973346559,251.37096644461872,252.87858664734176,20,0.1,1.5
1965,35,0.23087614566764164,0,1.3635269349127181,0,13.789186779572276,265.160153224191,266.66777342691404,20,0.1,1.5
1965,34,0.23087614566764164,0,1.3608024701903099,0,13.761942132348192,278.9220953565392,280.4297155592622,20,0.1,1.5
1965,33,0.23087614566764164,0,1.3580834492239675,0,13.734751922684769,292.656847279224,294.164467481947,20,0.1,1.5
1965,32,0.23087614566764164,0,1.355369861136516,0,13.707616041810253,306.3644633210343,307.8720835237572,20,0.1,1.5
1965,31,0.23087614566764164,0,1.3526616950725134,0,13.680534381170228,320.04499770220457,321.55261790492744,20,0.1,1.5
1965,30,0.23087614566764164,0,1.3499589401982095,0,13.653506832427189,333.6985045346318,335.2061247373546,20,0.1,1.5
1965,29,0.23087614566764164,0,1.3472615857015011,0,13.626533287460106,347.32503782209193,348.83265802481475,20,0.1,1.5
1965,28,0.23087614566764164,0,1.344569620791885,0,13.599613638363943,360.9246514604559,362.4322716631787,20,0.1,1.5
1965,27,0.23087614566764164,0,1.3418830347004231,0,13.572747777449326,374.49739923790526,376.005019440628,20,0.1,1.5
1965,26,0.23087614566764164,0,1.3392018166796922,0,13.545935597242016,388.0433348351473,389.55095503787004,20,0.1,1.5
1965,25,0.23087614566764164,0,1.336525956003743,0,13.519176990482524,401.5625118256298,403.0701320283526,20,0.1,1.5
1965,24,0.23087614566764164,0,1.333855441968059,0,13.492471850125684,415.0549836757555,416.5626038784783,20,0.1,1.5
1965,23,0.23087614566764164,0,1.3311902638895137,0,13.46582006934023,428.5208037450958,430.0284239478185,20,0.1,1.5
1965,22,0.23087614566764164,0,1.3285304111063243,0,13.439221541508337,441.96002528660415,443.46764548932686,20,0.1,1.5
1965,21,0.23087614566764164,0,1.3258758729780116,0,13.41267616022521,455.3727014468294,456.88032164955206,20,0.1,1.5
1965,20,0.23087614566764164,0,1.3232266388853582,0,13.386183819298676,468.7588852661281,470.2665054688507,20,0.1,1.5
1965,19,0.23087614566764164,0,1.3205826982303643,0,13.359744412748737,482.11862967887686,483.62624988159945,20,0.1,1.5
1965,18,0.23087614566764164,0,1.3179440404362064,0,13.333357834807158,495.45198751368406,496.9596077164066,20,0.1,1.5
1965,17,0.23087614566764164,0,1.3153106549471927,0,13.307023979917021,508.7590114936011,510.2666316963236,20,0.1,1.5
1965,16,0.23087614566764164,0,1.3126825312287254,0,13.280742742732347,522.0397542363335,523.54737443905594,20,0.1,1.5
1965,15,0.23087614566764164,0,1.3100596587672555,0,13.254514018117648,535.294268254451,536.8018884571736,20,0.1,1.5
1965,14,0.23087614566764164,0,1.3074420270702396,0,13.22833770114749,548.5226059555985,550.03022615832106,20,0.1,1.5
1965,13,0.23087614566764164,0,1.3048296256661003,0,13.202213687106097,561.7248196427046,563.2324398454272,20,0.1,1.5
1965,12,0.23087614566764164,0,1.3022224441041834,0,13.176141871486928,574.9009615141915,576.4085817169141,20,0.1,1.5
1965,11,0.23087614566764164,0,1.2996204719547169,0,13.150122149992262,588.0510836641838,589.5587038669064,20,0.1,1.5
1965,10,0.23087614566764164,0,1.2970236988087662,0,13.124154418532756,601.1752380827165,602.6828582854391,20,0.1,1.5
1965,9,0.23087614566764164,0,1.2944321142781972,0,13.098238573227066,614.2734766559436,615.7810968586662,20,0.1,1.5
1965,8,0.23087614566764164,0,1.2918457079956325,0,13.072374510401419,627.3458511663449,628.8534713690676,20,0.1,1.5
1965,7,0.23087614566764164,0,1.2892644696144084,0,13.046562126589178,640.3924132929341,641.9000334956568,20,0.1,1.5
1965,6,0.23087614566764164,0,1.2866883888085348,0,13.020801318530442,653.4132146114645,654.9208348141872,20,0.1,1.5
1965,5,0.23087614566764164,0,1.2841174552726553,0,12.995091983171648,666.4083065946361,667.9159267973588,20,0.1,1.5
1965,4,0.23087614566764164,0,1.281551658722003,0,12.969434017665124,679.3777406123012,680.8853608150239,20,0.1,1.5
1965,3,0.23087614566764164,0,1.278990988892362,0,12.943827319368715,692.3215679316698,693.8291881343926,20,0.1,1.5
1965,2,0.011543807283382081,0,5.434609215765575e-4,0,0.013130480738020296,692.3346984124079,693.8423186151306,1,0.1,1.5
1965,1,150,0,1.2912643578889202,0,112.9126435788892,805.247341991297,806.7549621940198,99999,0.1,1.5
1966,91,7.907735232346679e-4,0.04655885920173868,0.04655885920173868,0,0.9317043663835967,0,0,1,0.1,1.5
1966,90,0.0010414617850304983,4.651714224055708e-4,0.046512490526333,0.0026686088758420693,0.5085939112846737,0.4704709273440727,0.5085939112846737,1,0.1,1.5
1966,89,0.0013484144448885575,6.70873990889768e-4,0.047126485852780085,0.002678414283846258,0.5171356025977611,0.9493434687440302,1.025729513882435,1,0.1,1.5
1966,88,0.0017028060738419133,6.753456895936633e-4,0.047737304480473364,0.002675319786127961,0.5234805598374405,1.4346051744939283,1.5492100737198755,1,0.1,1.5
1966,87,0.0020938867977229147,6.745704140729294e-4,0.04834048633894449,0.0026702457367937145,0.5296928597304711,1.9261516665559177,2.0789029334503466,1,0.1,1.5
1966,86,0.0025291127635232425,6.732290216389891e-4,0.04893339131131605,0.002663350128548595,0.5358001374844982,2.42390394506115,2.6147030709348447,1,0.1,1.5
1966,85,0.003022913070043806,6.714477361944955e-4,0.049515860033949775,0.002654697385306092,0.5418126014429875,2.927792298142622,3.1565156723778323,1,0.1,1.5
1966,84,0.003572266014939471,6.69230186545822e-4,0.05008794805982804,0.002644293778097118,0.5477289185417522,3.437745591282987,3.7042445909195845,1,0.1,1.5
1966,83,0.004172172715696933,6.665797960632e-4,0.05065000032207202,0.00263215486270753,0.5535494619828768,3.9536928409414704,4.257794052902462,1,0.1,1.5
1966,82,0.004815657340267675,6.635022356544367e-4,0.05120266144602408,0.002618305309363745,0.5592764366059694,4.4755649159851005,4.817070489508431,1,0.1,1.5
1966,81,0.0054937872513675535,6.600052148226481e-4,0.05174687060576939,0.002602777812360754,0.5649138232167475,5.003296199025265,5.381984312725179,1,0.1,1.5
1966,80,0.0061734616341954885,6.560772447593673e-4,0.05228363935051524,0.002585529378250833,0.5704489410172217,5.536809006067475,5.9524332537424005,1,0.1,1.5
1966,79,0.006844604556394974,6.51732277852199e-4,0.052814422967765756,0.0025666173914939607,0.5758905848960709,6.0760336282279175,6.528323838638471,1,0.1,1.5
1966,78,0.00751361466098227,6.470020528821575e-4,0.05334113004700778,0.002546169078527797,0.5812642414185226,6.620924025667471,7.1095880800569935,1,0.1,1.5
1966,77,0.008166211697511217,6.419003894041677e-4,0.053865721303213314,0.002524240815016251,0.5865809411295096,7.17144438372532,7.6961690211865035,1,0.1,1.5
1966,76,0.008787170376952902,6.364409534390479e-4,0.054390294777638286,0.0025008882057749554,0.5918524452636221,7.727569854620729,8.288021466450125,1,0.1,1.5
1966,75,0.009360877582253783,6.305819868364884e-4,0.05491214375441406,0.0024759491417615243,0.5970385444925059,8.28923769708807,8.885060010942631,1,0.1,1.5
1966,74,0.00990134123530219,6.242974566694233e-4,0.05542762554220541,0.0024493238745322936,0.6021104652103635,8.856357821233686,9.487170476152995,1,0.1,1.5
1966,73,0.010430239219584653,6.176171478410562e-4,0.055937462700538475,0.002421131860939269,0.6070918893102698,9.428862112530538,10.094262365463265,1,0.1,1.5
1966,72,0.01094333046363602,6.105463406983731e-4,0.05644200407562624,0.0023913962016523654,0.6119838606864181,10.006683170336208,10.706246226149684,1,0.1,1.5
1966,71,0.011436329974013604,6.030906188559785e-4,0.05694162586412154,0.002360141161066807,0.6167876871134053,10.589754555148659,11.323033913263089,1,0.1,1.5
1966,70,0.01190494062748788,5.952558006046558e-4,0.057436726575550136,0.00232739189163289,0.6215049064412953,11.178011005995199,11.944538819704384,1,0.1,1.5
1966,69,0.012344886190564777,5.870478679061259e-4,0.05792772124003864,0.002293174149914659,0.6261372459195573,11.77138862120169,12.57067606562394,1,0.1,1.5
1966,68,0.012751945479591274,5.784728969145364e-4,0.058415035130241495,0.0022575140198938344,0.6306865775421522,12.369824998459643,13.201362643166092,1,0.1,1.5
1966,67,0.013121987590356252,5.695369910541241e-4,0.058899097013842716,0.002220437647646364,0.635154869599392,12.973259330235516,13.836517512765484,1,0.1,1.5
1966,66,0.01345100817199879,5.602462237041966e-4,0.05938033260787959,0.002181971014893966,0.6395441415956555,13.581632457332686,14.47606165436114,1,0.1,1.5
1966,65,0.013735163050711197,5.506065472289902e-4,0.05985915368332372,0.002142139583075943,0.6438563717166099,14.194886835005354,15.119918026077748,1,0.1,1.5
1966,64,0.01397082421089456,5.406205856856571e-4,0.06033558606822935,0.0021009558363378625,0.6480896041512397,14.812962784351766,15.768007630228988,1,0.1,1.5
1966,63,0.014156619385626764,5.302893986217572e-4,0.0608092801652701,0.002058426212657518,0.6522395306482534,15.43579622624777,16.420247160877242,1,0.1,1.5
1966,62,0.014293555797178744,5.196173848027582e-4,0.06128005943357493,0.0020145701547548815,0.6563053790212515,16.063322031629667,17.076552539898493,1,0.1,1.5
1966,61,0.014381997663121843,5.086082586220986e-4,0.061747677580310426,0.0019694044522498514,0.66028520614926145,16.695472888461076,17.736837746047755,1,0.1,1.5
1966,60,0.014422593205688047,4.972658886467603e-4,0.062211844305497435,0.0019229465076903481,0.6641768284741437,17.332179052539644,18.4010145745219,1,0.1,1.5
1966,59,0.014416253186073598,4.85594337365567e-4,0.06267222731723275,0.0018752144924829332,0.6679778304674076,17.97336810454301,19.068992404989306,1,0.1,1.5
1966,58,0.014364130186678955,4.735979156958723e-4,0.0631284564430153,0.001826227559192301,0.6716855955095495,18.618964734921242,19.740678000498857,1,0.1,1.5
1966,57,0.014267588057521598,4.6128124609423615e-4,0.06358013026821753,0.0017760060857686289,0.6752973560257791,19.26889057543604,20.415975356524637,1,0.1,1.5
1966,56,0.014128158199904888,4.4864457439747327e-4,0.06402612447096068,0.0017245536700067627,0.678802943586948,19.92305703802289,21.094778300111585,1,0.1,1.5
1966,55,0.013951118016842803,4.357275932555797e-4,0.06447089454062802,0.0016720253353987408,0.6822530429033798,20.581424004706285,21.777031343014965,1,0.1,1.5
1966,54,0.013713438286392123,4.2482065294949917e-4,0.06527918512515785,0.0016271873169516932,0.6894278830713113,21.247606354678286,22.466459226086275,1,0.1,1.5
1966,53,0.011543807283382081,4.0962629399753873e-4,0.06559320169588868,0.0015659213306567455,0.6900944561447847,21.915330506099405,23.15655368223106,1,0.1,1.5
1966,52,0.23087614566764164,0.004732710370292982,1.2225650644326655,0.017581189172132507,12.678055023790858,34.34222568457408,35.83460870602192,20,0.1,1.5
1966,51,0.23087614566764164,4.006627886524433e-4,1.0680294038152651,0.0011452629213874223,10.854578995361232,45.180443781058344,46.68918770138315,20,0.1,1.5
1966,50,0.23087614566764164,5.409732407191967e-24,1.1848078621347409,0,12.001996051792503,57.18243983285085,58.69118375317565,20,0.1,1.5
1966,49,0.23087614566764164,7.758434509465582e-58,1.3060916509310339,0,13.214833939755433,70.39727377260627,71.90601769293109,20,0.1,1.5
1966,48,0.23087614566764164,4.033626724420679e-80,1.3926136087166325,0,14.08005351761142,84.47732729021769,85.9860712105425,20,0.1,1.5
1966,47,0.23087614566764164,3.567547584765102e-82,1.3965094487924712,0,14.119011918369806,98.5963392085875,100.10508312891231,20,0.1,1.5
1966,46,0.23087614566764164,3.567547584765146e-122,1.3937190816714946,0,14.09110824716004,112.68744745574753,114.19619137607235,20,0.1,1.5
1966,45,0.23087614566764164,3.5675475847651926e-162,1.3909342899862427,0,14.063260330307521,126.75070778605505,128.25945170637988,20,0.1,1.5
1966,44,0.23087614566764164,3.5675475847652373e-202,1.38815506259643,0,14.035468056409394,140.78617584246444,142.29491976278928,20,0.1,1.5
1966,43,0.23087614566764164,3.567547584765282e-242,1.3853813883840311,0,14.007731314285405,154.79390715674984,156.30265107707467,20,0.1,1.5
1966,42,0.23087614566764164,3.567547584765329e-282,1.382613256253237,0,13.980049992977463,168.7739571497273,170.28270107005213,20,0.1,1.5
1966,41,0.23087614566764164,3.56e-322,1.3798506551304088,0,13.952423981749183,182.72638113147647,184.2351250518013,20,0.1,1.5
1966,40,0.23087614566764164,0,1.3770935739640324,0,13.924853170085418,196.65123430156189,198.15997822188672,20,0.1,1.5
1966,39,0.23087614566764164,0,1.374342001724675,0,13.897337447691845,210.54857174925374,212.05731566957857,20,0.1,1.5
1966,38,0.23087614566764164,0,1.371595927404945,0,13.869876704494544,224.41844845374828,225.92719237407312,20,0.1,1.5
1966,37,0.23087614566764164,0,1.368855340019443,0,13.842470830639524,238.2609192843878,239.76966320471263,20,0.1,1.5
1966,36,0.23087614566764164,0,1.3661202286047176,0,13.81511971649227,252.07603900088006,253.5847829212049,20,0.1,1.5
1966,35,0.23087614566764164,0,1.363390582219227,0,13.787823252637363,265.8638622535174,267.37260617384226,20,0.1,1.5
1966,34,0.23087614566764164,0,1.360666389943291,0,13.760581329878002,279.6244435833955,281.13318750372025,20,0.1,1.5
1966,33,0.23087614566764164,0,1.3579476408790452,0,13.733393839235546,293.35783742263106,294.8665813429558,20,0.1,1.5
1966,32,0.23087614566764164,0,1.3552343241504023,0,13.706260671949117,307.06409809458023,308.5728420149049,20,0.1,1.5
1966,31,0.23087614566764164,0,1.3525264289030061,0,13.679181719475155,320.7432798140554,322.25202373438003,20,0.1,1.5
1966,30,0.23087614566764164,0,1.3498239443041897,0,13.652156873486991,334.39543668754243,335.90418060786703,20,0.1,1.5
1966,29,0.23087614566764164,0,1.3471268595429309,0,13.625186025874402,348.02062271341686,349.52936663374146,20,0.1,1.5
1966,28,0.23087614566764164,0,1.3444351638298058,0,13.598269068743152,361.61889178216,363.1276357024846,20,0.1,1.5
1966,27,0.23087614566764164,0,1.3417488463969531,0,13.571405894414625,375.19029767657463,376.69904159689924,20,0.1,1.5
1966,26,0.23087614566764164,0,1.3390678964980243,0,13.544596395425337,388.734894072,390.2436379923246,20,0.1,1.5
1966,25,0.23087614566764164,0,1.3363923034081426,0,13.51784046452652,402.25273453652653,403.7614784568511,20,0.1,1.5
1966,24,0.23087614566764164,0,1.3337220564238623,0,13.491137994683717,415.7438725312103,417.2526164515348,20,0.1,1.5
1966,23,0.23087614566764164,0,1.3310571448631248,0,13.464488879076342,429.20836141028667,430.7171053306111,20,0.1,1.5
1966,22,0.23087614566764164,0,1.3283975580652136,0,13.43789301109723,442.6462544213839,444.15499834170834,20,0.1,1.5
1966,21,0.23087614566764164,0,1.3257432853907138,0,13.411350284352233,456.05760470573614,457.5663486260606,20,0.1,1.5
1966,20,0.23087614566764164,0,1.3230943162214697,0,13.384860592659791,469.442465298396,470.95120921872035,20,0.1,1.5
1966,19,0.23087614566764164,0,1.3204506399605414,0,13.358423830050507,482.8008891284465,484.3096330487709,20,0.1,1.5
1966,18,0.23087614566764164,0,1.3178122460321628,0,13.332039890766723,496.13292901921324,497.6416729395376,20,0.1,1.5
1966,17,0.23087614566764164,0,1.3151791238816979,0,13.305708669262073,509.43863768847535,510.9473816087997,20,0.1,1.5
1966,16,0.23087614566764164,0,1.3125512629756024,0,13.279430060201118,522.7180677486764,524.2268116690008,20,0.1,1.5
1966,15,0.23087614566764164,0,1.3099286528013787,0,13.253203958458881,535.9712717071352,537.4800156274597,20,0.1,1.5
1966,14,0.23087614566764164,0,1.3073112828675326,0,13.22703025912042,549.1983019662556,550.7070458865801,20,0.1,1.5
1966,13,0.23087614566764164,0,1.3046991427035337,0,13.200908857480432,562.399210823736,563.9079547440605,20,0.1,1.5
1966,12,0.23087614566764164,0,1.302092221859773,0,13.174839649042823,575.5740504727788,577.0827943931033,20,0.1,1.5
1966,11,0.23087614566764164,0,1.2994905099075214,0,13.148822529520308,588.7228730022991,590.2316169226236,20,0.1,1.5
1966,10,0.23087614566764164,0,1.2968939964388853,0,13.122857394833947,601.845730397133,603.3544743174576,20,0.1,1.5
1966,9,0.23087614566764164,0,1.2943026710667693,0,13.096944141112788,614.9426745382458,616.4514184585704,20,0.1,1.5
1966,8,0.23087614566764164,0,1.291716523424833,0,13.071082664693423,628.0137572029391,629.5225011232639,20,0.1,1.5
1966,7,0.23087614566764164,0,1.289135543167447,0,13.045272862119564,641.0590300650587,642.5677739853834,20,0.1,1.5
1966,6,0.23087614566764164,0,1.286559719969654,0,13.019514630141632,654.0785446952002,655.587288615525,20,0.1,1.5
1966,5,0.23087614566764164,0,1.283989043527128,0,12.993807865716374,667.0723525609166,668.5810964812414,20,0.1,1.5
1966,4,0.23087614566764164,0,1.2814235035561308,0,12.968152466006401,680.0405050269229,681.5492489472477,20,0.1,1.5
1966,3,0.23087614566764164,0,1.2788630897934727,0,12.942548328379821,692.9830533553027,694.4917972756276,20,0.1,1.5
1966,2,0.011543807283382081,0,5.434065754843999e-4,0,0.01312993727709872,692.9961832925798,694.5049272129047,1,0.1,1.5
1966,1,150,0,1.2911352314531315,0,112.91135231453131,805.9075356071111,807.416279527436,99999,0.1,1.5
1967,92,6.029918506527495e-4,0.04659356224532459,0.04659356224532459,0,0.9322732394735936,0,0,1,0.1,1.5
1967,91,7.907735232346679e-4,4.6558859201738706e-4,0.046554203315818506,0.002671701528735091,0.5088922661233977,0.47072510142718205,0.5088922661233977,1,0.1,1.5
1967,90,0.0010414617850304983,6.71803933184573e-4,0.04717499149624089,0.002681666544235605,0.5174717842114502,0.9498873635781235,1.026364050334848,1,0.1,1.5
1967,89,0.0013484144448885575,6.763123108704623e-4,0.04779137677515637,0.002678653370340149,0.5238423105426723,1.435463197401651,1.55020636087752,1,0.1,1.5
1967,88,0.0017028060738419133,6.755834034279269e-4,0.0484013606965573,0.0026737585816890984,0.5301011962160673,1.927367842450731,2.0803075570935876,1,0.1,1.5
1967,87,0.0020938867977229147,6.743071383391579e-4,0.04900321372450903,0.0026671181235864163,0.5362728206401031,2.425538975611028,2.6165803777336905,1,0.1,1.5
1967,86,0.0025291127635232425,6.725698223535387e-4,0.04959433550432207,0.002658636706421143,0.5423356528198832,2.929894104053466,3.1589160305535735,1,0.1,1.5
1967,85,0.003022913070043806,6.70388823688468e-4,0.05017458279427291,0.0026483749981932175,0.5482989201052603,3.4403590956131085,3.707214950658834,1,0.1,1.5
1967,84,0.003572266014939471,6.677657463897376e-4,0.05074401270954633,0.002636341423481339,0.5541613155714347,3.9568583908490957,4.261376266230268,1,0.1,1.5
1967,83,0.004172172715696933,6.647045136375145e-4,0.0513029740377167,0.0026225538295416508,0.5599232886984112,4.479316624839769,4.82129955492868,1,0.1,1.5
1967,82,0.004815657340267675,6.612113496974807e-4,0.051852117507220415,0.0026070391478144046,0.5655871431933727,5.007660351635793,5.386886698122052,1,0.1,1.5
1967,81,0.0054937872513675535,6.572945052384149e-4,0.052392390371799005,0.0025898322684034278,0.5711569774389539,5.541819725240412,5.958043675561006,1,0.1,1.5
1967,80,0.0061734616341954885,6.52943117010302e-4,0.052924793331142896,0.0025708927880324075,0.5766200454000299,6.081712730811407,6.534663720961036,1,0.1,1.5
1967,79,0.006844604556394974,6.481716706520121e-4,0.05345079587334247,0.0025502802262141297,0.58198531980441,6.627265475955615,7.116649040765446,1,0.1,1.5
1967,78,0.00751361466098227,6.430122901607708e-4,0.053972338203635034,0.0025281232891084656,0.5872786283658766,7.178428057334227,7.703927669131323,1,0.1,1.5
1967,77,0.008166211697511217,6.374792076481045e-4,0.05449139493483706,0.0025044799936997505,0.592511168180808,7.735160939890753,8.296438837312131,1,0.1,1.5
1967,76,0.008787170376952902,6.315864609781293e-4,0.05501007779960426,0.002479407419150045,0.597694862178317,8.297435696081212,8.894133699490448,1,0.1,1.5
1967,75,0.009360877582253783,6.25293105308746e-4,0.055525639825479006,0.002452746872331178,0.6027891553960159,8.865185610443927,9.496922854886463,1,0.1,1.5
1967,74,0.00990134123530219,6.185739431997676e-4,0.05603441374828426,0.0024244020543886086,0.6077650861344028,9.438316381515635,10.104687941020867,1,0.1,1.5
1967,73,0.010430239219584653,6.114591367132278e-4,0.05653715191950324,0.002394493851974938,0.6126466584034345,10.016755984890857,10.717334599424301,1,0.1,1.5
1967,72,0.01094333046363602,6.039545138200751e-4,0.05703420892563177,0.0023630475520020804,0.6174350102084007,10.600433172927799,11.334769609632701,1,0.1,1.5
1967,71,0.011436329974013604,5.960661964552616e-4,0.05752596699180183,0.002330089561863822,0.6221315456061584,11.189277724793046,11.95690115523886,1,0.1,1.5
1967,70,0.01190494062748788,5.878005309142691e-4,0.0580128308758008,0.002295647130012269,0.6267379001523178,11.783220665945189,12.583639055391178,1,0.1,1.5
1967,69,0.012344886190564777,5.79164016157726e-4,0.05849522200539331,0.0022597480595534054,0.6312558994790307,12.382194450287743,13.214894954870209,1,0.1,1.5
1967,68,0.012751945479591274,5.701632339426039e-4,0.05897357213170193,0.0022224204303190487,0.6356875139331117,12.986133100930582,13.85058246880332,1,0.1,1.5
1967,67,0.013121987590356252,5.608047818221322e-4,0.059448316516052924,0.0021836923335509448,0.6400348094706683,13.594972305636237,14.490617278273989,1,0.1,1.5
1967,66,0.01345100817199879,5.510952159605335e-4,0.05991988732834229,0.002143591646274045,0.6442999020282756,14.208649469860596,15.134917180302265,1,0.1,1.5
1967,65,0.013735163050711197,5.410409612412756e-4,0.060388702663724377,0.002102145680093312,0.6484848641895589,14.827103681477393,15.783402044491824,1,0.1,1.5
1967,64,0.01397082421089456,5.306451649413222e-4,0.060854791468706995,0.0020593689781115915,0.6525878059739119,15.450271930621138,16.435989850465734,1,0.1,1.5
1967,63,0.014156619385626764,5.199094471505971e-4,0.061317805790417956,0.0020152701865801723,0.6566044727267726,16.07808682925391,17.092594323192507,1,0.1,1.5
1967,62,0.014293555797178744,5.08838712536748e-4,0.06177757396632029,0.0019698707226875165,0.6605341743107969,16.7104799932406,17.753128497503305,1,0.1,1.5
1967,61,0.014381997663121843,4.974371956486839e-4,0.06223385392561486,0.0019231894050295026,0.664375044012281,17.347380902895317,18.417503541515586,1,0.1,1.5
1967,60,0.014422593205688047,4.857092858090546e-4,0.06268635974798947,0.0018752456623784637,0.6681249762233744,17.98871665537043,19.08562851773896,1,0.1,1.5
1967,59,0.014416253186073598,4.7365956649438897e-4,0.06313476371762176,0.0018260596880404754,0.6717816352705508,18.634411723668972,19.757410153009513,1,0.1,1.5
1967,58,0.014364130186678955,4.6129286895503393e-4,0.06357870048716908,0.0017756526484728583,0.6753424867591156,19.284387744021334,20.43275263976863,1,0.1,1.5
1967,57,0.014267588057521598,4.4861433390309957e-4,0.06401777377663286,0.0017240469216809947,0.6788048482153406,19.938563350498374,21.11155748798397,1,0.1,1.5
1967,56,0.014128158199904888,4.356248632456654e-4,0.06445086027601528,0.0016712486639475362,0.6821586044394156,20.596846974024253,21.793716092423384,1,0.1,1.5
1967,55,0.013951118016842803,4.22363609782241e-4,0.06488245378502364,0.0016174105637752362,0.6854547844894098,21.25919589331687,22.479170876912793,1,0.1,1.5
1967,54,0.013713438286392123,4.110450357674183e-4,0.06567945403588327,0.0015709894334860475,0.6924899891000927,21.929243176224304,23.171660866012886,1,0.1,1.5
1967,53,0.011543807283382081,3.9557659560416177e-4,0.06597812270838328,0.0015087028309717586,0.6929857621474399,22.600676040786432,23.864646628160326,1,0.1,1.5
1967,52,0.23087614566764164,0.004442624396736056,1.2268381052192556,0.016416049378449586,12.70123971772572,35.06740076739144,36.56588634588604,20,0.1,1.5
1967,51,0.23087614566764164,2.9032235823338e-4,1.0682089166052304,7.788841528180365e-4,10.85003673654856,45.90631058747117,47.4159230824346,20,0.1,1.5
1967,50,0.23087614566764164,5.40973240719197e-26,1.1846893813485273,0,12.000811243930366,57.90712183140153,59.41673432636497,20,0.1,1.5
1967,49,0.23087614566764164,7.758434509465587e-60,1.3059610417659409,0,13.213527848104503,71.12064967950603,72.63026217446946,20,0.1,1.5
1967,48,0.23087614566764164,4.0336267244206816e-82,1.3924743473557608,0,14.078660904002701,85.19931058350873,86.70892307847217,20,0.1,1.5
1967,47,0.23087614566764164,3.5675475847651043e-84,1.396369797847592,0,14.117615408921013,99.31692599242974,100.82653848739318,20,0.1,1.5
1967,46,0.23087614566764164,3.567547584765148e-124,1.3935797097633276,0,14.08971452807837,113.4066405205081,114.91625301547155,20,0.1,1.5
1967,45,0.23087614566764164,3.567547584765195e-164,1.390795196557244,0,14.061869396017535,127.46850991652563,128.9781224114891,20,0.1,1.5
1967,44,0.23087614566764164,3.5675475847652395e-204,1.3880162470901705,0,14.034079901346798,141.50258981787243,143.01220231283588,20,0.1,1.5
1967,43,0.23087614566764164,3.567547584765284e-244,1.3852428502451928,0,14.006345932897021,155.50893575076944,157.01854824573292,20,0.1,1.5
1967,42,0.23087614566764164,3.567547584765331e-284,1.3824749949276116,0,13.97866737972121,169.48760313049064,170.99721562545412,20,0.1,1.5
1967,41,0.23087614566764164,5e-324,1.3797126700648958,0,13.951044131094053,183.4386472615847,184.94825975654817,20,0.1,1.5
1967,40,0.23087614566764164,0,1.376955864606636,0,13.923476076511454,197.36212333809615,198.87173583305963,20,0.1,1.5
1967,39,0.23087614566764164,0,1.3742045675245025,0,13.895963105690118,211.25808644378625,212.76769893874976,20,0.1,1.5
1967,38,0.23087614566764164,0,1.3714587678122045,0,13.86850510856714,225.1265915523534,226.6362040473169,20,0.1,1.5
1967,37,0.23087614566764164,0,1.3687184544854412,0,13.841101975299505,238.9676935276529,240.4773060226164,20,0.1,1.5
1967,36,0.23087614566764164,0,1.365983616581857,0,13.813753596263664,252.78144712391656,254.29105961888007,20,0.1,1.5
1967,35,0.23087614566764164,0,1.363254243161005,0,13.786459862055144,266.5679069859717,268.0775194809352,20,0.1,1.5
1967,34,0.23087614566764164,0,1.3605303233042967,0,13.75922066348806,280.3271276494598,281.8367401444233,20,0.1,1.5
1967,33,0.23087614566764164,0,1.3578118461149573,0,13.732035891594666,294.0591635410545,295.56877603601794,20,0.1,1.5
1967,32,0.23087614566764164,0,1.3550988007179874,0,13.704905437624967,307.76406897867946,309.2736814736429,20,0.1,1.5
1967,31,0.23087614566764164,0,1.3523911762601157,0,13.677829193046252,321.4418981717257,322.95151066668916,20,0.1,1.5
1967,30,0.23087614566764164,0,1.3496889619097594,0,13.650807049542689,335.09270522126843,336.6023177162318,20,0.1,1.5
1967,29,0.23087614566764164,0,1.3469921468569765,0,13.62383889901486,348.71654412028334,350.2261566152467,20,0.1,1.5
1967,28,0.23087614566764164,0,1.3443007203134227,0,13.596924633579322,362.3134687538627,363.823081248826,20,0.1,1.5
1967,27,0.23087614566764164,0,1.3416146715123134,0,13.570064145568228,375.883532899431,377.3931453943942,20,0.1,1.5
1967,26,0.23087614566764164,0,1.3389339897083745,0,13.543257327528838,389.42679022695984,390.93640272192306,20,0.1,1.5
1967,25,0.23087614566764164,0,1.3362586641778018,0,13.516504072223112,402.943294299183,404.45290679414614,20,0.1,1.5
1967,24,0.23087614566764164,0,1.3335886842182199,0,13.489804272627293,416.4330985718103,417.9427110667734,20,0.1,1.5
1967,23,0.23087614566764164,0,1.3309240391486385,0,13.46315782193148,429.89625639374185,431.4058688887049,20,0.1,1.5
1967,22,0.23087614566764164,0,1.3282647183094072,0,13.436564613539165,443.33282100728104,444.8424335022441,20,0.1,1.5
1967,21,0.23087614566764164,0,1.3256107110621749,0,13.410024541066843,456.74284554834793,458.2524580433109,20,0.1,1.5
1967,20,0.23087614566764164,0,1.3229620067898475,0,13.38353749834357,470.1263830466915,471.6359955416545,20,0.1,1.5
1967,19,0.23087614566764164,0,1.3203185948965452,0,13.357103379410546,483.48348642610205,484.99309892106504,20,0.1,1.5
1967,18,0.23087614566764164,0,1.3176804648075597,0,13.330722078520692,496.81420850462274,498.32382099958573,20,0.1,1.5
1967,17,0.23087614566764164,0,1.3150476059693097,0,13.30439349013819,510.118601994761,511.6282144897239,20,0.1,1.5
1967,16,0.23087614566764164,0,1.312420007849305,0,13.278117508938143,523.396719503699,524.906331998662,20,0.1,1.5
1967,15,0.23087614566764164,0,1.3097976599360985,0,13.25189402980608,536.6486135335051,538.1582260284681,20,0.1,1.5
1967,14,0.23087614566764164,0,1.3071805517392459,0,13.225722947837552,549.8743364813427,551.3839489763056,20,0.1,1.5
1967,13,0.23087614566764164,0,1.3045686727892634,0,13.199604158337728,563.0739406396804,564.5835531346434,20,0.1,1.5
1967,12,0.23087614566764164,0,1.301962012637587,0,13.173537556820964,576.2474781965013,577.7570906914643,20,0.1,1.5
1967,11,0.23087614566764164,0,1.2993605608565306,0,13.1475230390104,589.3950012355117,590.9046137304747,20,0.1,1.5
1967,10,0.23087614566764164,0,1.2967643070392414,0,13.121560500837507,602.5165617363492,604.0261742313122,20,0.1,1.5
1967,9,0.23087614566764164,0,1.2941732407996627,0,13.095649838441721,615.6122115747909,617.121824069754,20,0.1,1.5
1967,8,0.23087614566764164,0,1.2915873517724905,0,13.069790948169999,628.6820025229608,630.1916150179239,20,0.1,1.5
1967,7,0.23087614566764164,0,1.2890066296131302,0,13.043983726576396,641.7259862495372,643.2355987445003,20,0.1,1.5
1967,6,0.23087614566764164,0,1.286431063997657,0,13.018228070421664,654.7442143199588,656.2538268149219,20,0.1,1.5
1967,5,0.23087614566764164,0,1.2838606446227752,0,12.992523876672845,667.7367381966317,669.2463506915948,20,0.1,1.5
1967,4,0.23087614566764164,0,1.2812953612057751,0,12.966871042502845,680.7036092391345,682.2132217340976,20,0.1,1.5
1967,3,0.23087614566764164,0,1.2787352034844934,0,12.941269465290029,693.6448787044245,695.1544911993876,20,0.1,1.5
1967,2,0.011543807283382081,0,5.433522348268514e-4,0,0.013129393870523235,693.6580080982951,695.1676205932581,1,0.1,1.5
1967,1,150,0,1.291006117929986,0,112.91006117929986,806.568069277595,808.077681772558,99999,0.1,1.5
1968,93,4.8244847594487646e-4,0.04662038587387049,0.04662038587387049,0,0.9327293497947063,0,0,1,0.1,1.5
1968,92,6.029918506527495e-4,4.659356224532462e-4,0.04658890288910006,0.0026741093855468055,0.5091519423333035,0.47095037968263487,0.5091519423333035,1,0.1,1.5
1968,91,7.907735232346679e-4,6.725812681039467e-4,0.047217473277670695,0.0026842636983654077,0.5177743520689324,0.9503781074892044,1.026926294402236,1,0.1,1.5
1968,90,0.0010414617850304983,6.771346753907469e-4,0.04784069063315016,0.002681375090981695,0.5241779193846917,1.4362506684313003,1.5511042137869278,1,0.1,1.5
1968,89,0.0013484144448885575,6.76426465693742e-4,0.0484562609800639,0.0026765589952482973,0.530462374495811,1.928476485852136,2.0815665882827386,1,0.1,1.5
1968,88,0.0017028060738419133,6.751954794565538e-4,0.049064960205909926,0.0026700961106394614,0.536680991054885,2.4270132467550285,2.6182475793376234,1,0.1,1.5
1968,87,0.0020938867977229147,6.735226022799957e-4,0.049665092934033185,0.0026618679544406307,0.5428087649583845,2.931795326649975,3.161056344296008,1,0.1,1.5
1968,86,0.0025291127635232425,6.713848748288212e-4,0.05025403524737692,0.0026517756924302536,0.5488227862896005,3.4427356030477148,3.7098791305856085,1,0.1,1.5
1968,85,0.003022913070043806,6.687976377851891e-4,0.05083165908554178,0.002639882142066476,0.55473244464282,3.9597554456610133,4.264611575228429,1,0.1,1.5
1968,84,0.003572266014939471,6.657630133342321e-4,0.05139802366414571,0.0026261980993624486,0.5605364931566035,4.482774823112439,4.825148068385032,1,0.1,1.5
1968,83,0.004172172715696933,6.622855025217878e-4,0.05195348219769834,0.002610743775813087,0.5662354651338051,5.011713948591772,5.391383533518837,1,0.1,1.5
1968,82,0.004815657340267675,6.58371900450576e-4,0.0524986920824233,0.0025935484213895237,0.5718317697897197,5.546495026647356,5.963215303308557,1,0.1,1.5
1968,81,0.0054937872513675535,6.540310121532411e-4,0.053034609199862685,0.002574649167169465,0.5773296293425395,6.08704395360176,6.5405449326510965,1,0.1,1.5
1968,80,0.0061734616341954885,6.492526281782049e-4,0.053562224048817886,0.0025540083059851764,0.5827162408020699,6.633274361461185,7.123261173453166,1,0.1,1.5
1968,79,0.006844604556394974,6.440517732600525e-4,0.054083020850308666,0.002531687507409119,0.5880007603315094,7.185108157401134,7.711261933784675,1,0.1,1.5
1968,78,0.00751361466098227,6.384609451787241e-4,0.054598971792091784,0.002507816902960281,0.5932093595699354,7.742491561214495,8.30447129335461,1,0.1,1.5
1968,77,0.008166211697511217,6.324947905014187e-4,0.05511206579376851,0.0024824561508365473,0.5983534062720384,8.305381308188869,8.902824699626647,1,0.1,1.5
1968,76,0.008787170376952902,6.261677193972926e-4,0.05562442864661181,0.0024556637989026665,0.6034449886576215,8.873745385433594,9.506269688284268,1,0.1,1.5
1968,75,0.009360877582253783,6.194396491358819e-4,0.056133273979579255,0.002427284757845748,0.6084432178826407,9.447513106775581,10.11471290616691,1,0.1,1.5
1968,74,0.00990134123530219,6.122862530291498e-4,0.05663491082050658,0.0023972263106137918,0.613318955043851,10.026585971667807,10.728031861210761,1,0.1,1.5
1968,73,0.010430239219584653,6.047380543608668e-4,0.05713012166730502,0.0023656107007211783,0.6180965286114465,10.610888061697523,11.346128389822207,1,0.1,1.5
1968,72,0.01094333046363602,5.968014331387208e-4,0.05761926739273973,0.0023324654100320827,0.6227771763302383,11.200344303598731,11.968905566152445,1,0.1,1.5
1968,71,0.011436329974013604,5.884830524305081e-4,0.058102736785568605,0.0022978189912304632,0.6273624039516734,11.794880721961398,12.596267970104119,1,0.1,1.5
1968,70,0.01190494062748788,5.797897878122099e-4,0.058580941375216286,0.0022617007849148377,0.6318539499283459,12.394424660676675,13.228121920032464,1,0.1,1.5
1968,69,0.012344886190564777,5.707286550499286e-4,0.05905430949808112,0.0022241406310414746,0.6362537432446604,12.99890496633503,13.864375663277125,1,0.1,1.5
1968,68,0.012751945479591274,5.613067399191882e-4,0.05952327988206853,0.002185168590097463,0.6405638573505208,13.6082521295413,14.504939520627646,1,0.1,1.5
1968,67,0.013121987590356252,5.515311312059575e-4,0.05998829476778906,0.002144814678138444,0.6447864604045465,14.222398380258156,15.149725981032192,1,0.1,1.5
1968,66,0.01345100817199879,5.414088637281165e-4,0.06044979325117796,0.0021031086423097534,0.6489237691062468,14.841277740188549,15.79864975013844,1,0.1,1.5
1968,65,0.013735163050711197,5.309468296357408e-4,0.06090820021348133,0.0020600796148353166,0.6529779545816732,15.46482598598686,16.451627704720114,1,0.1,1.5
1968,64,0.01397082421089456,5.201486961773111e-4,0.061363548234088024,0.0020157441760986997,0.656947197482755,16.092976838096774,17.108574902202868,1,0.1,1.5
1968,63,0.014156619385626764,5.09016641116549e-4,0.06181549155648396,0.001970113160322821,0.660827301951987,16.725659666329864,17.769402204154854,1,0.1,1.5
1968,62,0.014293555797178744,4.975560677972466e-4,0.06226386388959553,0.001923209921742021,0.6646176642255043,17.36280290310191,18.434019868380357,1,0.1,1.5
1968,61,0.014381997663121843,4.857717232138625e-4,0.06270842789147968,0.001875055268597916,0.6683164984261297,18.00433289769093,19.102336366806487,1,0.1,1.5
1968,60,0.014422593205688047,4.736685084527065e-4,0.06314890252760928,0.0018256706115339558,0.6719217812339445,18.650173670188675,19.77425814804043,1,0.1,1.5
1968,59,0.014416253186073598,4.6125151767506273e-4,0.06358496516326012,0.001775078116283439,0.6754312610707834,19.300246672455412,20.449689409111215,1,0.1,1.5
1968,58,0.014364130186678955,4.4852609080776493e-4,0.06401625577923858,0.001723300908457574,0.6788424898981196,19.954470577946996,21.128531899009335,1,0.1,1.5
1968,57,0.014267588057521598,4.354978737592797e-4,0.06444238372967544,0.00167036330594146,0.6821528743480492,20.612761119353024,21.810684773357384,1,0.1,1.5
1968,56,0.014128158199904888,4.221684146193407e-4,0.06486222735597456,0.0016162739753723472,0.6853523580588138,21.275023849192234,22.496037131416198,1,0.1,1.5
1968,55,0.013951118016842803,4.0857627704163146e-4,0.06528031818058894,0.0015611830719101842,0.6884923052338701,21.9412135391131,23.184529436650067,1,0.1,1.5
1968,54,0.013713438286392123,3.968578087291861e-4,0.06606563344885119,0.0015132295436347774,0.6953847696758001,22.61498074387983,23.879914206325868,1,0.1,1.5
1968,53,0.011543807283382081,3.811314736989813e-4,0.06634870060385539,0.0014499899126860002,0.6957083339075983,23.28997493617763,24.575622540233468,1,0.1,1.5
1968,52,0.23087614566764164,0.004148438588579757,1.230819433753346,0.015236406290095518,12.721259100865716,35.79357109004198,37.29688164109918,20,0.1,1.5
1968,51,0.23087614566764164,1.9762426178684294e-4,1.0682968167517743,4.827749831913999e-4,10.84575862605487,46.632432930622684,48.14264026715405,20,0.1,1.5
1968,50,0.23087614566764164,5.409732407191972e-28,1.1845709124103925,0,11.99962655454902,58.6320594851717,60.14226682170307,20,0.1,1.5
1968,49,0.23087614566764164,7.758434509465591e-62,1.3058304456617642,0,13.212221887062736,71.84428137223443,73.3544887087658,20,0.1,1.5
1968,48,0.23087614566764164,4.033626724420684e-84,1.3923350999210253,0,14.077268429655348,85.92154980188978,87.43175713842115,20,0.1,1.5
1968,47,0.23087614566764164,3.567547584765106e-86,1.3962301608678072,0,14.116219039123166,100.03776884101295,101.54797617754431,20,0.1,1.5
1968,46,0.23087614566764164,3.56754758476515e-126,1.3934403517923513,0,14.088320948368606,114.12608978938155,115.63629712591292,20,0.1,1.5
1968,45,0.23087614566764164,3.5675475847651967e-166,1.3906561170375884,0,14.060478600820979,128.18656839020252,129.6967757267339,20,0.1,1.5
1968,44,0.23087614566764164,3.5675475847652415e-206,1.3878774454654614,0,14.032691885099709,142.21926027530222,143.72946761183363,20,0.1,1.5
1968,43,0.23087614566764164,3.567547584765286e-246,1.3851043259601683,0,14.004960690046778,156.224220965349,157.7344283018804,20,0.1,1.5
1968,42,0.23087614566764164,3.5675475847653326e-286,1.382336747428119,0,13.977284904726284,170.20150587007527,171.71171320660667,20,0.1,1.5
1968,41,0.23087614566764164,0,1.3795746987978894,0,13.949664418423987,184.15117028849926,185.66137762503067,20,0.1,1.5
1968,40,0.23087614566764164,0,1.3768181690201753,0,13.922099120646847,198.0732694091461,199.5834767456775,20,0.1,1.5
1968,39,0.23087614566764164,0,1.3740671470677501,0,13.894588901122596,211.9678583102687,213.4780656468001,20,0.1,1.5
1968,38,0.23087614566764164,0,1.3713216219354234,0,13.867133649799328,225.834991960068,227.34519929659945,20,0.1,1.5
1968,37,0.23087614566764164,0,1.3685815826399925,0,13.839733256845019,239.67472521691303,241.18493255344447,20,0.1,1.5
1968,36,0.23087614566764164,0,1.365847018220199,0,13.812387612647083,253.48711282956012,254.99732016609155,20,0.1,1.5
1968,35,0.23087614566764164,0,1.363117917736689,0,13.785096607811983,267.2722094373721,268.78241677390355,20,0.1,1.5
1968,34,0.23087614566764164,0,1.3603942702719662,0,13.757860133164757,281.0300695705369,282.5402769070683,20,0.1,1.5
1968,33,0.23087614566764164,0,1.3576760649303459,0,13.730678079748552,294.7607476502855,296.27095498681683,20,0.1,1.5
1968,32,0.23087614566764164,0,1.3549632908379157,0,13.70355033882425,308.4642979891098,309.9745053256411,20,0.1,1.5
1968,31,0.23087614566764164,0,1.3522559371424898,0,13.676476801869992,322.14077479097983,323.65098212751104,20,0.1,1.5
1968,30,0.23087614566764164,0,1.3495539930135685,0,13.64945736058078,335.79023215156064,337.3004394880918,20,0.1,1.5
1968,29,0.23087614566764164,0,1.3468574476422908,0,13.622491906868001,349.4127240584287,350.9229313949598,20,0.1,1.5
1968,28,0.23087614566764164,0,1.3441662902413913,0,13.595580332859008,363.0083043912877,364.5185117278188,20,0.1,1.5
1968,27,0.23087614566764164,0,1.3414805100451621,0,13.568722530896714,376.5770269221845,378.0872342587155,20,0.1,1.5
1968,26,0.23087614566764164,0,1.3388000963094038,0,13.541918393539131,390.11894531572364,391.6291526522546,20,0.1,1.5
1968,25,0.23087614566764164,0,1.336125038311384,0,13.515167813558934,403.6341131292826,405.14432046581356,20,0.1,1.5
1968,24,0.23087614566764164,0,1.333455325349798,0,13.488470683943074,417.1225838132257,418.63279114975666,20,0.1,1.5
1968,23,0.23087614566764164,0,1.3307909467447236,0,13.46182689789233,430.58441071111804,432.09461804764896,20,0.1,1.5
1968,22,0.23087614566764164,0,1.3281318918375762,0,13.435236348820856,444.0196470599389,445.52985439646983,20,0.1,1.5
1968,21,0.23087614566764164,0,1.3254781499910686,0,13.40869893035578,457.4283459902947,458.9385533268256,20,0.1,1.5
1968,20,0.23087614566764164,0,1.3228297105891687,0,13.38221453633678,470.8105605266315,472.3207678631624,20,0.1,1.5
1968,19,0.23087614566764164,0,1.3201865630370555,0,13.355783060815648,484.16634358744716,485.6765509239781,20,0.1,1.5
1968,18,0.23087614566764164,0,1.317548696761079,0,13.329404398055884,497.49574798550304,499.00595532203397,20,0.1,1.5
1968,17,0.23087614566764164,0,1.3149161012087127,0,13.303078442532222,510.7988264280353,512.3090337645662,20,0.1,1.5
1968,16,0.23087614566764164,0,1.31228876584852,0,13.276805088930294,524.0756315169656,525.5858388534964,20,0.1,1.5
1968,15,0.23087614566764164,0,1.309666680170105,0,13.250584232146142,537.3262157491117,538.8364230856425,20,0.1,1.5
1968,14,0.23087614566764164,0,1.307049833684072,0,13.224415767285812,550.5506315163975,552.0608388529283,20,0.1,1.5
1968,13,0.23087614566764164,0,1.3044382159219845,0,13.19829958966494,563.7489311060624,565.2591384425932,20,0.1,1.5
1968,12,0.23087614566764164,0,1.3018318164363234,0,13.172235594808328,576.9211667008707,578.4313740374015,20,0.1,1.5
1968,11,0.23087614566764164,0,1.299230624800445,0,13.146223678449545,590.0673903793202,591.5775977158511,20,0.1,1.5
1968,10,0.23087614566764164,0,1.2966346306085375,0,13.120263736530468,603.1876541158506,604.6978614523815,20,0.1,1.5
1968,9,0.23087614566764164,0,1.2940438234755827,0,13.09435566520092,616.2820097810514,617.7922171175825,20,0.1,1.5
1968,8,0.23087614566764164,0,1.2914581930373132,0,13.068499360818226,629.3505091418697,630.8607164784007,20,0.1,1.5
1968,7,0.23087614566764164,0,1.288877728950169,0,13.042694719946784,642.3932038618165,643.9034111983475,20,0.1,1.5
1968,6,0.23087614566764164,0,1.2863024208912572,0,13.016941639357666,655.410145501174,656.9203528377052,20,0.1,1.5
1968,5,0.23087614566764164,0,1.2837322585583129,0,12.991240016028222,668.4013855172022,669.9115928537334,20,0.1,1.5
1968,4,0.23087614566764164,0,1.2811672316696545,0,12.965589747141639,681.3669752643439,682.877182600875,20,0.1,1.5
1968,3,0.23087614566764164,0,1.278607329964145,0,12.939990730086544,694.3069659944304,695.8171733309615,20,0.1,1.5
1968,2,0.011543807283382081,0,5.432978996033688e-4,0,0.01312885051828841,694.3200948449487,695.8303021814799,1,0.1,1.5
1968,1,150,0,1.2908770173181932,0,112.90877017318194,807.2288650181306,808.7390723546617,99999,0.1,1.5
1969,94,4.1905823642545445e-4,0.04663875598111587,0.04663875598111587,0,0.9330544917799344,0,0,1,0.1,1.5
1969,93,4.8244847594487646e-4,4.6620385873870514e-4,0.046615723835283104,0.0026757815115373805,0.5093663594223343,0.4711409092575147,0.5093663594223343,1,0.1,1.5
1969,92,6.029918506527495e-4,6.731867026112338e-4,0.04725277134519785,0.002686147260355207,0.5180351073359813,0.9508024843027074,1.0274014667583158,1,0.1,1.5
1969,91,7.907735232346679e-4,6.777917372723914e-4,0.04788381745493428,0.00268342085221208,0.5244778578739195,1.4369457585735972,1.5518793246322353,1,0.1,1.5
1969,90,0.0010414617850304983,6.771151194993313e-4,0.04850625033683228,0.0026787276129535,0.5307954997479102,1.9294737209936001,2.0826748243801454,1,0.1,1.5
1969,89,0.0013484144448885575,6.759040134690118e-4,0.04912055510277797,0.002672342658534602,0.5370398578190803,2.4283372551193287,2.6197146821992257,1,0.1,1.5
1969,88,0.0017028060738419133,6.742759824544309e-4,0.0497275777375492,0.002664291236506912,0.5432150446279345,2.933490996368593,3.1629297268271603,1,0.1,1.5
1969,87,0.0020938867977229147,6.722022146329577e-4,0.05032559341334994,0.0026544511243493073,0.5492946111594915,3.444864877180237,3.712224337986652,1,0.1,1.5
1969,86,0.0025291127635232425,6.696577718558516e-4,0.05091195376695974,0.0026427260031646515,0.555255419180476,3.9623670677440748,4.267479757167128,1,0.1,1.5
1969,85,0.003022913070043806,6.666585118944708e-4,0.05148654645514985,0.0026291810151303,0.5611070538380482,4.485914392794547,4.828586811005176,1,0.1,1.5
1969,84,0.003572266014939471,6.632071549739544e-4,0.052049433386619916,0.0026138294064104615,0.566848336184143,5.015422308887112,5.395435147189319,1,0.1,1.5
1969,83,0.004172172715696933,6.593087989784896e-4,0.05260097279343184,0.0025966938159691015,0.5724798903436503,5.550806573288347,5.96791503753297,1,0.1,1.5
1969,82,0.004815657340267675,6.549708243518867e-4,0.05314182931856244,0.0025778058626777477,0.5780042376942419,6.091985012944336,6.545919275227212,1,0.1,1.5
1969,81,0.0054937872513675535,6.502026019138986e-4,0.05367296803073506,0.0025572049565768568,0.5834257305404039,6.63887924410507,7.129345005767616,1,0.1,1.5
1969,80,0.0061734616341954885,6.449946027780761e-4,0.054195369902909296,0.0025348561857454215,0.5887315173712718,7.191398530251408,7.718076523138889,1,0.1,1.5
1969,79,0.006844604556394974,6.393623945848803e-4,0.05471053442507592,0.00251082337677843,0.5939309432834203,7.749460568152278,8.312007466422308,1,0.1,1.5
1969,78,0.00751361466098227,6.333388351918575e-4,0.05522046612065265,0.002485238023910286,0.5990505263406753,8.313007694151377,8.911057992762984,1,0.1,1.5
1969,77,0.008166211697511217,6.26938985614151e-4,0.05572716862489827,0.002458161419004932,0.6041018089368688,8.881992911388176,9.515159801699854,1,0.1,1.5
1969,76,0.008787170376952902,6.201776269196395e-4,0.05623278215347281,0.0024296535657149522,0.6090970480416306,9.456380622776736,10.124256849741485,1,0.1,1.5
1969,75,0.009360877582253783,6.130155859527958e-4,0.05673448184164274,0.002399563159179551,0.6139950330333561,10.036096182107528,10.738251882774842,1,0.1,1.5
1969,74,0.00990134123530219,6.054294401837395e-4,0.05722855390707798,0.0023678011876399714,0.618766458881485,10.621036909737013,11.357018341656326,1,0.1,1.5
1969,73,0.010430239219584653,5.974500557239033e-4,0.057715811330318584,0.002334491169611773,0.623435980525078,11.211123016410495,11.980454322181405,1,0.1,1.5
1969,72,0.01094333046363602,5.890843668394078e-4,0.05819662181850847,0.0022996627818725936,0.6280049409512256,11.806275631906397,12.60845926313263,1,0.1,1.5
1969,71,0.011436329974013604,5.803395783319209e-4,0.05867138125969767,0.0022633467158992074,0.6324749528758173,12.406417060269368,13.240934216008448,1,0.1,1.5
1969,70,0.01190494062748788,5.712230941068315e-4,0.05914050847730747,0.0022255743917844726,0.6368478626817702,13.011471003068504,13.877782078690219,1,0.1,1.5
1969,69,0.012344886190564777,5.617424443108679e-4,0.059604439224891684,0.0021863776678733124,0.641125707502973,13.621362743887573,14.518907786193191,1,0.1,1.5
1969,68,0.012751945479591274,5.519052149235577e-4,0.06006361970160468,0.002145788561396902,0.6453106684573466,14.23601929003925,15.164218454650538,1,0.1,1.5
1969,67,0.013121987590356252,5.417189808466705e-4,0.060518499607846894,0.002103838984229868,0.649405020245695,14.855369467653091,15.813623474896232,1,0.1,1.5
1969,66,0.01345100817199879,5.311912492147195e-4,0.06096952543243028,0.0020605605199134373,0.6534110844536887,15.479343973250874,16.46703455934992,1,0.1,1.5
1969,65,0.013735163050711197,5.203293720051866e-4,0.06141712929716881,0.0020159840833156462,0.6573311346776757,16.107875335309757,17.124365694027595,1,0.1,1.5
1969,64,0.01397082421089456,5.091375309864481e-4,0.06186134792328929,0.0019701282618337966,0.661163426804789,16.740894072659778,17.785529120832386,1,0.1,1.5
1969,63,0.014156619385626764,4.976184564918707e-4,0.062301838297409026,0.0019230060486158335,0.6649038287763196,17.37832638645587,18.450432949608707,1,0.1,1.5
1969,62,0.014293555797178744,4.857780411134777e-4,0.06273843998364208,0.0018746426890815788,0.6685518272896972,18.020097603901547,19.118984776898404,1,0.1,1.5
1969,61,0.014381997663121843,4.7362153438161765e-4,0.06317092086584002,0.0018250609333685887,0.6721057214924202,18.666131026345845,19.791090498390826,1,0.1,1.5
1969,60,0.014422593205688047,4.61154337968016e-4,0.06359900529024001,0.001774284121316635,0.6755635744380147,19.316347684765052,20.46665407282884,1,0.1,1.5
1969,59,0.014416253186073598,4.483820442476104e-4,0.06402237619581465,0.001722336333406328,0.6789232226209526,19.97066610262306,21.145577295449794,1,0.1,1.5
1969,58,0.014364130186678955,4.353104880224712e-4,0.06444067938077505,0.001669242591595114,0.6821823082161677,20.629002088102155,21.82775960366596,1,0.1,1.5
1969,57,0.014267588057521598,4.2194580522295777e-4,0.06485353031778783,0.0016150290855695463,0.685338330681354,21.291268574703942,22.513097934347314,1,0.1,1.5
1969,56,0.014128158199904888,4.082901779892802e-4,0.06525980962708205,0.0015597069356319349,0.688381297835868,21.957368344887925,23.201479232183182,1,0.1,1.5
1969,55,0.013951118016842803,3.9438153074796236e-4,0.06566408591674842,0.0015034235640850819,0.6913628993064554,22.62725376470745,23.892842131489637,1,0.1,1.5
1969,54,0.013713438286392123,3.8227596399598623e-4,0.06643733427141499,0.0014539920776730011,0.6981097099403664,23.304592159252486,24.59095184143,1,0.1,1.5
1969,53,0.011543807283382081,3.663087929084899e-4,0.06670456321196651,0.0013898698247836257,0.6982598747821993,23.982996750823492,25.2892117162122,1,0.1,1.5
1969,52,0.23087614566764164,0.0038505859584096773,1.2345054533824946,0.014044158111068315,12.738108654012256,36.52047457467763,38.02732037022446,20,0.1,1.5
1969,51,0.23087614566764164,1.226699884157184e-4,1.068310680815897,2.5716836912214464e-4,10.841924772332824,47.35872551316585,48.86924514255728,20,0.1,1.5
1969,50,0.23087614566764164,5.4097324071919746e-30,1.1844524553191516,0,11.99844198363661,59.35716749680246,60.86768712619389,20,0.1,1.5
1969,49,0.23087614566764164,7.758434509465596e-64,1.305699862617198,0,13.210916056617075,72.56808355341953,74.07860318281097,20,0.1,1.5
1969,48,0.23087614566764164,4.033626724420686e-86,1.3921958664110332,0,14.075876094555426,86.64395964797495,88.15447927736639,20,0.1,1.5
1969,47,0.23087614566764164,3.567547584765108e-88,1.3960905378517203,0,14.114822808962296,100.75878245693724,102.2693020863287,20,0.1,1.5
1969,46,0.23087614566764164,3.567547584765152e-128,1.3933010077571721,0,14.086927508016815,114.84570996495405,116.3562295943455,20,0.1,1.5
1969,45,0.23087614566764164,3.5675475847651984e-168,1.3905170514258847,0,14.05908794470394,128.904797909658,130.41531753904945,20,0.1,1.5
1969,44,0.23087614566764164,3.5675475847652436e-208,1.387738657720915,0,14.031304007654244,142.93610191731221,144.4466215467037,20,0.1,1.5
1969,43,0.23087614566764164,3.5675475847652877e-248,1.3849658155275724,0,14.003575585720817,156.93967750303304,158.45019713242453,20,0.1,1.5
1969,42,0.23087614566764164,3.567547584765335e-288,1.382198513753376,0,13.975902567978855,170.9155800710119,172.4260997004034,20,0.1,1.5
1969,41,0.23087614566764164,0,1.3794367413280095,0,13.948284843725189,184.8638649147371,186.3743845441286,20,0.1,1.5
1969,40,0.23087614566764164,0,1.3766804872032732,0,13.920722302477825,198.78458721721492,200.29510684660642,20,0.1,1.5
1969,39,0.23087614566764164,0,1.3739297403530433,0,13.893214833975527,212.67780205119044,214.18832168058194,20,0.1,1.5
1969,38,0.23087614566764164,0,1.37118448977323,0,13.865762328177393,226.54356437936784,228.05408400875933,20,0.1,1.5
1969,37,0.23087614566764164,0,1.3684447244817286,0,13.83836467526238,240.3819290546302,241.8924486840217,20,0.1,1.5
1969,36,0.23087614566764164,0,1.365710433518377,0,13.811021765628864,254.19295082025906,255.70347044965055,20,0.1,1.5
1969,35,0.23087614566764164,0,1.3629816059449154,0,13.783733489894248,267.9766843101533,269.4872039395448,20,0.1,1.5
1969,34,0.23087614566764164,0,1.3602582308449391,0,13.756499738894485,281.7331840490478,283.2437036784393,20,0.1,1.5
1969,33,0.23087614566764164,0,1.3575402973238528,0,13.729320403683623,295.4625044527314,296.97302408212295,20,0.1,1.5
1969,32,0.23087614566764164,0,1.3548277945088318,0,13.702195375533412,309.1646998282649,310.67521945765634,20,0.1,1.5
1969,31,0.23087614566764164,0,1.3521207115487757,0,13.675124545932851,322.83982437419775,324.3503440035892,20,0.1,1.5
1969,30,0.23087614566764164,0,1.3494190376142672,0,13.648107806587765,336.48793218078555,337.99845181017696,20,0.1,1.5
1969,29,0.23087614566764164,0,1.3467227618975266,0,13.62114504942036,350.1090772302059,351.6195968595973,20,0.1,1.5
1969,28,0.23087614566764164,0,1.3440318736123673,0,13.594236166568766,363.7033133967747,365.21383302616607,20,0.1,1.5
1969,27,0.23087614566764164,0,1.3413463619941577,0,13.56738105038667,377.2706944471614,378.7812140765527,20,0.1,1.5
1969,26,0.23087614566764164,0,1.338666216299773,0,13.540579593442823,390.81127404060425,392.32179366999554,20,0.1,1.5
1969,25,0.23087614566764164,0,1.335991425807553,0,13.513831688520623,404.3251057291249,405.83562535851615,20,0.1,1.5
1969,24,0.23087614566764164,0,1.333321979817263,0,13.487137228617724,417.8122429577427,419.32276258713387,20,0.1,1.5
1969,23,0.23087614566764164,0,1.3306578676500491,0,13.460496106945586,431.27273906468827,432.78325869407945,20,0.1,1.5
1969,22,0.23087614566764164,0,1.3279990786483924,0,13.433908216929018,444.70664728161734,446.21716691100846,20,0.1,1.5
1969,21,0.23087614566764164,0,1.3253456021760694,0,13.407373452205789,458.11402073382317,459.62454036321424,20,0.1,1.5
1969,20,0.23087614566764164,0,1.3226974276181098,0,13.380891706626192,471.4949124404494,473.0054320698404,20,0.1,1.5
1969,19,0.23087614566764164,0,1.3200545443807519,0,13.354462874252613,484.84937531470206,486.359894944093,20,0.1,1.5
1969,18,0.23087614566764164,0,1.3174169418914028,0,13.328086849359122,498.1774621640612,499.68798179345214,20,0.1,1.5
1969,17,0.23087614566764164,0,1.3147846095985918,0,13.301763526431012,511.47922569049223,512.9897453198831,20,0.1,1.5
1969,16,0.23087614566764164,0,1.3121575369719352,0,13.275492800164445,524.7547184906566,526.2652381200476,20,0.1,1.5
1969,15,0.23087614566764164,0,1.309535713502088,0,13.249274565465974,538.0039930561226,539.5145126855135,20,0.1,1.5
1969,14,0.23087614566764164,0,1.3069191287007036,0,13.22310871745213,551.2271017735746,552.7376214029656,20,0.1,1.5
1969,13,0.23087614566764164,0,1.3043077721003924,0,13.196995151449018,564.4240969250236,565.9346165544147,20,0.1,1.5
1969,12,0.23087614566764164,0,1.3017016332546798,0,13.170933762991892,577.5950306880154,579.1055503174066,20,0.1,1.5
1969,11,0.23087614566764164,0,1.299100701737965,0,13.144924447824744,590.7399551358401,592.2504747652314,20,0.1,1.5
1969,10,0.23087614566764164,0,1.2965049671454767,0,13.11896710189986,603.8589222377399,605.3694418671313,20,0.1,1.5
1969,9,0.23087614566764164,0,1.293914419093235,0,13.093061621377444,616.9519838591173,618.4625034885087,20,0.1,1.5
1969,8,0.23087614566764164,0,1.2913290472180095,0,13.067207902625189,630.0191917617424,631.5297113911339,20,0.1,1.5
1969,7,0.23087614566764164,0,1.2887488411772738,0,13.041405842217833,643.0605976039602,644.5711172333517,20,0.1,1.5
1969,6,0.23087614566764164,0,1.2861737906491681,0,13.015655336936776,656.076252940897,657.5867725702885,20,0.1,1.5
1969,5,0.23087614566764164,0,1.283603885332457,0,12.989956283769663,669.0662092246666,670.5767288540582,20,0.1,1.5
1969,4,0.23087614566764164,0,1.2810391149464875,0,12.964308579909968,682.0305178045766,683.5410374339681,20,0.1,1.5
1969,3,0.23087614566764164,0,1.2784794692311485,0,12.938712122756579,694.9692299273331,696.4797495567246,20,0.1,1.5
1969,2,0.011543807283382081,0,5.432435698134085e-4,0,0.013128307220388807,694.9823582345535,696.4928778639451,1,0.1,1.5
1969,1,150,0,1.2907479296164615,0,112.90747929616461,807.8898375307182,809.4003571601097,99999,0.1,1.5
1970,95,3.6499349100483974e-4,0.046648400319441355,0.046648400319441355,0,0.9332113353828303,0,0,1,0.1,1.5
1970,94,4.1905823642545445e-4,4.66387559811159e-4,0.04663409210551776,0.0026729337285861196,0.5094689363621364,0.4712841688109062,0.5094689363621364,1,0.1,1.5
1970,93,4.8244847594487646e-4,6.736074164717322e-4,0.047280007640783925,0.0026835641896125946,0.518194414170033,0.9511419517007593,1.0276633505321695,1,0.1,1.5
1970,92,6.029918506527495e-4,6.78268682114914e-4,0.04791958288315213,0.002681042120921909,0.5246811119472281,1.4375224619205316,1.5523444624793976,1,0.1,1.5
1970,91,7.907735232346679e-4,6.77633130425744e-4,0.0485498842862418,0.0026765246573203327,0.5310384230486461,1.9303248184360302,2.0833828855280436,1,0.1,1.5
1970,90,0.0010414617850304983,6.764530544333683e-4,0.04917108161503697,0.0026702793266822544,0.5373165020754226,2.429494472987421,2.6206993876034663,1,0.1,1.5
1970,89,0.0013484144448885575,6.748447047683407e-4,0.04978372871190134,0.002662325246734822,0.5435178949404532,2.9349791501173765,3.1642172825439197,1,0.1,1.5
1970,88,0.0017028060738419133,6.728155689512724e-4,0.05038867778890217,0.0026526835094906323,0.5496456163347715,3.4467292877451388,3.7138628988786913,1,0.1,1.5
1970,87,0.0020938867977229147,6.703348032336564e-4,0.050984173635095935,0.0026412343983614936,0.5556729288917038,3.9646702966602496,4.269535827770395,1,0.1,1.5
1970,86,0.0025291127635232425,6.673780785097213e-4,0.05156754407237421,0.002627884525947883,0.5615765041980627,4.488705593344771,4.831112331968457,1,0.1,1.5
1970,85,0.003022913070043806,6.639618389015198e-4,0.05213869305428691,0.0026127012844081587,0.5673661283748872,5.018747417656685,5.398478460343345,1,0.1,1.5
1970,84,0.003572266014939471,6.600894231523549e-4,0.052697685794883875,0.0025957004005842657,0.5730406971510495,5.554706680513673,5.971519157494394,1,0.1,1.5
1970,83,0.004172172715696933,6.557665419820603e-4,0.05324488615014477,0.0025769069458714752,0.578600931767992,6.096494655912073,6.5501200892623865,1,0.1,1.5
1970,82,0.004815657340267675,6.510011739129558e-4,0.05378096660130002,0.0025563548880332345,0.5840494715223068,6.644024771891048,7.134169560784693,1,0.1,1.5
1970,81,0.0054937872513675535,6.458032651633532e-4,0.0543069019730762,0.002534085873422423,0.589390803979818,7.197214349107688,7.723560364764511,1,0.1,1.5
1970,80,0.0061734616341954885,6.401639924641362e-4,0.05482366441235536,0.002510067902839151,0.5946120380353607,7.755968274245347,8.318172402799872,1,0.1,1.5
1970,79,0.006844604556394974,6.340994681404564e-4,0.05533276921582802,0.00248436685302635,0.5997227115871816,8.320200030789294,8.917895114387054,1,0.1,1.5
1970,78,0.00751361466098227,6.276428943294901e-4,0.05583625358001816,0.00245711531680391,0.6047496885670444,8.889848071973425,9.5226448029541,1,0.1,1.5
1970,77,0.008166211697511217,6.208097446073745e-4,0.056336136262787016,0.0024283761059626287,0.6097046884336557,9.464861673179044,10.132349491387755,1,0.1,1.5
1970,76,0.008787170376952902,6.136151676979345e-4,0.0568345722666862,0.0023982105639966072,0.6146001388427139,10.045201661107521,10.74694963023047,1,0.1,1.5
1970,75,0.009360877582253783,6.060209456544158e-4,0.057328699183253465,0.0023664715228585015,0.6193945223847503,10.630789447451436,11.36634415261522,1,0.1,1.5
1970,74,0.00990134123530219,5.980045913118302e-4,0.05781478134859726,0.00233307388539622,0.6240583804901907,11.221518201007395,11.99040253310541,1,0.1,1.5
1970,73,0.010430239219584653,5.895972929601823e-4,0.05829366254158849,0.00229814217344092,0.6286166936362706,11.81730429216594,12.619019226741681,1,0.1,1.5
1970,72,0.01094333046363602,5.808065391365425e-4,0.058765717851794776,0.002261708191814141,0.6330709145776534,12.418065089717675,13.252090141319334,1,0.1,1.5
1970,71,0.011436329974013604,5.71640074758121e-4,0.0592313508005465,0.0022238046965786934,0.6374227672582746,13.023719218453397,13.889512908577608,1,0.1,1.5
1970,70,0.01190494062748788,5.621058288871865e-4,0.05969098802440586,0.0021844651065269626,0.641674209996879,13.634186784071321,14.531187118574486,1,0.1,1.5
1970,69,0.012344886190564777,5.522118414114368e-4,0.06014507319793752,0.0021437232117903424,0.6458273918318234,14.249389558591854,15.177014510406309,1,0.1,1.5
1970,68,0.012751945479591274,5.419661924984611e-4,0.06059406047998375,0.0021016128947029793,0.649884605064116,14.869251122303071,15.826899115470425,1,0.1,1.5
1970,67,0.013121987590356252,5.313769358659338e-4,0.06103840750394358,0.0020581678670282665,0.6538482342254031,15.493696958428071,16.48074734969583,1,0.1,1.5
1970,66,0.01345100817199879,5.204520424705065e-4,0.0614785686098654,0.002013421449144413,0.6577207088638974,16.12265450373276,17.138468058559727,1,0.1,1.5
1970,65,0.013735163050711197,5.091993145489634e-4,0.06191498360506801,0.001967406236299515,0.6615044079390178,16.756053108296072,17.799972466498744,1,0.1,1.5
1970,64,0.01397082421089456,4.976234407683137e-4,0.06234769385395541,0.0019201427439210308,0.6651976663819437,17.39382016405057,18.465170132880687,1,0.1,1.5
1970,63,0.014156619385626764,4.8572769671887707e-4,0.06277635962573325,0.001871646053179951,0.6687964202413192,18.035878783532176,19.133966553122004,1,0.1,1.5
1970,62,0.014293555797178744,4.735184526815295e-4,0.06320082681191411,0.0018219431983499726,0.6723002498205035,18.682151273376252,19.806266802942506,1,0.1,1.5
1970,61,0.014381997663121843,4.6100144868596333e-4,0.06362086900709558,0.0017710587706350953,0.675707542580398,19.33255797637615,20.481974345522904,1,0.1,1.5
1970,60,0.014422593205688047,4.4818257370883894e-4,0.06403621642004015,0.0017190179329513186,0.6790164511167769,19.987017028450765,21.16099079663968,1,0.1,1.5
1970,59,0.014416253186073598,4.350679037940581e-4,0.06444655804154666,0.0016658465688730523,0.6822249030375475,20.645444123361557,21.843215699677227,1,0.1,1.5
1970,58,0.014364130186678955,4.216637527790032e-4,0.06485154596073575,0.0016115714791771758,0.685330633628798,21.307752307287824,22.528546333306025,1,0.1,1.5
1970,57,0.014267588057521598,4.0797672944461614e-4,0.06525080223614843,0.0015562206015730948,0.6883312379072272,21.973851822315435,23.216877571213253,1,0.1,1.5
1970,56,0.014128158199904888,3.9400963568787654e-4,0.06564321038002734,0.0014998074146835437,0.691216792500187,22.643642794605856,23.908094363713438,1,0.1,1.5
1970,55,0.013951118016842803,3.797997063287501e-4,0.06603337539917802,0.0014424762198423481,0.6940392995402344,23.317075291005484,24.60213366325367,1,0.1,1.5
1970,54,0.013713438286392123,3.6732077905821017e-4,0.0667941885574061,0.0013916978620800453,0.7006387835852861,23.997832676561053,25.302772446838958,1,0.1,1.5
1970,53,0.011543807283382081,3.5113054412499133e-4,0.06704536021184122,0.001326855746233137,0.7006158611709616,24.67949345564297,26.00338830800992,1,0.1,1.5
1970,52,0.23087614566764164,0.0035495453873511757,1.2378930423649235,0.012827764392121362,12.751597084998146,37.247836763610806,38.75498539300807,20,0.1,1.5
1970,51,0.23087614566764164,6.551879216469334e-5,1.0682681418400959,1.0230667665511207e-4,10.838715560719915,48.0850908003785,49.59370095372799,20,0.1,1.5
1970,50,0.23087614566764164,5.409732407191977e-32,1.1843340100736197,0,11.99725753118129,60.082348331559785,61.59095848490928,20,0.1,1.5
1970,49,0.23087614566764164,7.758434509465599e-66,1.3055692926309364,0,13.209610356754457,73.29195868831424,74.80056884166373,20,0.1,1.5
1970,48,0.23087614566764164,4.033626724420688e-88,1.3920566468243922,0,14.074483898689016,87.36644258700325,88.87505274035274,20,0.1,1.5
1970,47,0.23087614566764164,3.56754758476511e-90,1.3959509287979353,0,14.113426718424446,101.47986930542768,102.98847945877719,20,0.1,1.5
1970,46,0.23087614566764164,3.567547584765154e-130,1.3931616776563964,0,14.085534207009058,115.56540351243675,117.07401366578625,20,0.1,1.5
1970,45,0.23087614566764164,3.5675475847652e-170,1.3903779997207422,0,14.057697427652515,129.62310094008924,131.13171109343878,20,0.1,1.5
1970,44,0.23087614566764164,3.5675475847652457e-210,1.3875998838551429,0,14.029916268996523,143.65301720908576,145.1616273624353,20,0.1,1.5
1970,43,0.23087614566764164,3.5675475847652895e-250,1.3848273189460196,0,14.00219061990529,157.65520782899105,159.1638179823406,20,0.1,1.5
1970,42,0.23087614566764164,3.567547584765337e-290,1.3820602939020008,0,13.974520369465102,171.62972819845615,173.1383383518057,20,0.1,1.5
1970,41,0.23087614566764164,0,1.3792987976538766,0,13.946905406983861,185.57663360544,187.08524375878955,20,0.1,1.5
1970,40,0.23087614566764164,0,1.3765428191545528,0,13.919345621990622,199.49597922743064,201.00458938078017,20,0.1,1.5
1970,39,0.23087614566764164,0,1.373792347379008,0,13.891840904235172,213.38782013166582,214.89643028501536,20,0.1,1.5
1970,38,0.23087614566764164,0,1.3710473713242526,0,13.86439114368762,227.25221127535343,228.76082142870297,20,0.1,1.5
1970,37,0.23087614566764164,0,1.3683078800092805,0,13.836996230537899,241.08920750589132,242.59781765924086,20,0.1,1.5
1970,36,0.23087614566764164,0,1.365573862475025,0,13.809656055195346,254.89886356108667,256.4074737144362,20,0.1,1.5
1970,35,0.23087614566764164,0,1.3628453077843208,0,13.782370508288302,268.681234069375,270.1898442227245,20,0.1,1.5
1970,34,0.23087614566764164,0,1.3601222050218547,0,13.75513948066364,282.4363735500387,283.9449837033881,20,0.1,1.5
1970,33,0.23087614566764164,0,1.3574045432941204,0,13.727962863386297,296.164336413425,297.67294656677444,20,0.1,1.5
1970,32,0.23087614566764164,0,1.354692311729381,0,13.700840547738904,309.86517696116397,311.37378711451333,20,0.1,1.5
1970,31,0.23087614566764164,0,1.3519854994776208,0,13.673772425221301,323.5389493863853,325.0475595397346,20,0.1,1.5
1970,30,0.23087614566764164,0,1.3492840957105057,0,13.64675838755015,337.18570777393546,338.69431792728477,20,0.1,1.5
1970,29,0.23087614566764164,0,1.346588089621337,0,13.619798326658463,350.80550610059396,352.3141162539432,20,0.1,1.5
1970,28,0.23087614566764164,0,1.3438974704250062,0,13.592892134695155,364.39839823528916,365.90700838863836,20,0.1,1.5
1970,27,0.23087614566764164,0,1.3412122273579583,0,13.566039704024677,377.9644379393139,379.473048092663,20,0.1,1.5
1970,26,0.23087614566764164,0,1.338532349678143,0,13.539240927226523,391.50367886654044,393.0122890198895,20,0.1,1.5
1970,25,0.23087614566764164,0,1.335857826664972,0,13.512495697094815,405.0161745636353,406.52478471698436,20,0.1,1.5
1970,24,0.23087614566764164,0,1.3331886476192814,0,13.485803906637907,418.50197847027323,420.01058862362225,20,0.1,1.5
1970,23,0.23087614566764164,0,1.330524801863284,0,13.459165449077934,431.9611439193512,433.4697540727002,20,0.1,1.5
1970,22,0.23087614566764164,0,1.3278662787405275,0,13.432580217850369,445.39372413720156,446.9023342905506,20,0.1,1.5
1970,21,0.23087614566764164,0,1.3252130676158518,0,13.406048106603611,458.7997722438052,460.3083823971542,20,0.1,1.5
1970,20,0.23087614566764164,0,1.3225651578753481,0,13.379569009198574,472.17934125300377,473.6879514063528,20,0.1,1.5
1970,19,0.23087614566764164,0,1.3199225389263138,0,13.353142819708232,485.532484072712,487.04109422606103,20,0.1,1.5
1970,18,0.23087614566764164,0,1.3172852001972137,0,13.326769432417231,498.8592535051293,500.36786365847826,20,0.1,1.5
1970,17,0.23087614566764164,0,1.314653131137632,0,13.300448741821413,512.1597022469507,513.6683124002997,20,0.1,1.5
1970,16,0.23087614566764164,0,1.312026321218238,0,13.274180642627472,525.4338828895782,526.9424930429271,20,0.1,1.5
1970,15,0.23087614566764164,0,1.3094047599307377,0,13.247965029752471,538.6818479193306,540.1904580726796,20,0.1,1.5
1970,14,0.23087614566764164,0,1.3067884367878335,0,13.22180179832343,551.903649717654,553.412259871003,20,0.1,1.5
1970,13,0.23087614566764164,0,1.3041773413231823,0,13.195690843676918,565.0993405613309,566.60795071468,20,0.1,1.5
1970,12,0.23087614566764164,0,1.3015714630913544,0,13.169632061358637,578.2689726226895,579.7775827760386,20,0.1,1.5
1970,11,0.23087614566764164,0,1.2989707916677913,0,13.143625347123006,591.4125979698125,592.9212081231616,20,0.1,1.5
1970,10,0.23087614566764164,0,1.2963753166487622,0,13.117670596932715,604.5302685667452,606.0388787200943,20,0.1,1.5
1970,9,0.23087614566764164,0,1.2937850276513256,0,13.09176770695835,617.6220362737035,619.1306464270526,20,0.1,1.5
1970,8,0.23087614566764164,0,1.2911999143132877,0,13.06591657357797,630.6879528472815,632.1965630006306,20,0.1,1.5
1970,7,0.23087614566764164,0,1.2886199662931561,0,13.040117093376654,643.7280699406581,645.2366800940073,20,0.1,1.5
1970,6,0.23087614566764164,0,1.2860451732701033,0,13.014369163146126,656.7424391038041,658.2510492571535,20,0.1,1.5
1970,5,0.23087614566764164,0,1.2834755249439238,0,12.988672679884331,669.7311117836884,671.2397219370378,20,0.1,1.5
1970,4,0.23087614566764164,0,1.2809110110349928,0,12.963027540795022,682.6941393244834,684.2027494778328,20,0.1,1.5
1970,3,0.23087614566764164,0,1.2783516212842254,0,12.937433643287347,695.6315729677708,697.1401831211201,20,0.1,1.5
1970,2,0.011543807283382081,0,5.431892454564271e-4,0,0.013127763976818991,695.6447007317477,697.153310885097,1,0.1,1.5
1970,1,150,0,1.2906188548234998,0,112.906188548235,808.5508892799827,810.059499433332,99999,0.1,1.5
1971,96,3.15752856364506e-4,0.04658943120638093,0.04658943120638093,0,0.9319991260318615,0,0,1,0.1,1.5
1971,95,3.6499349100483974e-4,4.664840031944138e-4,0.046643735479409414,0.002630740035923399,0.508927524333233,0.47134552382004147,0.508927524333233,1,0.1,1.5
1971,94,4.1905823642545445e-4,6.728973077446415e-4,0.047297662128453745,0.0026416398615704247,0.5177226788277497,0.9513304903396423,1.0266502031609828,1,0.1,1.5
1971,93,4.8244847594487646e-4,6.77627121567866e-4,0.047946170687423,0.002639507222320153,0.5242668564403502,1.4378901007468474,1.5509170596013329,1,0.1,1.5
1971,92,6.029918506527495e-4,6.770432170516263e-4,0.04858505145509429,0.0026353439424811886,0.5306707118954351,1.9309130420354086,2.081587771496768,1,0.1,1.5
1971,91,7.907735232346679e-4,6.759074956343406e-4,0.04921416046214326,0.002629450598045479,0.5369914418986774,2.4303409039620076,2.6185792133954457,1,0.1,1.5
1971,90,0.0010414617850304983,6.743343622148972e-4,0.049833734338546036,0.002621838437788581,0.5432298296898475,2.936115898826304,3.1618090430852934,1,0.1,1.5
1971,89,0.0013484144448885575,6.723297587313889e-4,0.05044433165071386,0.0026125221465836393,0.5493873020089063,3.4481814558840154,3.7111963450941996,1,0.1,1.5
1971,88,0.0017028060738419133,6.698990330621708e-4,0.05104680979849594,0.002601524168865579,0.555466923348603,3.9664837482488244,4.2666632684428025,1,0.1,1.5
1971,87,0.0020938867977229147,6.6701194762271e-4,0.051639383817322804,0.0025887290981882406,0.5614417264411024,4.4909436304300945,4.828104994883905,1,0.1,1.5
1971,86,0.0025291127635232425,6.636449122720679e-4,0.05221935844945395,0.0025740477291510146,0.5672882192093853,5.021459739223037,5.39539321409329,1,0.1,1.5
1971,85,0.003022913070043806,6.598149394910549e-4,0.05278665450608352,0.0025575485490512044,0.5730163776793635,5.557939709058812,5.968409591772653,1,0.1,1.5
1971,84,0.003572266014939471,6.555259943775899e-4,0.053341341126450455,0.0025392493764762694,0.5786251729774248,6.100289890943718,6.547034764750078,1,0.1,1.5
1971,83,0.004172172715696933,6.507844018876894e-4,0.05388378839799763,0.0025191771834336273,0.5841154219536077,6.648417067419703,7.131150186703686,1,0.1,1.5
1971,82,0.004815657340267675,6.455987337474382e-4,0.0544146772266482,0.002497367620685162,0.5894898781263037,7.202230265250504,7.72064006482999,1,0.1,1.5
1971,81,0.0054937872513675535,6.399795010072393e-4,0.05493499275123449,0.0024738637911064674,0.5947531586581832,7.761642512607167,8.315393223488172,1,0.1,1.5
1971,80,0.0061734616341954885,6.339186156344291e-4,0.05544569902162391,0.0024486369025216465,0.5998923446409277,8.326554330069213,8.9152855681291,1,0.1,1.5
1971,79,0.006844604556394974,6.274327079379921e-4,0.055948327652163024,0.002421753737636065,0.6049171552715029,8.896875003374486,9.520202723400603,1,0.1,1.5
1971,78,0.00751361466098227,6.205552581442724e-4,0.05644494878386114,0.0023933458829420856,0.6098547723313101,9.472539120235194,10.130057495731913,1,0.1,1.5
1971,77,0.008166211697511217,6.133021239367309e-4,0.056937596675651396,0.002363476595774762,0.6147170804957662,10.05349224936275,10.74477457622768,1,0.1,1.5
1971,76,0.008787170376952902,6.056887926761312e-4,0.05742844145045869,0.002332207514386024,0.619516666221498,10.639691665378733,11.364291242449179,1,0.1,1.5
1971,75,0.009360877582253783,5.976780901711695e-4,0.05791458419404977,0.0022993975602228914,0.6242117444716578,11.23105487327578,11.988502986920837,1,0.1,1.5
1971,74,0.00990134123530219,5.892485172621733e-4,0.05839226834181145,0.0022649665711121144,0.628772728049206,11.827470936023383,12.617275714970043,1,0.1,1.5
1971,73,0.010430239219584653,5.804315162898318e-4,0.05886236871869457,0.0022290380778821907,0.6332248962755032,12.428852431186284,13.250500611245547,1,0.1,1.5
1971,72,0.01094333046363602,5.712351133449006e-4,0.059325268327963136,0.00219164535720138,0.6375698074440954,13.035113019241788,13.888070418689642,1,0.1,1.5
1971,71,0.011436329974013604,5.616675748922545e-4,0.05978137883961111,0.0021528225596793146,0.6418092921231281,13.646167703369496,14.52987971081277,1,0.1,1.5
1971,70,0.01190494062748788,5.517373349206126e-4,0.06023113520223516,0.0021126044235857512,0.6459454156506318,14.261933055826047,15.175825126463401,1,0.1,1.5
1971,69,0.012344886190564777,5.414529213616999e-4,0.06067498949356531,0.0020710259870519504,0.6499804338056268,14.88232740410236,15.825805560269028,1,0.1,1.5
1971,68,0.012751945479591274,5.308228856007295e-4,0.0611134042976115,0.0020281223135242667,0.653916744726006,15.507270972920876,16.479722304995036,1,0.1,1.5
1971,67,0.013121987590356252,5.198557361157259e-4,0.06154684562995025,0.001983928234504583,0.657756837309058,16.13668597830844,17.137479142304095,1,0.1,1.5
1971,66,0.01345100817199879,5.085598827108083e-4,0.061975776115290516,0.0019384781342574589,0.6615032435364522,16.770496677069783,17.798982385840546,1,0.1,1.5
1971,65,0.013735163050711197,4.969435522203684e-4,0.06240064366578238,0.001891805627482776,0.6651584422254935,17.408629324616953,18.46414082806604,1,0.1,1.5
1971,64,0.01397082421089456,4.8501192038794086e-4,0.06282149477055027,0.0018439326634499902,0.6687208449087878,18.051008274333597,19.132861672974826,1,0.1,1.5
1971,63,0.014156619385626764,4.727687902621765e-4,0.06323799350306566,0.0017948759883523657,0.6721864547382538,18.69755364352396,19.80504812771308,1,0.1,1.5
1971,62,0.014293555797178744,4.6022098411430844e-4,0.06364999252882042,0.0017446638366035944,0.6755549414218035,19.34818481585143,20.480603069134883,1,0.1,1.5
1971,61,0.014381997663121843,4.4737470714563345e-4,0.06405727161285366,0.0016933220842174576,0.6788247771308948,20.002819277493504,21.15942784626578,1,0.1,1.5
1971,60,0.014422593205688047,4.3423630897491803e-4,0.06445956728163597,0.0016408771519369422,0.681994200213762,20.66137237553674,21.84142204647954,1,0.1,1.5
1971,59,0.014416253186073598,4.2081232125620367e-4,0.06485657502796076,0.0015873561502722116,0.6850612253820122,21.323757084486292,22.52648327186155,1,0.1,1.5
1971,58,0.014364130186678955,4.07109507322084e-4,0.06524795367593397,0.0015327870692554003,0.6880236767558999,21.989883803109972,23.21450694861745,1,0.1,1.5
1971,57,0.014267588057521598,3.931349176877199e-4,0.0656333323063181,0.0014771989889456687,0.690879240310963,22.65966020072171,23.905386188928414,1,0.1,1.5
1971,56,0.014128158199904888,3.788919500277647e-4,0.06601159791266022,0.0014206073244616372,0.6936180611096017,23.332983871481858,24.599004250038014,1,0.1,1.5
1971,55,0.013951118016842803,3.6441705202387454e-4,0.06638739111659868,0.0013631511647992606,0.6962924150993481,24.009802698512644,25.29529666513736,1,0.1,1.5
1971,54,0.013713438286392123,3.515976733105934e-4,0.06713543360407037,0.001311865287031702,0.7027535376366192,24.69381530347738,25.99805020277398,1,0.1,1.5
1971,53,0.011543807283382081,3.3522524199953416e-4,0.06737036961237833,0.0012473187025101098,0.7025706586733206,25.378567123543412,26.7006208614473,1,0.1,1.5
1971,52,0.23087614566764164,0.003242436551903852,1.2409761941587174,0.011482906313339675,12.760145256313303,37.974670861094715,39.460766117760606,20,0.1,1.5
1971,51,0.23087614566764164,2.623185708542495e-5,1.0681868916950756,1.890853945005948e-5,10.836318787958847,48.810719527061416,50.29708490571945,20,0.1,1.5
1971,50,0.23087614566764164,5.4097324071919805e-34,1.1842155766726123,0,11.996073197171217,60.80679272423263,62.29315810289067,20,0.1,1.5
1971,49,0.23087614566764164,7.758434509465603e-68,1.3054387357016732,0,13.208304787461826,74.01509751169445,75.5014628903525,20,0.1,1.5
1971,48,0.23087614566764164,4.03362672442069e-90,1.3919174411597097,0,14.07309184204219,88.08818935373664,89.57455473239469,20,0.1,1.5
1971,47,0.23087614566764164,3.567547584765112e-92,1.3958113337050555,0,14.112030767495648,102.20022012123228,103.68658549989034,20,0.1,1.5
1971,46,0.23087614566764164,3.567547584765156e-132,1.3930223614886308,0,14.084141045331402,116.28436116656367,117.77072654522175,20,0.1,1.5
1971,45,0.23087614566764164,3.567547584765202e-172,1.39023896192077,0,14.056307049652794,130.34066821621647,131.82703359487454,20,0.1,1.5
1971,44,0.23087614566764164,3.567547584765248e-212,1.3874611238667574,0,14.028528669112667,144.36919688532913,145.8555622639872,20,0.1,1.5
1971,43,0.23087614566764164,3.5675475847652915e-252,1.384688836214125,0,14.000805792586343,158.37000267791547,159.85636805657353,20,0.1,1.5
1971,42,0.23087614566764164,3.567547584765339e-292,1.3819220878726106,0,13.9731383091712,172.34314098708666,173.82950636574472,20,0.1,1.5
1971,41,0.23087614566764164,0,1.3791608677741112,0,13.945526108186206,186.28866709527287,187.77503247393093,20,0.1,1.5
1971,40,0.23087614566764164,0,1.3764051648726374,0,13.917969079171469,200.20663617444433,201.6930015531024,20,0.1,1.5
1971,39,0.23087614566764164,0,1.37365496814427,0,13.890467111887794,214.09710328633213,215.5834686649902,20,0.1,1.5
1971,38,0.23087614566764164,0,1.3709102665871202,0,13.863020096316296,227.96012338264842,229.44648876130648,20,0.1,1.5
1971,37,0.23087614566764164,0,1.3681710492212795,0,13.835627922657888,241.7957513053063,243.28211668396438,20,0.1,1.5
1971,36,0.23087614566764164,0,1.3654373050887776,0,13.80829048133287,255.6040417866392,257.0904071652972,20,0.1,1.5
1971,35,0.23087614566764164,0,1.3627090232535424,0,13.781007662980517,269.3850494496197,270.87141482827775,20,0.1,1.5
1971,34,0.23087614566764164,0,1.3599861928013526,0,13.753779358458619,283.13882880807836,284.6251941867364,20,0.1,1.5
1971,33,0.23087614566764164,0,1.357268802839791,0,13.726605458843004,296.8654342669214,298.3517996455794,20,0.1,1.5
1971,32,0.23087614566764164,0,1.354556842498208,0,13.699485855427174,310.5649201223486,312.05128550100653,20,0.1,1.5
1971,31,0.23087614566764164,0,1.351850300927673,0,13.672420439721824,324.23734056207047,325.72370594072834,20,0.1,1.5
1971,30,0.23087614566764164,0,1.3491491673009346,0,13.64540910345444,337.88274966552495,339.36911504418276,20,0.1,1.5
1971,29,0.23087614566764164,0,1.3464534308123748,0,13.618451738568842,351.5012014040938,352.9875667827516,20,0.1,1.5
1971,28,0.23087614566764164,0,1.3437630806779637,0,13.59154823722473,365.09274964131856,366.57911501997637,20,0.1,1.5
1971,27,0.23087614566764164,0,1.3410781061352226,0,13.56469849179732,378.6574481331159,380.1438135117737,20,0.1,1.5
1971,26,0.23087614566764164,0,1.3383984964431752,0,13.537902394876847,392.1953505279928,393.68171590665054,20,0.1,1.5
1971,25,0.23087614566764164,0,1.3357242408823056,0,13.51115983926815,405.70651036726093,407.1928757459187,20,0.1,1.5
1971,24,0.23087614566764164,0,1.3330553287545195,0,13.48447071799029,419.1909810852512,420.677346463909,20,0.1,1.5
1971,23,0.23087614566764164,0,1.3303917493830977,0,13.45783492427607,432.6488160095273,434.13518138818506,20,0.1,1.5
1971,22,0.23087614566764164,0,1.3277334921126536,0,13.43125235157163,446.08006836109894,447.5664337397567,20,0.1,1.5
1971,21,0.23087614566764164,0,1.3250805463090902,0,13.404722893535997,459.48479125463496,460.9711566332927,20,0.1,1.5
1971,20,0.23087614566764164,0,1.3224329013595606,0,13.3782464440407,472.86303769867567,474.3494030773334,20,0.1,1.5
1971,19,0.23087614566764164,0,1.3197905466724211,0,13.351822897169304,486.214860595845,487.70122597450273,20,0.1,1.5
1971,18,0.23087614566764164,0,1.317153471677194,0,13.325452147217034,499.54031274306203,501.0266781217198,20,0.1,1.5
1971,17,0.23087614566764164,0,1.3145216658245182,0,13.299134088690277,512.8394468317523,514.32581221041,20,0.1,1.5
1971,16,0.23087614566764164,0,1.311895118586116,0,13.272868616306255,526.1123154480586,527.5986808267163,20,0.1,1.5
1971,15,0.23087614566764164,0,1.3092738194547446,0,13.24665562499254,539.3589710730511,540.8453364517088,20,0.1,1.5
1971,14,0.23087614566764164,0,1.3066577579441547,0,13.22049500988664,552.5794660829376,554.0658314615955,20,0.1,1.5
1971,13,0.23087614566764164,0,1.30404692358905,0,13.194386666335593,565.7738527492731,567.2602181279311,20,0.1,1.5
1971,12,0.23087614566764164,0,1.3014413059450454,0,13.168330489895547,578.9421832391687,580.4285486178267,20,0.1,1.5
1971,11,0.23087614566764164,0,1.2988408945886245,0,13.142326376331338,592.0845096155,593.570874994158,20,0.1,1.5
1971,10,0.23087614566764164,0,1.2962456791170973,0,13.116374221616066,605.2008838371161,606.687249215774,20,0.1,1.5
1971,9,0.23087614566764164,0,1.2936556491485605,0,13.090473921930698,618.2913577590467,619.7777231377047,20,0.1,1.5
1971,8,0.23087614566764164,0,1.2910707943218565,0,13.064625373663658,631.3559831327103,632.8423485113683,20,0.1,1.5
1971,7,0.23087614566764164,0,1.2884911042965268,0,13.038828473410362,644.3948116061207,645.8811769847787,20,0.1,1.5
1971,6,0.23087614566764164,0,1.2859165687527763,0,13.013083117972856,657.4078947240935,658.8942601027516,20,0.1,1.5
1971,5,0.23087614566764164,0,1.2833471773914293,0,12.987389204359387,670.3952839284528,671.8816493071109,20,0.1,1.5
1971,4,0.23087614566764164,0,1.2807829199338894,0,12.961746629783988,683.3570305582368,684.8433959368949,20,0.1,1.5
1971,3,0.23087614566764164,0,1.278223786122097,0,12.936155291666065,696.2931858499029,697.779551228561,20,0.1,1.5
1971,2,0.011543807283382081,0,5.431349265318815e-4,0,0.013127220787573536,696.3063130706905,697.7926784493486,1,0.1,1.5
1971,1,150,0,1.2904897929380175,0,112.90489792938017,809.2112110000706,810.6975763787287,99999,0.1,1.5
1972,97,2.735450781808852e-4,0.04590246022326255,0.04590246022326255,0,0.918231567850705,0,0,1,0.1,1.5
1972,96,3.15752856364506e-4,4.6589431206380954e-4,0.04658477226326029,0.002546524497284012,0.5070960890472556,0.47071716765748395,0.5070960890472556,1,0.1,1.5
1972,95,3.6499349100483974e-4,6.623498490127939e-4,0.047296756114842325,0.0025598778721676345,0.5164040725206636,0.9505515562900384,1.0235001615679191,1,0.1,1.5
1972,94,4.1905823642545445e-4,6.671389384700526e-4,0.04795334232763351,0.002558392092832141,0.5230326432876831,1.437035741108691,1.5465328048556022,1,0.1,1.5
1972,93,4.8244847594487646e-4,6.666530767957168e-4,0.048601252875934295,0.0025548100670499153,0.5294979785167383,1.9300364329532875,2.0760307833723406,1,0.1,1.5
1972,92,6.029918506527495e-4,6.656064177908135e-4,0.04923902893556908,0.0025494877805812824,0.5358696021090048,2.429484781053988,2.6119003854813454,1,0.1,1.5
1972,91,7.907735232346679e-4,6.641217244677132e-4,0.049866601695608415,0.002542471993455255,0.5421554450275164,2.9353191976035724,3.1540558305088617,1,0.1,1.5
1972,90,0.0010414617850304983,6.622029530692942e-4,0.050484210574559325,0.00253376945547167,0.5483551496397113,3.4474776407365457,3.702410980148573,1,0.1,1.5
1972,89,0.0013484144448885575,6.598538342332237e-4,0.0510924177541947,0.002523395908062547,0.5544701718198604,3.965899299584084,4.256881151968433,1,0.1,1.5
1972,88,0.0017028060738419133,6.570800325470165e-4,0.05169208615973249,0.0025113747158912103,0.5605036476276117,4.490526165556107,4.817384799596045,1,0.1,1.5
1972,87,0.0020938867977229147,6.538523940232872e-4,0.052281402153488137,0.002497596266836756,0.566428416676026,5.021274635563036,5.383813216272071,1,0.1,1.5
1972,86,0.0025291127635232425,6.501483814104743e-4,0.05285764844589676,0.002481976582518971,0.5722208517704541,5.558038679011791,5.956034068042525,1,0.1,1.5
1972,85,0.003022913070043806,6.459852866577116e-4,0.05342076297789571,0.002464583922966267,0.5778910997822244,6.100721437037354,6.53392516782475,1,0.1,1.5
1972,84,0.003572266014939471,6.413676040628433e-4,0.05397081933645687,0.002445437632774882,0.5834382034071789,6.649224817119177,7.117363371231929,1,0.1,1.5
1972,83,0.004172172715696933,6.363021398772837e-4,0.05450819431501624,0.00242456588042693,0.5888630684607369,7.203451230145244,7.706226439692665,1,0.1,1.5
1972,82,0.004815657340267675,6.307978925087649e-4,0.05503357766409683,0.0024020051681575873,0.5941685533380094,7.763305423938145,8.300394993030675,1,0.1,1.5
1972,81,0.0054937872513675535,6.248657427866892e-4,0.05554796519973599,0.002377799118423717,0.5993593930940964,8.328696258197617,8.899754386124771,1,0.1,1.5
1972,80,0.0061734616341954885,6.184984117867559e-4,0.05605231367735216,0.0023519222483845024,0.6044226512434885,8.89952002017847,9.50417703736826,1,0.1,1.5
1972,79,0.006844604556394974,6.117127614883961e-4,0.056548171253806824,0.0023244409598227817,0.6093682092832552,9.475681930035684,10.113545246651515,1,0.1,1.5
1972,78,0.00751361466098227,6.045420233169641e-4,0.057037640759718275,0.0022954836407743824,0.6142235277106413,10.05711283430669,10.727768774362156,1,0.1,1.5
1972,77,0.008166211697511217,5.970021701830579e-4,0.05752277206492752,0.0022651128121461105,0.6190006379420101,10.64375471778947,11.346769412304166,1,0.1,1.5
1972,76,0.008787170376952902,5.891087665232674e-4,0.05800575048491015,0.002233389266486074,0.6237122670487704,11.23556142388844,11.970481679352936,1,0.1,1.5
1972,75,0.009360877582253783,5.808261709574345e-4,0.05848364212568609,0.0022001797185956028,0.6283164068583511,11.83244669190971,12.598798086211287,1,0.1,1.5
1972,74,0.00990134123530219,5.721341279506504e-4,0.058952670757755295,0.002165409726803278,0.6327833676825458,12.434295634923638,13.231581453893833,1,0.1,1.5
1972,73,0.010430239219584653,5.630638346334461e-4,0.05941374200129325,0.002129199765990109,0.6371386906864678,13.041017186095962,13.868720144580301,1,0.1,1.5
1972,72,0.01094333046363602,5.53623690433794e-4,0.059867247140430686,0.0020915837977566816,0.6413840304904499,13.65252144804703,14.510104175070751,1,0.1,1.5
1972,71,0.011436329974013604,5.438223156687512e-4,0.06031360634164698,0.002052596572401807,0.6455213147330017,14.268719954602863,15.155625489803752,1,0.1,1.5
1972,70,0.01190494062748788,5.33668479245644e-4,0.06075326319461137,0.0020122733496197504,0.649552705960987,14.889525898426426,15.80517819576474,1,0.1,1.5
1972,69,0.012344886190564777,5.231710259766046e-4,0.061186678491378946,0.0019706496189277863,0.6534805567138527,15.514854317727025,16.45865875247859,1,0.1,1.5
1972,68,0.012751945479591274,5.123388072370739e-4,0.0616143235355628,0.0019277608340037891,0.6573073609001614,16.14462223814142,17.115966113378754,1,0.1,1.5
1972,67,0.013121987590356252,5.01180615987303e-4,0.0620366730040134,0.0018836421648386415,0.6610357017103204,16.77874876606833,17.777001815089076,1,0.1,1.5
1972,66,0.01345100817199879,4.897051323914728e-4,0.062454198071243354,0.0018383282911463151,0.6646682035483423,17.41715513688601,18.441670018637417,1,0.1,1.5
1972,65,0.013735163050711197,4.779208423928977e-4,0.0628673550082865,0.0017918530958354884,0.6682074352430131,18.059764670759947,19.10987745388043,1,0.1,1.5
1972,64,0.01397082421089456,4.6583328506637694e-4,0.06327619578693572,0.0017442393659705586,0.6716518787554348,18.70649884428723,19.781529332635863,1,0.1,1.5
1972,63,0.014156619385626764,4.5344668499071317e-4,0.06368038870080345,0.001695504981370381,0.6749975998488886,19.357274944402256,20.456526932484753,1,0.1,1.5
1972,62,0.014293555797178744,4.407681689920417e-4,0.06407979348871844,0.0016456786981210794,0.6782443494626679,20.01200959817748,21.13477128194742,1,0.1,1.5
1972,61,0.014381997663121843,4.2780426812582075e-4,0.06447419640674673,0.001594787030337981,0.6813906770527778,20.67061760336829,21.816161959000198,1,0.1,1.5
1972,60,0.014422593205688047,4.1456165107398474e-4,0.06486334061289205,0.0015428570040684313,0.6844348991206204,21.333011688145074,22.50059685812082,1,0.1,1.5
1972,59,0.014416253186073598,4.010471607806149e-4,0.06524692840802603,0.0014899162966101713,0.6873751096684512,21.999102279290526,23.18797196778927,1,0.1,1.5
1972,58,0.014364130186678955,3.8726786238707094e-4,0.06562462564788023,0.0014359934172190796,0.6902092135683505,22.66879730118432,23.878181181357622,1,0.1,1.5
1972,57,0.014267588057521598,3.7323109641329436e-4,0.06599606872032389,0.0013811179060371462,0.6929349793395836,23.34200202472337,24.571116160697205,1,0.1,1.5
1972,56,0.014128158199904888,3.5894075061568693e-4,0.06636014858398437,0.0013253065859410375,0.6955426167069995,24.01861169020264,25.266658777404203,1,0.1,1.5
1972,55,0.013951118016842803,3.444319617200539e-4,0.06672154016868682,0.0012686914291930164,0.6980846299228166,24.69857215685127,25.96474340732702,1,0.1,1.5
1972,54,0.013713438286392123,3.3148229849103145e-4,0.06745668638246789,0.0012177954565443117,0.7044210569511503,25.385596135851785,26.669164464278172,1,0.1,1.5
1972,53,0.011543807283382081,3.151819280475228e-4,0.06767546225104462,0.0011545837777793898,0.7040963672814531,26.073198449164963,27.373260831559627,1,0.1,1.5
1972,52,0.23087614566764164,0.0029031509438539574,1.2437228231176365,0.010071905763000107,12.764061539102856,38.693375620224955,40.13732237066248,20,0.1,1.5
1972,51,0.23087614566764164,4.98945343336912e-6,1.0680848001407686,0,10.834815326387112,49.528190946612064,50.97213769704959,20,0.1,1.5
1972,50,0.23087614566764164,5.4097324071919836e-36,1.184097155114945,0,11.994888981594544,61.523079928206606,62.96702667864413,20,0.1,1.5
1972,49,0.23087614566764164,7.758434509465608e-70,1.305308191828103,0,13.206999348726125,74.73007927693273,76.17402602737026,20,0.1,1.5
1972,48,0.23087614566764164,4.033626724420692e-92,1.3917782494155937,0,14.071699924601031,88.80177920153375,90.2457259519713,20,0.1,1.5
1972,47,0.23087614566764164,3.567547584765114e-94,1.395671752571685,0,14.110634956161945,102.9124141576957,104.35636090813324,20,0.1,1.5
1972,46,0.23087614566764164,3.567547584765158e-134,1.392883059252482,0,14.082748022969913,116.9951621806656,118.43910893110315,20,0.1,1.5
1972,45,0.23087614566764164,3.567547584765204e-174,1.390099938024578,0,14.054916810690873,131.05007899135646,132.49402574179402,20,0.1,1.5
1972,44,0.23087614566764164,3.5675475847652497e-214,1.3873223777543706,0,14.0271412079888,145.07722019934525,146.5211669497828,20,0.1,1.5
1972,43,0.23087614566764164,3.567547584765293e-254,1.3845503673305035,0,13.999421103750128,159.07664130309539,160.52058805353295,20,0.1,1.5
1972,42,0.23087614566764164,3.5675475847653406e-294,1.3817838956638233,0,13.971756387083326,173.04839769017872,174.49234444061628,20,0.1,1.5
1972,41,0.23087614566764164,0,1.3790229516873338,0,13.944146947318432,186.99254463749713,188.43649138793472,20,0.1,1.5
1972,40,0.23087614566764164,0,1.3762675243561502,0,13.916592674006596,200.9091373115037,202.35308406194133,20,0.1,1.5
1972,39,0.23087614566764164,0,1.3735176026474556,0,13.88909345691965,214.79823076842337,216.24217751886098,20,0.1,1.5
1972,38,0.23087614566764164,0,1.3707731755604615,0,13.861649186049709,228.65987995447307,230.1038267049107,20,0.1,1.5
1972,37,0.23087614566764164,0,1.3680342321163574,0,13.834259751608668,242.49413970608174,243.93808645651936,20,0.1,1.5
1972,36,0.23087614566764164,0,1.3653007613582688,0,13.806925044027782,256.30106475010956,257.74501150054715,20,0.1,1.5
1972,35,0.23087614566764164,0,1.362572752351217,0,13.779644953957265,270.08070970406686,271.5246564545044,20,0.1,1.5
1972,34,0.23087614566764164,0,1.3598501941820724,0,13.752419372265818,283.8331290763327,285.2770758267702,20,0.1,1.5
1972,33,0.23087614566764164,0,1.357133075959507,0,13.725248190040164,297.5583772663729,299.0023240168104,20,0.1,1.5
1972,32,0.23087614566764164,0,1.354421386813958,0,13.698131298584675,311.2565085649576,312.70045531539506,20,0.1,1.5
1972,31,0.23087614566764164,0,1.3517151158975802,0,13.671068589420896,324.9275771543785,326.37152390481594,20,0.1,1.5
1972,30,0.23087614566764164,0,1.3490142523842046,0,13.64405995428714,338.5716371086657,340.01558385910306,20,0.1,1.5
1972,29,0.23087614566764164,0,1.3463187854692935,0,13.61710528513803,352.18874239380375,353.6326891442411,20,0.1,1.5
1972,28,0.23087614566764164,0,1.343628704369896,0,13.590204474144054,365.7789468679478,367.22289361838517,20,0.1,1.5
1972,27,0.23087614566764164,0,1.3409439983246092,0,13.563357413691186,379.34230428163903,380.78625103207634,20,0.1,1.5
1972,26,0.23087614566764164,0,1.338264656593531,0,13.536563996380403,392.87886827801947,394.3228150284567,20,0.1,1.5
1972,25,0.23087614566764164,0,1.3355906684582173,0,13.509824115027266,406.38869239304677,407.83263914348396,20,0.1,1.5
1972,24,0.23087614566764164,0,1.332922023221644,0,13.483137662661536,419.8718300557083,421.3157768061455,20,0.1,1.5
1972,23,0.23087614566764164,0,1.3302587102081593,0,13.456504532526687,433.328334588235,434.7722813386722,20,0.1,1.5
1972,22,0.23087614566764164,0,1.3276007187634422,0,13.429924618079516,446.75825920631456,448.2022059567517,20,0.1,1.5
1972,21,0.23087614566764164,0,1.3249480382544594,0,13.403397812989688,460.1616570193043,461.6056037697414,20,0.1,1.5
1972,20,0.23087614566764164,0,1.3223006580694248,0,13.37692401113934,473.53858103044365,474.98252778088073,20,0.1,1.5
1972,19,0.23087614566764164,0,1.319658567617754,0,13.350503106622632,486.88908413706633,488.33303088750336,20,0.1,1.5
1972,18,0.23087614566764164,0,1.3170217563300264,0,13.324134993745357,500.2132191308117,501.6571658812487,20,0.1,1.5
1972,17,0.23087614566764164,0,1.3143902136579357,0,13.297819567024451,513.51103869783606,514.9549854482732,20,0.1,1.5
1972,16,0.23087614566764164,0,1.3117639290742575,0,13.27155672118767,526.7825954190237,528.2265421694609,20,0.1,1.5
1972,15,0.23087614566764164,0,1.3091428920727992,0,13.245346351173087,540.0279417701968,541.471888520634,20,0.1,1.5
1972,14,0.23087614566764164,0,1.3065270921683603,0,13.219188352128697,553.2471301223254,554.6910768727628,20,0.1,1.5
1972,13,0.23087614566764164,0,1.303916518896691,0,13.193082619412005,566.4402127417374,567.8841594921748,20,0.1,1.5
1972,12,0.23087614566764164,0,1.3013111618144508,0,13.167029048589603,579.607241790327,581.0511885407644,20,0.1,1.5
1972,11,0.23087614566764164,0,1.2987110104991657,0,13.14102753543675,592.7482693257637,594.1922160762011,20,0.1,1.5
1972,10,0.23087614566764164,0,1.2961160545491857,0,13.11507797593695,605.8633473017006,607.3072940521381,20,0.1,1.5
1972,9,0.23087614566764164,0,1.2935262835836456,0,13.08918026628155,618.9525275679822,620.3964743184197,20,0.1,1.5
1972,8,0.23087614566764164,0,1.2909416872424242,0,13.063334302869336,632.0158618708515,633.459808621289,20,0.1,1.5
1972,7,0.23087614566764164,0,1.2883622551860971,0,13.037539982306065,645.0534018531575,646.497348603595,20,0.1,1.5
1972,6,0.23087614566764164,0,1.285787977095901,0,13.011797201404105,658.0651990545616,659.5091458049991,20,0.1,1.5
1972,5,0.23087614566764164,0,1.2832188426736901,0,12.986105857181995,671.0513049117436,672.4952516621811,20,0.1,1.5
1972,4,0.23087614566764164,0,1.280654841641896,0,12.960465846864054,684.0117707586077,685.4557175090451,20,0.1,1.5
1972,3,0.23087614566764164,0,1.278095963743485,0,12.934877067879944,696.9466478264876,698.3905945769251,20,0.1,1.5
1972,2,0.011543807283382081,0,5.430806130392284e-4,0,0.013126677652647006,696.9597745041403,698.4037212545777,1,0.1,1.5
1972,1,150,0,1.2903607439587237,0,112.90360743958723,809.8633819437276,811.3073286941649,99999,0.1,1.5
1973,98,2.386986777674896e-4,0.044592473175276426,0.044592473175276426,0,0.8920085959573735,0,0,1,0.1,1.5
1973,97,2.735450781808852e-4,4.590246022326258e-4,0.04589786997724023,0.0024062785535799744,0.4981267170884678,0.4637513091801824,0.4981267170884678,1,0.1,1.5
1973,96,3.15752856364506e-4,6.41290067441641e-4,0.04721674491035497,0.002450381653787827,0.513796303879178,0.9425421608623915,1.0119230209676457,1,0.1,1.5
1973,95,3.6499349100483974e-4,6.465929665320366e-4,0.04793199590727275,0.002452266978172037,0.5210616031345088,1.4285713785944425,1.5329846241021545,1,0.1,1.5
1973,94,4.1905823642545445e-4,6.462694125927358e-4,0.04858814501660878,0.0024494960323895557,0.5276163169123401,1.9211948950440745,2.0606009410144948,1,0.1,1.5
1973,93,4.8244847594487646e-4,6.45369047530436e-4,0.04923509526740918,0.002444931709851049,0.5340538713217077,2.4203211705107672,2.5946548123362025,1,0.1,1.5
1973,92,6.029918506527495e-4,6.440280093232288e-4,0.04987147697782084,0.0024386837351941743,0.5403953835127451,2.9258782149493094,3.1350501958489474,1,0.1,1.5
1973,91,7.907735232346679e-4,6.422592156084909e-4,0.050497233033802665,0.002430792816810529,0.5466477165116563,3.437800319792244,3.6816979123606037,1,0.1,1.5
1973,90,0.0010414617850304983,6.400643933986104e-4,0.05111260451736979,0.0024212667492956234,0.5528105219543085,3.956021316756615,4.234508434314912,1,0.1,1.5
1973,89,0.0013484144448885575,6.374475153579689e-4,0.05171815748943492,0.0024101220620614955,0.5588853081834949,4.480476309767803,4.793393742498407,1,0.1,1.5
1973,88,0.0017028060738419133,6.344144792982728e-4,0.05231476063008932,0.0023973825635265245,0.5648752774791971,5.011103264910907,5.3582690199776035,1,0.1,1.5
1973,87,0.0020938867977229147,6.309375906494219e-4,0.05290057307998198,0.0023829452042877413,0.570753105585097,5.547814296149036,5.9290221255627005,1,0.1,1.5
1973,86,0.0025291127635232425,6.269956294438475e-4,0.05347285682668191,0.002366731710317645,0.5764950527414775,6.090498895885975,6.505517178304178,1,0.1,1.5
1973,85,0.003022913070043806,6.226058336081439e-4,0.054031566882339496,0.002348809143520669,0.5821114188755151,6.639055898425481,7.087628597179693,1,0.1,1.5
1973,84,0.003572266014939471,6.177730842343489e-4,0.05457678166271695,0.002329197866659081,0.5876013133841261,7.19338295657162,7.675229910563819,1,0.1,1.5
1973,83,0.004172172715696933,6.125044915055054e-4,0.055108884965691475,0.002307926653314101,0.5929657238107311,7.753378299620721,8.26819563437455,1,0.1,1.5
1973,82,0.004815657340267675,6.068092709644845e-4,0.05562857559836982,0.002285032191323813,0.5982076039390998,8.318942586540908,8.86640323831365,1,0.1,1.5
1973,81,0.0054937872513675535,6.006984370337961e-4,0.05613686018282195,0.0022605578979119877,0.603331795288688,8.88998069757371,9.469735033602337,1,0.1,1.5
1973,80,0.0061734616341954885,5.941655462139932e-4,0.05663468900808055,0.0022344814890743036,0.6083253507620419,9.466384884206118,10.07806038436438,1,0.1,1.5
1973,79,0.006844604556394974,5.872273675705794e-4,0.05712362667663714,0.0022068680531788206,0.6131982966203237,10.048056494352458,10.691258680984703,1,0.1,1.5
1973,78,0.00751361466098227,5.799163304267652e-4,0.0576058079058359,0.002177841334960934,0.6179783378741519,10.63492281315574,11.309237018858855,1,0.1,1.5
1973,77,0.008166211697511217,5.722482247383582e-4,0.05808329799075756,0.0021474622850937075,0.622677635930829,11.226922416442372,11.931914654789685,1,0.1,1.5
1973,76,0.008787170376952902,5.642384042867512e-4,0.05855829722648318,0.0021157900539672844,0.6273090420918672,11.824005886334707,12.559223696881553,1,0.1,1.5
1973,75,0.009360877582253783,5.55853191358475e-4,0.05902783869112242,0.0020826999775636233,0.6318303607019823,12.426083390214352,13.191054057583536,1,0.1,1.5
1973,74,0.00990134123530219,5.470737729803259e-4,0.05948812792238034,0.002048123598952247,0.6362118196669354,13.033036301324827,13.82726587725047,1,0.1,1.5
1973,73,0.010430239219584653,5.379305798438618e-4,0.05994010056859064,0.0020121769812385696,0.6404791897436667,13.64477010562223,14.467745066994137,1,0.1,1.5
1973,72,0.01094333046363602,5.284321863435083e-4,0.06038415636515581,0.0019748941531203676,0.6446342127734224,14.261191544779647,15.11237927976756,1,0.1,1.5
1973,71,0.011436329974013604,5.185873662571392e-4,0.06082072412411327,0.0019363098461733783,0.6486789041174279,14.882208879666027,15.761058183884987,1,0.1,1.5
1973,70,0.01190494062748788,5.084050221973941e-4,0.06125025620569685,0.0018964592256447194,0.6526155140160017,15.507732119029962,16.41367369790099,1,0.1,1.5
1973,69,0.012344886190564777,4.978941149917126e-4,0.061673222228261756,0.0018553776220578356,0.656446482160404,16.13767320658954,17.070120180061394,1,0.1,1.5
1973,68,0.012751945479591274,4.87063596573318e-4,0.062090102311710194,0.0018131002771032889,0.6601743885992762,16.77194616265877,17.73029456866067,1,0.1,1.5
1973,67,0.013121987590356252,4.759223473695334e-4,0.06250137987792266,0.0017696621075466857,0.6638019012304931,17.410467176638598,18.394096469891164,1,0.1,1.5
1973,66,0.01345100817199879,4.6447912411049354e-4,0.06290753472422281,0.0017250975091894331,0.667331727395943,18.053154653903263,19.061428197287107,1,0.1,1.5
1973,65,0.013735163050711197,4.527424823828011e-4,0.06330903154674455,0.0016794400684908312,0.6707665166368548,18.699929169561678,19.732194713923963,1,0.1,1.5
1973,64,0.01397082421089456,4.407181743433034e-4,0.06370592800884967,0.0016327129292648004,0.6741048150572614,19.35070951420087,20.406299528981226,1,0.1,1.5
1973,63,0.014156619385626764,4.284107121925024e-4,0.06409789690727596,0.0015849346557662506,0.6773427461055727,20.005410336652638,21.0836422750868,1,0.1,1.5
1973,62,0.014293555797178744,4.158273562201903e-4,0.06448480518389985,0.0015361340022189052,0.6804801340595895,20.663945699251958,21.76412240914639,1,0.1,1.5
1973,61,0.014381997663121843,4.029748002657534e-4,0.06486644574469055,0.0014863376147564243,0.6835155983881647,21.326227903143604,22.447638007534554,1,0.1,1.5
1973,60,0.014422593205688047,3.898598675278477e-4,0.06524256852984786,0.0014355726165807942,0.686447526347751,21.992167249254486,23.134085533882306,1,0.1,1.5
1973,59,0.014416253186073598,3.76489545760349e-4,0.06561288278933776,0.0013838667405231308,0.6892740836729796,22.66167180806285,23.823359617555287,1,0.1,1.5
1973,58,0.014364130186678955,3.628710329286406e-4,0.0659770615396202,0.0013312484995167732,0.6919932482239902,23.33464722057946,24.515352865779278,1,0.1,1.5
1973,57,0.014267588057521598,3.490117874734195e-4,0.06633474858996113,0.0012777473728287545,0.6946028630435802,24.010996549725487,25.20995572882286,1,0.1,1.5
1973,56,0.014128158199904888,3.3491605399141625e-4,0.06668483921561123,0.0012233811314918998,0.6970931981363235,24.690612874554784,25.90704892695918,1,0.1,1.5
1973,55,0.013951118016842803,3.2061717691545465e-4,0.06703204087196821,0.0011682736267990082,0.6995169490733841,25.37344020038818,26.606565876032565,1,0.1,1.5
1973,54,0.013713438286392123,3.0776368712098827e-4,0.06775438957796573,0.0011184085089399622,0.7057410892552233,26.063204025229975,27.31230696528779,1,0.1,1.5
1973,53,0.011543807283382081,2.917977637253227e-4,0.06795734064926437,0.0010572253141395084,0.7052904744255732,26.753391280882127,28.017597439713363,1,0.1,1.5
1973,52,0.23087614566764164,0.0025470079501885663,1.246116427276075,0.008724017230653934,12.7651806002885,39.39394306358985,40.782778040001865,20,0.1,1.5
1973,51,0.23087614566764164,4.989453433369123e-8,1.0679779916607546,0,10.833697845997982,50.227640909587834,51.61647588599985,20,0.1,1.5
1973,50,0.23087614566764164,5.409732407191986e-38,1.1839787453994335,0,11.99370488443943,62.22134579402726,63.61018077043928,20,0.1,1.5
1973,49,0.23087614566764164,7.758434509465612e-72,1.3051776610089203,0,13.205694040534297,75.42703983456155,76.81587481097358,20,0.1,1.5
1973,48,0.23087614566764164,4.0336267244206946e-94,1.3916390715906521,0,14.070308146351616,89.49734798091316,90.8861829573252,20,0.1,1.5
1973,47,0.23087614566764164,3.5675475847651156e-96,1.395532185396428,0,14.109239284409373,103.60658726532253,104.99542224173457,20,0.1,1.5
1973,46,0.23087614566764164,3.56754758476516e-136,1.3927437709465567,0,14.081355139910661,117.68794240523319,119.07677738164523,20,0.1,1.5
1973,45,0.23087614566764164,3.567547584765206e-176,1.3899609280307756,0,14.05352671075285,131.74146911598604,133.1303040923981,20,0.1,1.5
1973,44,0.23087614566764164,3.5675475847652515e-216,1.3871836455165951,0,14.025753885611046,145.76722300159707,147.15605797800913,20,0.1,1.5
1973,43,0.23087614566764164,3.567547584765295e-256,1.3844119122937706,0,13.9980365533828,159.76525955497988,161.15409453139193,20,0.1,1.5
1973,42,0.23087614566764164,3.5675475847653424e-296,1.381645717274257,0,13.970374603187663,173.73563415816753,175.12446913457958,20,0.1,1.5
1973,41,0.23087614566764164,0,1.3788850493921652,0,13.942767924366745,187.67840208253426,189.06723705894632,20,0.1,1.5
1973,40,0.23087614566764164,0,1.3761298976037146,0,13.91521640648224,201.5936184890165,202.98245346542856,20,0.1,1.5
1973,39,0.23087614566764164,0,1.3733802508871908,0,13.887719939317002,215.48133842833352,216.87017340474557,20,0.1,1.5
1973,38,0.23087614566764164,0,1.3706360982429056,0,13.86027841287415,229.34161684120767,230.73045181761972,20,0.1,1.5
1973,37,0.23087614566764164,0,1.3678974286931458,0,13.832891717376551,243.17450855858422,244.56334353499628,20,0.1,1.5
1973,36,0.23087614566764164,0,1.365164231282133,0,13.805559743266425,256.9800683018507,258.3689032782627,20,0.1,1.5
1973,35,0.23087614566764164,0,1.362436495075982,0,13.778282381204914,270.7583506830556,272.1471856594676,20,0.1,1.5
1973,34,0.23087614566764164,0,1.3597142091626542,0,13.751059522071635,284.50941020512727,285.8982451815392,20,0.1,1.5
1973,33,0.23087614566764164,0,1.3569973626519112,0,13.723891056964206,298.2333012620915,299.6221362385034,20,0.1,1.5
1973,32,0.23087614566764164,0,1.3542859446752766,0,13.69677687719786,311.9300781392894,313.31891311570126,20,0.1,1.5
1973,31,0.23087614566764164,0,1.3515799443859904,0,13.669716874304997,325.5997950135944,326.98862999000625,20,0.1,1.5
1973,30,0.23087614566764164,0,1.3488793509589663,0,13.642710940034757,339.2425059536292,340.631340930041,20,0.1,1.5
1973,29,0.23087614566764164,0,1.3461841535907466,0,13.61575896635256,352.85826491998176,354.2470998963936,20,0.1,1.5
1973,28,0.23087614566764164,0,1.3434943414994591,0,13.588860845439685,366.44712576542145,367.8359607418333,20,0.1,1.5
1973,27,0.23087614566764164,0,1.3408099039247767,0,13.56201646969286,380.0091422351143,381.39797721152615,20,0.1,1.5
1973,26,0.23087614566764164,0,1.3381308301278716,0,13.53522573172381,393.54436796683814,394.93320294324997,20,0.1,1.5
1973,25,0.23087614566764164,0,1.3354571093913714,0,13.508488524358809,407.05285649119696,408.4416914676088,20,0.1,1.5
1973,24,0.23087614566764164,0,1.332788731019322,0,13.481804740638314,420.5346612318353,421.9234962082471,20,0.1,1.5
1973,23,0.23087614566764164,0,1.3301256843371385,0,13.455174273816478,433.9898355056518,435.37867048206357,20,0.1,1.5
1973,22,0.23087614566764164,0,1.3274679586915659,0,13.428597017360753,447.4184325230126,448.8072674994243,20,0.1,1.5
1973,21,0.23087614566764164,0,1.324815543450634,0,13.402072864951434,460.82050538796403,462.20934036437575,20,0.1,1.5
1973,20,0.23087614566764164,0,1.322168428003618,0,13.375601710481273,474.19610709844534,475.584942074857,20,0.1,1.5
1973,19,0.23087614566764164,0,1.3195266017609921,0,13.349183448055015,487.5452905465004,488.93412552291204,20,0.1,1.5
1973,18,0.23087614566764164,0,1.3168900541543933,0,13.322817971989027,500.8681085184894,502.25694349490107,20,0.1,1.5
1973,17,0.23087614566764164,0,1.31425877463657,0,13.296505176810793,514.1646136953002,515.5534486717119,20,0.1,1.5
1973,16,0.23087614566764164,0,1.31163275268135,0,13.270244957258594,527.4348586525588,528.8236936289704,20,0.1,1.5
1973,15,0.23087614566764164,0,1.309011977783592,0,13.244037208281014,540.6788958608397,542.0677308372515,20,0.1,1.5
1973,14,0.23087614566764164,0,1.3063964394591434,0,13.217881825036528,553.8967776858761,555.285612662288,20,0.1,1.5
1973,13,0.23087614566764164,0,1.3037861272448015,0,13.191778702893108,567.0885563887692,568.4773913651811,20,0.1,1.5
1973,12,0.23087614566764164,0,1.3011810306982694,0,13.165727737427789,580.254284126197,581.6431191026089,20,0.1,1.5
1973,11,0.23087614566764164,0,1.2985811393981157,0,13.139728824426252,593.3940129506233,594.7828479270352,20,0.1,1.5
1973,10,0.23087614566764164,0,1.2959864429437307,0,13.113781859882401,606.5077948105056,607.8966297869175,20,0.1,1.5
1973,9,0.23087614566764164,0,1.2933969309552873,0,13.087886739997966,619.5956815505035,620.9845165269155,20,0.1,1.5
1973,8,0.23087614566764164,0,1.2908125930737,0,13.062043361182093,632.6577249116856,634.0465598880976,20,0.1,1.5
1973,7,0.23087614566764164,0,1.2882334189605786,0,13.03625162005088,645.6939765317364,647.0828115081484,20,0.1,1.5
1973,6,0.23087614566764164,0,1.2856593982981914,0,13.010511413427007,658.7044879451635,660.0933229215755,20,0.1,1.5
1973,5,0.23087614566764164,0,1.2830905207894228,0,12.984822638339322,671.6893105835028,673.0781455599148,20,0.1,1.5
1973,4,0.23087614566764164,0,1.2805267761577317,0,12.95918519202241,684.6484957755251,686.0373307519372,20,0.1,1.5
1973,3,0.23087614566764164,0,1.2779681541471106,0,12.9335989719162,697.5820947474413,698.9709297238535,20,0.1,1.5
1973,2,0.011543807283382081,0,5.430263049779245e-4,0,0.013126134572033966,697.5952208820133,698.9840558584256,1,0.1,1.5
1973,1,150,0,1.2902317078843277,0,112.90231707884328,810.4975379608566,811.8863729372688,99999,0.1,1.5
1974,99,2.0946298636496464e-4,0.04289049191860589,0.04289049191860589,0,0.8579494803630278,0,0,1,0.1,1.5
1974,98,2.386986777674896e-4,4.459247317527645e-4,0.0445880139279589,0.002223658666324976,0.48226507142503267,0.4504985190489616,0.48226507142503267,1,0.1,1.5
1974,97,2.735450781808852e-4,6.061598844173199e-4,0.0464948498286375,0.0022949502857016525,0.5039774645974543,0.9216909795649637,0.9862425360224869,1,0.1,1.5
1974,96,3.15752856364506e-4,6.190083141213731e-4,0.047824618649310896,0.0023276569976653978,0.5178990143623571,1.4063377511035295,1.504141550384844,1,0.1,1.5
1974,95,3.6499349100483974e-4,6.195326742083297e-4,0.048540269452225025,0.002328274557644769,0.5251024153675478,1.898179101361866,2.029243965752392,1,0.1,1.5
1974,94,4.1905823642545445e-4,6.188367022233163e-4,0.049195660210204516,0.0023246581221431106,0.5316337430267969,2.3966034426437615,2.5608777087791887,1,0.1,1.5
1974,93,4.8244847594487646e-4,6.176866179380666e-4,0.0498414046853452,0.0023193229296562556,0.5380457300595043,2.901515987993891,3.098923438838693,1,0.1,1.5
1974,92,6.029918506527495e-4,6.161112138917758e-4,0.050476160763921606,0.002312369395563455,0.544358562853285,3.4128407023391265,3.6432820016919782,1,0.1,1.5
1974,91,7.907735232346679e-4,6.141207963587172e-4,0.05109988151470191,0.002303837304985338,0.5505791669592199,3.930507907798556,4.193861168651198,1,0.1,1.5
1974,90,0.0010414617850304983,6.11717331257892e-4,0.05171280994424196,0.0022937353324325614,0.556707228217865,4.454447488410241,4.750568396869063,1,0.1,1.5
1974,89,0.0013484144448885575,6.089049906689535e-4,0.05231551618920134,0.0022820804436596673,0.5627443039571001,4.984590643172203,5.313312700826163,1,0.1,1.5
1974,88,0.0017028060738419133,6.056897856746139e-4,0.05290887479490795,0.0022688964912035204,0.5686936568722467,5.520871493027257,5.88200635769841,1,0.1,1.5
1974,87,0.0020938867977229147,6.020456769784295e-4,0.05349101932374592,0.0022540873415302816,0.5745278222752055,6.063198067566315,6.456534179973616,1,0.1,1.5
1974,86,0.0025291127635232425,5.979528838738497e-4,0.054059192468578654,0.002237580580007842,0.580222965557462,6.611455596266522,7.0367571455310785,1,0.1,1.5
1974,85,0.003022913070043806,5.934283442162487e-4,0.05461336601153143,0.002219441344673947,0.5857895238614196,7.165538815204028,7.622546669392498,1,0.1,1.5
1974,84,0.003572266014939471,5.884771975071138e-4,0.055153623451215446,0.0021996905725050015,0.5912266681996377,7.725341332367879,8.213773337592135,1,0.1,1.5
1974,83,0.004172172715696933,5.831067082435802e-4,0.055680355740523435,0.002178357148422422,0.5965354607994073,8.29075740533268,8.810308798391542,1,0.1,1.5
1974,82,0.004815657340267675,5.773261405405981e-4,0.056194270788640935,0.0021554774098163365,0.601718941944608,8.86168381285134,9.41202774033615,1,0.1,1.5
1974,81,0.0054937872513675535,5.711464588483349e-4,0.05669638597128167,0.0021310940016349084,0.6067820491589008,9.438021661986886,10.01880978949505,1,0.1,1.5
1974,80,0.0061734616341954885,5.645620277307158e-4,0.057187645911448315,0.0021051876265005764,0.6117118294312622,10.01965938246814,10.630521618926313,1,0.1,1.5
1974,79,0.006844604556394974,5.575892869704109e-4,0.05766963132726418,0.002077821371540743,0.6165184382971912,10.606494658314748,11.247040057223504,1,0.1,1.5
1974,78,0.00751361466098227,5.502594970445011e-4,0.05814450765878555,0.0020491133750989315,0.6212297962146544,11.198451406313703,11.868269853438159,1,0.1,1.5
1974,77,0.008166211697511217,5.425880535208105e-4,0.058614355232231914,0.002019122420179542,0.6258581799917662,11.795464980302905,12.494128033429925,1,0.1,1.5
1974,76,0.008787170376952902,5.345898975346886e-4,0.05908138891025235,0.0019879054508577043,0.6304165509604729,12.39748288196541,13.124544584390398,1,0.1,1.5
1974,75,0.009360877582253783,5.262335263044905e-4,0.05954261090164422,0.0019553467462594546,0.6348625542808866,13.004411911299734,13.759407138671284,1,0.1,1.5
1974,74,0.00990134123530219,5.17501637467865e-4,0.059994210009326164,0.0019213838114740683,0.6391663507887237,13.616129921924543,14.398573489460007,1,0.1,1.5
1974,73,0.010430239219584653,5.084235511080811e-4,0.060437150803843424,0.0018861273984463508,0.6433539134832337,14.232539158287116,15.04192740294324,1,0.1,1.5
1974,72,0.01094333046363602,4.99007860143527e-4,0.06087184148779938,0.001849611113809582,0.6474270630334185,14.853543205408968,15.68935446597666,1,0.1,1.5
1974,71,0.011436329974013604,4.89263335205916e-4,0.0612987195132442,0.0018118691845450973,0.6513878939606782,15.479047253876145,16.340742359937337,1,0.1,1.5
1974,70,0.01190494062748788,4.791988566331538e-4,0.06171824598648746,0.001772936200947126,0.6552387355297283,16.10895832939234,16.995981095467066,1,0.1,1.5
1974,69,0.012344886190564777,4.68823346664376e-4,0.06213089931155339,0.0017328468613034363,0.6589821058706984,16.743185480101562,17.654963201337765,1,0.1,1.5
1974,68,0.012751945479591274,4.581457052415554e-4,0.06253716837075485,0.0016916357309935768,0.6626206624748379,17.38163991784792,18.3175838638126,1,0.1,1.5
1974,67,0.013121987590356252,4.471747503603668e-4,0.06293754526682153,0.0016493370195386121,0.6661571493207034,18.02423510974664,18.983741013133304,1,0.1,1.5
1974,66,0.01345100817199879,4.3591916853846324e-4,0.06333251834804775,0.0016059843961532426,0.6695943481779552,18.670886823693834,19.65333536131126,1,0.1,1.5
1974,65,0.013735163050711197,4.243874419465358e-4,0.0637225606607126,0.0015616107206464932,0.6729349809743962,19.321513080087566,20.326270342285657,1,0.1,1.5
1974,64,0.01397082421089456,4.1258541405963313e-4,0.06410773564836499,0.0015162391039857245,0.6761776520598767,19.976030173519074,21.002447994345534,1,0.1,1.5
1974,63,0.014156619385626764,4.0051777106348766e-4,0.0644877207815268,0.0014698884175324864,0.6793185377477372,20.63435030530206,21.68176653209327,1,0.1,1.5
1974,62,0.014293555797178744,3.881917741169282e-4,0.06486239020393618,0.0014225870046822436,0.6823575284741109,21.296385162280714,22.36412406056738,1,0.1,1.5
1974,61,0.014381997663121843,3.756141516917636e-4,0.0652315435038052,0.0013743612431858883,0.6852933070425635,21.962044737277765,23.049417367609944,1,0.1,1.5
1974,60,0.014422593205688047,3.62791752820477e-4,0.06559493742714008,0.0013252379527376595,0.688124324690126,22.631237091214498,23.73754169230007,1,0.1,1.5
1974,59,0.014416253186073598,3.4973158058838617e-4,0.06595228818618962,0.0012752445201832377,0.6908488119849229,23.30386812433966,24.428390504284994,1,0.1,1.5
1974,58,0.014364130186678955,3.364408352084797e-4,0.06630327595834543,0.0012244090591823293,0.6934648127149774,23.979841379066322,25.121855316999973,1,0.1,1.5
1974,57,0.014267588057521598,3.2292696108192283e-4,0.06664755195830933,0.001172760583318598,0.6959702371844307,24.659057893631914,25.817825554184402,1,0.1,1.5
1974,56,0.014128158199904888,3.091944434128891e-4,0.06698401601456265,0.0011203174146265501,0.6983554112076903,25.341408770344938,26.516180965392092,1,0.1,1.5
1974,55,0.013951118016842803,2.952745784689066e-4,0.06731740607458075,0.001067194821039702,0.7006731921756256,26.026836322219996,27.216854157567717,1,0.1,1.5
1974,54,0.013713438286392123,2.8267976410620044e-4,0.06802721626624292,0.001018837101754111,0.7067960682337637,26.719077574714415,27.92365022580148,1,0.1,1.5
1974,53,0.011543807283382081,2.6722430617213033e-4,0.06821485124373432,9.601605234875496e-4,0.7062332059282841,27.411594201735735,28.629883431729766,1,0.1,1.5
1974,52,0.23087614566764164,0.002206474387165369,1.248172819941011,0.007496320535722953,12.764800667094326,40.06930457546259,41.394684098824094,20,0.1,1.5
1974,51,0.23087614566764164,4.989453433369126e-10,1.0678711938615886,0,10.832629374050432,50.901933949513015,52.22731347287453,20,0.1,1.5
1974,50,0.23087614566764164,5.409732407191989e-40,1.1838603475248937,0,11.99252090569403,62.894454855207044,64.21983437856856,20,0.1,1.5
1974,49,0.23087614566764164,7.758434509465616e-74,1.3050471432428195,0,13.204388862873289,76.09884371808033,77.42422324144185,20,0.1,1.5
1974,48,0.23087614566764164,4.033626724420697e-96,1.391499907683493,0,14.068916507280024,90.16776022536035,91.49313974872187,20,0.1,1.5
1974,47,0.23087614566764164,3.567547584765117e-98,1.3953926321778884,0,14.107843752223978,104.27560397758432,105.60098350094586,20,0.1,1.5
1974,46,0.23087614566764164,3.567547584765162e-138,1.392604496569462,0,14.079962396139713,118.35556637372403,119.68094589708556,20,0.1,1.5
1974,45,0.23087614566764164,3.5675475847652077e-178,1.3898219319379725,0,14.05213674982482,132.40770312354886,133.7330826469104,20,0.1,1.5
1974,44,0.23087614566764164,3.5675475847652535e-218,1.3870449271520435,0,14.02436670196553,146.4320698255144,147.75744934887592,20,0.1,1.5
1974,43,0.23087614566764164,3.567547584765297e-258,1.3842734711025413,0,13.996652141470507,160.42872196698488,161.75410149034644,20,0.1,1.5
1974,42,0.23087614566764164,3.5675475847653444e-298,1.3815075527025296,0,13.96899295747039,174.39771492445527,175.72309444781683,20,0.1,1.5
1974,41,0.23087614566764164,0,1.378747160887226,0,13.941389039317354,188.33910396377263,189.6644834871342,20,0.1,1.5
1974,40,0.23087614566764164,0,1.3759922846139543,0,13.913840276584637,202.25294424035727,203.57832376371883,20,0.1,1.5
1974,39,0.23087614566764164,0,1.3732429128621022,0,13.886346559066116,216.13929079942338,217.46467032278494,20,0.1,1.5
1974,38,0.23087614566764164,0,1.3704990346330812,0,13.858907776775906,229.9981985761993,231.32357809956085,20,0.1,1.5
1974,37,0.23087614566764164,0,1.3677606389502766,0,13.83152381994786,243.82972239614713,245.1551019195087,20,0.1,1.5
1974,36,0.23087614566764164,0,1.3650277148590049,0,13.804194579035142,257.6339169751823,258.95929649854384,20,0.1,1.5
1974,35,0.23087614566764164,0,1.3623002514264744,0,13.776919944709837,271.4108369198921,272.7362164432537,20,0.1,1.5
1974,34,0.23087614566764164,0,1.359578237741738,0,13.749699807862473,285.1605367277546,286.4859162511162,20,0.1,1.5
1974,33,0.23087614566764164,0,1.356861662915646,0,13.722534059601553,298.8830707873562,300.20845031071775,20,0.1,1.5
1974,32,0.23087614566764164,0,1.3541505160808092,0,13.695422591253186,312.5784933786094,313.90387290197094,20,0.1,1.5
1974,31,0.23087614566764164,0,1.3514447863915517,0,13.668365294360612,326.24685867297,327.57223819633157,20,0.1,1.5
1974,30,0.23087614566764164,0,1.3487444630238703,0,13.641362060683797,339.88822073365384,341.21360025701534,20,0.1,1.5
1974,29,0.23087614566764164,0,1.3460495351753876,0,13.61441278219897,353.50263351585284,354.82801303921434,20,0.1,1.5
1974,28,0.23087614566764164,0,1.3433599920653092,0,13.587517351098185,367.09015086695103,368.41553039031254,20,0.1,1.5
1974,27,0.23087614566764164,0,1.3406758229343843,0,13.560675659788936,380.65082652674,381.9762060501015,20,0.1,1.5
1974,26,0.23087614566764164,0,1.3379970170448587,0,13.533887600893681,394.1847141276337,395.5100936509952,20,0.1,1.5
1974,25,0.23087614566764164,0,1.3353235636804324,0,13.507153067249417,407.6918671948831,409.0172467182446,20,0.1,1.5
1974,24,0.23087614566764164,0,1.3326554521462202,0,13.480471951907296,421.1723391467904,422.4977186701519,20,0.1,1.5
1974,23,0.23087614566764164,0,1.3299926717687047,0,13.453844148132141,434.6261832949226,435.95156281828406,20,0.1,1.5
1974,22,0.23087614566764164,0,1.3273352118956967,0,13.42726954940206,448.0534528443247,449.37883236768613,20,0.1,1.5
1974,21,0.23087614566764164,0,1.3246830618962888,0,13.400748049407982,461.45420089373266,462.7795804170941,20,0.1,1.5
1974,20,0.23087614566764164,0,1.3220362111608175,0,13.37427954205327,474.82848043578593,476.1538599591474,20,0.1,1.5
1974,19,0.23087614566764164,0,1.319394649100816,0,13.347863921453254,488.1763443572392,489.50172388060065,20,0.1,1.5
1974,18,0.23087614566764164,0,1.3167583651489778,0,13.321501081934873,501.4978454391741,502.8232249625355,20,0.1,1.5
1974,17,0.23087614566764164,0,1.3141273487591063,0,13.295190918036157,514.7930363572102,516.1184158805717,20,0.1,1.5
1974,16,0.23087614566764164,0,1.311501589406082,0,13.268933324505914,528.061969681716,529.3873492050776,20,0.1,1.5
1974,15,0.23087614566764164,0,1.3088810765858137,0,13.242728196303231,541.3046978780193,542.6300774013808,20,0.1,1.5
1974,14,0.23087614566764164,0,1.3062657998151974,0,13.216575428597068,554.5212733066163,555.8466528299779,20,0.1,1.5
1974,13,0.23087614566764164,0,1.303655748632077,0,13.190474916765863,567.7117482233822,569.0371277467437,20,0.1,1.5
1974,12,0.23087614566764164,0,1.3010509125951997,0,13.16442655639709,580.8761747797793,582.2015543031408,20,0.1,1.5
1974,11,0.23087614566764164,0,1.298451281284176,0,13.138430243286853,594.0146050230661,595.3399845464277,20,0.1,1.5
1974,10,0.23087614566764164,0,1.2958568442994363,0,13.112485873439457,607.1270908965055,608.4524704198672,20,0.1,1.5
1974,9,0.23087614566764164,0,1.2932675912621918,0,13.086593343067012,620.2136842395724,621.5390637629341,20,0.1,1.5
1974,8,0.23087614566764164,0,1.2906835118143927,0,13.06075254858902,633.2744367881614,634.5998163115231,20,0.1,1.5
1974,7,0.23087614566764164,0,1.2881045956186825,0,13.034963386631919,646.3094001747934,647.6347796981551,20,0.1,1.5
1974,6,0.23087614566764164,0,1.2855308323583616,0,13.00922575402871,659.318625928822,660.6440054521838,20,0.1,1.5
1974,5,0.23087614566764164,0,1.2829622117373438,0,12.983539547818532,672.3021654766405,673.6275450000023,20,0.1,1.5
1974,4,0.23087614566764164,0,1.280398723480116,0,12.957904665246254,685.2600701418868,686.5854496652486,20,0.1,1.5
1974,3,0.23087614566764164,0,1.2778403573316959,0,12.932321003762052,698.1923911456488,699.5177706690106,20,0.1,1.5
1974,2,0.011543807283382081,0,5.429720023474267e-4,0,0.013125591545728989,698.2055167371946,699.5308962605563,1,0.1,1.5
1974,1,150,0,1.2901026847135393,0,112.9010268471354,811.10654358433,812.4319231076918,99999,0.1,1.5
1975,100,1.8435643015790414e-4,0.0409308382214581,0.0409308382214581,0,0.818739668715934,0,0,1,0.1,1.5
1975,99,2.0946298636496464e-4,4.289049191860591e-4,0.042886202869414025,0.0020191881049971177,0.4621362642340125,0.4332907198769108,0.4621362642340125,1,0.1,1.5
1975,98,2.386986777674896e-4,5.603739138987716e-4,0.04513946979314735,0.0021033113053703094,0.48720487388473915,0.8904482893992169,0.9493411381187516,1,0.1,1.5
1975,97,2.735450781808852e-4,5.797991702695863e-4,0.04706393791508005,0.002163298114137334,0.5075239930123409,1.3670680236381672,1.4568651311310925,1,0.1,1.5
1975,96,3.15752856364506e-4,5.881043325575632e-4,0.04840175043686232,0.0021931389382449018,0.5214396058590832,1.857177073236609,1.9783047369901756,1,0.1,1.5
1975,95,3.6499349100483974e-4,5.882639661532755e-4,0.04911748406469099,0.002192878350634389,0.5286276428829372,2.354477882539055,2.506932379873113,1,0.1,1.5
1975,94,4.1905823642545445e-4,5.873528975580108e-4,0.04977190517471927,0.0021886131334976204,0.5351378547874986,2.8583498354194448,3.0420702346606117,1,0.1,1.5
1975,93,4.8244847594487646e-4,5.860075985934446e-4,0.050416251277290734,0.002182710462147504,0.541525799106817,3.3686940564955834,3.583596033767429,1,0.1,1.5
1975,92,6.029918506527495e-4,5.842534610297816e-4,0.051049205496736076,0.0021752659506180908,0.5478118120107331,3.885430640640344,4.131407845778162,1,0.1,1.5
1975,91,7.907735232346679e-4,5.821005342099217e-4,0.05167073085279678,0.0021663181505502845,0.5540028983696085,4.408486136859234,4.68541074414777,1,0.1,1.5
1975,90,0.0010414617850304983,5.795510064207193e-4,0.052281072496355684,0.002155876333034553,0.5600987762135161,4.937786679743685,5.245509520361287,1,0.1,1.5
1975,89,0.0013484144448885575,5.766091608216063e-4,0.05288080474849734,0.002143957573462205,0.5661010473916227,5.473259761800134,5.8116105677529095,1,0.1,1.5
1975,88,0.0017028060738419133,5.732810206576262e-4,0.053470808030229335,0.0021305854114852677,0.5720130290078871,6.014835856358231,6.383623596760796,1,0.1,1.5
1975,87,0.0020938867977229147,5.695422921523547e-4,0.05404919205719612,0.0021156707783819505,0.5778071362878993,6.562419124383531,6.9614307330486955,1,0.1,1.5
1975,86,0.0025291127635232425,5.65374673840699e-4,0.054613181694333754,0.0020991471168397037,0.5834594548122796,7.115890763240958,7.544890187860975,1,0.1,1.5
1975,85,0.003022913070043806,5.607946196106492e-4,0.05516276501109876,0.0020810770417888152,0.5889805437126778,7.675141634928081,8.133870731573653,1,0.1,1.5
1975,84,0.003572266014939471,5.558074151013215e-4,0.05569803073199657,0.002061481656664199,0.5943696300999509,8.240061527075685,8.728240361673604,1,0.1,1.5
1975,83,0.004172172715696933,5.504203541880413e-4,0.05621937699205499,0.002040389517219728,0.599627843614129,8.810540949015246,9.327868205287734,1,0.1,1.5
1975,82,0.004815657340267675,5.446426138594901e-4,0.056727520714016155,0.00201783614381105,0.6047583021314736,9.386473020520848,9.932626507419208,1,0.1,1.5
1975,81,0.0054937872513675535,5.384849649972105e-4,0.05722348983309327,0.001993862925581004,0.6097660288948784,9.967755293335998,10.542392536314086,1,0.1,1.5
1975,80,0.0061734616341954885,5.319425269024512e-4,0.05770822405348232,0.0019684532941594457,0.6146380682384462,10.554272600229309,11.157030604552531,1,0.1,1.5
1975,79,0.006844604556394974,5.250312357548899e-4,0.058183319707016644,0.0019416677747742205,0.6193846902001817,11.145919179361288,11.776415294752713,1,0.1,1.5
1975,78,0.00751361466098227,5.177809387451779e-4,0.05865097155179441,0.001913618181133398,0.6240340039336707,11.742615780707338,12.400449298686384,1,0.1,1.5
1975,77,0.008166211697511217,5.102064855800936e-4,0.059113274401753575,0.0018843606537403178,0.6285983879155868,12.344294730712349,13.02904768660197,1,0.1,1.5
1975,76,0.008787170376952902,5.02322261689773e-4,0.05957245713407575,0.001853949486665593,0.6330909002089418,12.95090063825464,13.662138586810912,1,0.1,1.5
1975,75,0.009360877582253783,4.940990218279085e-4,0.06002549332711892,0.001822277978704922,0.6374690510972315,13.562337146798944,14.299607637908142,1,0.1,1.5
1975,74,0.00990134123530219,4.855209692431957e-4,0.06046855654119375,0.0017892894383720029,0.6417029469522662,14.178478816060181,14.941310584860409,1,0.1,1.5
1975,73,0.010430239219584653,4.7661608512266854e-4,0.06090263893837463,0.0017550886398734846,0.645818737903365,14.799224859108211,15.587129322763774,1,0.1,1.5
1975,72,0.01094333046363602,4.6739285705383075e-4,0.06132815708210299,0.0017197083488391092,0.6498183151602652,15.424475912142203,16.23694763792404,1,0.1,1.5
1975,71,0.011436329974013604,4.578599294883335e-4,0.06174555693742915,0.001683181873985625,0.6537038439945022,16.054134300794054,16.890651481918542,1,0.1,1.5
1975,70,0.01190494062748788,4.4802603880311304e-4,0.062155308212125594,0.0016455428237871078,0.657477724219809,16.688104270388333,17.548129206138352,1,0.1,1.5
1975,69,0.012344886190564777,4.3789994879250285e-4,0.06255789793694809,0.0016068248655947937,0.6611425439215175,17.32629217337278,18.20927175005987,1,0.1,1.5
1975,68,0.012751945479591274,4.274903898008098e-4,0.06295382358666617,0.0015670614990774465,0.6647010295950274,17.968606610123846,18.873972779654896,1,0.1,1.5
1975,67,0.013121987590356252,4.168060023882567e-4,0.06334358576717951,0.0015262858473150715,0.6681559929556543,18.614958519546427,19.54212877261055,1,0.1,1.5
1975,66,0.01345100817199879,4.058552907236953e-4,0.06372768119525125,0.0014845304845697747,0.6715102819920786,19.265261223187508,20.213639054602627,1,0.1,1.5
1975,65,0.013735163050711197,3.9464655458108864e-4,0.06410659108480814,0.0014418271869873125,0.6747666830037089,19.919430374948544,20.888405737606337,1,0.1,1.5
1975,64,0.01397082421089456,3.8318563013702744e-4,0.06448038465079658,0.0013981986951333882,0.6779238526899334,20.577379960565143,21.56632959029627,1,0.1,1.5
1975,63,0.014156619385626764,3.714772820937565e-4,0.06484874411383176,0.0013536638526518677,0.6809780152542234,21.239019920781484,22.247307605550493,1,0.1,1.5
1975,62,0.014293555797178744,3.5952866891173017e-4,0.06521155071608635,0.0013082502466835672,0.6839291202864366,21.904259751829585,22.93123672583693,1,0.1,1.5
1975,61,0.014381997663121843,3.473464523133897e-4,0.0655686106602513,0.0012619836453815318,0.6867759073588928,22.573007321397313,23.61801263319582,1,0.1,1.5
1975,60,0.014422593205688047,3.3493740571261964e-4,0.06591968742158177,0.0012148902243608352,0.6895168850437955,23.24516863180738,24.307529518239615,1,0.1,1.5
1975,59,0.014416253186073598,3.223084458516933e-4,0.06626450408741681,0.0011669966841640366,0.6921503419924108,23.92064759259745,24.999679860232025,1,0.1,1.5
1975,58,0.014364130186678955,3.094666731476671e-4,0.06660274789554517,0.0011183303988221644,0.6946743810326501,24.5993458250755,25.694354241264676,1,0.1,1.5
1975,57,0.014267588057521598,2.964194154404687e-4,0.06693407734894316,0.0010689195757518982,0.6970869726691158,25.281162518091016,26.391441213933792,1,0.1,1.5
1975,56,0.014128158199904888,2.831712980907664e-4,0.06725739696661782,0.001018782729046974,0.6993784937667411,25.96598697287137,27.090819707700533,1,0.1,1.5
1975,55,0.013951118016842803,2.6975145104461457e-4,0.06757747303923323,9.680263518305724e-4,0.7016019381306341,26.65375996311871,27.792421645831165,1,0.1,1.5
1975,54,0.013713438286392123,2.575360730795898e-4,0.06827512282005482,9.215688003804449e-4,0.7076341496991356,27.348228844240978,28.5000557955303,1,0.1,1.5
1975,53,0.011543807283382081,2.427123739336087e-4,0.06844806988948184,8.65768537708771e-4,0.7069718161236772,28.042832538397388,29.207027611653977,1,0.1,1.5
1975,52,0.23087614566764164,0.001896144877802392,1.2499220827929476,0.006399041688408123,12.763514588415568,40.714932245549974,41.970542200069545,20,0.1,1.5
1975,51,0.23087614566764164,4.989453433369129e-12,1.0677644067422025,0,10.831561497917015,51.54649374346698,52.80210369798656,20,0.1,1.5
1975,50,0.23087614566764164,5.4097324071919915e-42,1.1837419614901412,0,11.991337045346507,63.53783078881349,64.79344074333306,20,0.1,1.5
1975,49,0.23087614566764164,7.75843450946562e-76,1.3049166385284952,0,13.203083815730045,76.74091460454353,77.9965245590631,20,0.1,1.5
1975,48,0.23087614566764164,4.0336267244206996e-98,1.3913607576927247,0,14.06752500737234,90.80843961191587,92.06404956643544,20,0.1,1.5
1975,47,0.23087614566764164,3.567547584765119e-100,1.3952530929146707,0,14.1064483595918,104.91488797150767,106.17049792602724,20,0.1,1.5
1975,46,0.23087614566764164,3.567547584765164e-140,1.392465236119805,0,14.078569791643146,118.99345776315081,120.24906771767039,20,0.1,1.5
1975,45,0.23087614566764164,3.5675475847652096e-180,1.3896829497447787,0,14.050746927892881,133.0442046910437,134.29981464556326,20,0.1,1.5
1975,44,0.23087614566764164,3.567547584765256e-220,1.3869062226593283,0,14.022979657038377,147.06718434808207,148.32279430260164,20,0.1,1.5
1975,43,0.23087614566764164,3.567547584765299e-260,1.384135043755431,0,13.995267867999404,161.06245221608145,162.31806217060105,20,0.1,1.5
1975,42,0.23087614566764164,3.567547584765346e-300,1.3813694019472593,0,13.967611449917687,175.03006366599914,176.28567362051874,20,0.1,1.5
1975,41,0.23087614566764164,0,1.3786092861711372,0,13.940010292156465,188.9700739581556,190.2256839126752,20,0.1,1.5
1975,40,0.23087614566764164,0,1.375854685385493,0,13.912464284300023,202.88253824245564,204.13814819697524,20,0.1,1.5
1975,39,0.23087614566764164,0,1.373105588570816,0,13.884973316153255,216.7675115586089,218.0231215131285,20,0.1,1.5
1975,38,0.23087614566764164,0,1.370361984729618,0,13.857537277741274,230.62504883635017,231.88065879086977,20,0.1,1.5
1975,37,0.23087614566764164,0,1.3676238628863815,0,13.830156059308909,244.45520489565908,245.71081485017868,20,0.1,1.5
1975,36,0.23087614566764164,0,1.364891212087519,0,13.802829551320283,258.25803444697937,259.51364440149894,20,0.1,1.5
1975,35,0.23087614566764164,0,1.3621640214013317,0,13.775557644458411,272.0335920914378,273.2892020459573,20,0.1,1.5
1975,34,0.23087614566764164,0,1.359442279917964,0,13.748340229624734,285.7819323210626,287.03754227558204,20,0.1,1.5
1975,33,0.23087614566764164,0,1.3567259767493545,0,13.721177197938639,299.50310951900127,300.75871947352067,20,0.1,1.5
1975,32,0.23087614566764164,0,1.3540151010292012,0,13.694068440737105,313.1971779597384,314.4527879142578,20,0.1,1.5
1975,31,0.23087614566764164,0,1.3513096419129127,0,13.667013849574221,326.8641918093126,328.119801763832,20,0.1,1.5
1975,30,0.23087614566764164,0,1.348609588577568,0,13.640013316220774,340.5042051255334,341.7598150800528,20,0.1,1.5
1975,29,0.23087614566764164,0,1.34591493022187,0,13.613066732663794,354.1172718581972,355.3728818127166,20,0.1,1.5
1975,28,0.23087614566764164,0,1.3432256560661027,0,13.58617399110612,367.70344584930336,368.95905580382276,20,0.1,1.5
1975,27,0.23087614566764164,0,1.3405417553520909,0,13.559334983966002,381.2627808332694,382.51839078778875,20,0.1,1.5
1975,26,0.23087614566764164,0,1.3378632173431542,0,13.532549603876635,394.79533043714605,396.0509403916654,20,0.1,1.5
1975,25,0.23087614566764164,0,1.3351900313240643,0,13.505817743685737,408.30114818083183,409.5567581353511,20,0.1,1.5
1975,24,0.23087614566764164,0,1.3325221866010055,0,13.479139296455148,421.780287477287,423.0358974318063,20,0.1,1.5
1975,23,0.23087614566764164,0,1.329859672501528,0,13.452514155460372,435.2328016327474,436.4884115872667,20,0.1,1.5
1975,22,0.23087614566764164,0,1.3272024783745071,0,13.425942214190165,448.65874384693757,449.91435380145685,20,0.1,1.5
1975,21,0.23087614566764164,0,1.3245505935900992,0,13.399423366346086,462.0581672132837,463.3137771678029,20,0.1,1.5
1975,20,0.23087614566764164,0,1.3219040075397015,0,13.372957505842109,475.4311247191258,476.68673467364505,20,0.1,1.5
1975,19,0.23087614566764164,0,1.319262709635906,0,13.346544526804154,488.77766924593,490.0332792004492,20,0.1,1.5
1975,18,0.23087614566764164,0,1.316626689312463,0,13.320184323569723,502.0978535694997,503.35346352401893,20,0.1,1.5
1975,17,0.23087614566764164,0,1.3139959360242304,0,13.293876790687397,515.3917303601871,516.6473403147063,20,0.1,1.5
1975,16,0.23087614566764164,0,1.3113704392471415,0,13.267621822916508,528.6593521831036,529.9149621376228,20,0.1,1.5
1975,15,0.23087614566764164,0,1.3087501884781552,0,13.241419315226645,541.9007714983302,543.1563814528494,20,0.1,1.5
1975,14,0.23087614566764164,0,1.306135173235216,0,13.215269162797254,555.1160406611274,556.3716506156466,20,0.1,1.5
1975,13,0.23087614566764164,0,1.3035253830572138,0,13.189171261017231,568.3052119221446,569.5608218766638,20,0.1,1.5
1975,12,0.23087614566764164,0,1.3009208075039402,0,13.163125505484496,581.4683374276291,582.7239473821483,20,0.1,1.5
1975,11,0.23087614566764164,0,1.2983214361560476,0,13.137131792005569,594.6054692196346,595.8610791741538,20,0.1,1.5
1975,10,0.23087614566764164,0,1.2957272586150064,0,13.111190016595158,607.7166592362298,608.972269190749,20,0.1,1.5
1975,9,0.23087614566764164,0,1.2931382645030656,0,13.08530007547575,620.8019593117056,622.0575692662247,20,0.1,1.5
1975,8,0.23087614566764164,0,1.2905544434632112,0,13.059461865077207,633.8614211767828,635.1170311313019,20,0.1,1.5
1975,7,0.23087614566764164,0,1.2879757851591207,0,13.0336752820363,646.895096458819,648.1507064133382,20,0.1,1.5
1975,6,0.23087614566764164,0,1.2854022792751258,0,13.007940223196352,659.9030366820153,661.1586466365345,20,0.1,1.5
1975,5,0.23087614566764164,0,1.28283391551617,0,12.982256585606795,672.885293267622,674.1409032221413,20,0.1,1.5
1975,4,0.23087614566764164,0,1.280270683607768,0,12.956624266522773,685.8419175341448,687.0975274886641,20,0.1,1.5
1975,3,0.23087614566764164,0,1.2777125732959627,0,12.93104316340472,698.7729606975495,700.0285706520689,20,0.1,1.5
1975,2,0.011543807283382081,0,5.429177051471919e-4,0,0.01312504857372664,698.7860857461233,700.0416957006425,1,0.1,1.5
1975,1,150,0,1.289973674445068,0,112.89973674445068,811.685822490574,812.9414324450933,99999,0.1,1.5
1976,101,1.6334010276924227e-4,0.03877618977192787,0.03877618977192787,0,0.7756326888404036,0,0,1,0.1,1.5
1976,100,1.8435643015790414e-4,4.093083822145812e-4,0.04092674513763595,0.001810803726365117,0.4393520641476361,0.41348343948527727,0.4393520641476361,1,0.1,1.5
1976,99,2.0946298636496464e-4,0.00050908607544114005,0.04338671127537637,0.001899737224895663,0.4662367187118802,0.8525810549843623,0.9055887828595164,1,0.1,1.5
1976,98,2.386986777674896e-4,5.314315654815651e-4,0.04566078367251061,0.00197338028260665,0.4902724317261475,1.3146623398161292,1.395861214585664,1,0.1,1.5
1976,97,2.735450781808852e-4,5.466225202370293e-4,0.04760005604982288,0.0020288555761238817,0.5106328001735371,1.796311488902182,1.9064940147592009,1,0.1,1.5
1976,96,3.15752856364506e-4,5.541657778868011e-4,0.04894519499637986,0.0020561285520617973,0.5245773746763638,2.2915155985490916,2.431071389435565,1,0.1,1.5
1976,95,3.6499349100483974e-4,5.5410222732013e-4,0.04966079190394312,0.0020551500607284626,0.5317515568884709,2.7939078688557273,2.9628229463240356,1,0.1,1.5
1976,94,4.1905823642545445e-4,5.530268123499852e-4,0.0503140812675762,0.002050399786956934,0.538241878484835,3.302858321812606,3.5010648248088705,1,0.1,1.5
1976,93,4.8244847594487646e-4,5.515376915228104e-4,0.050956887267699875,0.0020440983840797045,0.5446072873963762,3.8182642037221295,4.045672112205247,1,0.1,1.5
1976,92,6.029918506527495e-4,5.496590222648205e-4,0.05158791706384093,0.0020363364525288427,0.5508682761785715,4.340041959150288,4.5965403883838185,1,0.1,1.5
1976,91,7.907735232346679e-4,5.474005429796703e-4,0.052207143317349075,0.002027151060538925,0.5570319218169523,4.868114580102399,5.1535723102007704,1,0.1,1.5
1976,90,0.0010414617850304983,5.447645933228455e-4,0.052814813472364684,0.002016551850314003,0.5630979720894767,5.4024046686159615,5.716670282290247,1,0.1,1.5
1976,89,0.0013484144448885575,5.417554849737673e-4,0.05341150606138804,0.0020045557734129963,0.569068069475634,5.9428362270428385,6.285738351765881,1,0.1,1.5
1976,88,0.0017028060738419133,5.383791630778932e-4,0.053998107302297635,0.0019911858198096107,0.574945580414549,6.489336295745821,6.86068393218043,1,0.1,1.5
1976,87,0.0020938867977229147,5.346131175170112e-4,0.05457270483258589,0.0019763597941029063,0.5807028153771715,7.041805399778665,7.441386747557601,1,0.1,1.5
1976,86,0.0025291127635232425,5.304405259483329e-4,0.055132507155374245,0.0019600167489952696,0.5863157912602689,7.600120951767573,8.02770253881787,1,0.1,1.5
1976,85,0.003022913070043806,5.258772066433103e-4,0.055677517995044855,0.0019422164618358845,0.5917951768517091,8.164170179164485,8.61949771566958,1,0.1,1.5
1976,84,0.003572266014939471,5.20928488317063e-4,0.05620783134308942,0.0019229799096247059,0.5971402505567583,8.733839288155176,9.216637966226338,1,0.1,1.5
1976,83,0.004172172715696933,5.156015828468125e-4,0.05672385243366071,0.0019023350239876207,0.602352203270601,9.309015276797382,9.818990169496939,1,0.1,1.5
1976,82,0.004815657340267675,5.099054620913574e-4,0.05722630699789751,0.00188031621564938,0.6074342230502964,9.889587839624115,10.426424392547235,1,0.1,1.5
1976,81,0.0054937872513675535,5.038505810452231e-4,0.05771623321550522,0.0018569633321087627,0.6123914104013031,10.475451202423864,11.038815802948537,1,0.1,1.5
1976,80,0.0061734616341954885,4.974327488088859e-4,0.058194566554616835,0.0018322622388719815,0.6172108089647491,11.066486836547584,11.656026611913287,1,0.1,1.5
1976,79,0.006844604556394974,4.90667256051104e-4,0.0586629183187395,0.0018062706144265535,0.6219027913725487,11.662585761999754,12.277929403285835,1,0.1,1.5
1976,78,0.00751361466098227,4.835823546708013e-4,0.05912351099992258,0.0017790937116551047,0.6264956344388044,12.263665771986341,12.90442503772464,1,0.1,1.5
1976,77,0.008166211697511217,4.761922282908804e-4,0.05957845323774848,0.001750784808535794,0.631001807342579,12.86965636777841,13.535426845067219,1,0.1,1.5
1976,76,0.008787170376952902,4.6851059428329597e-4,0.06002998726002874,0.0017213953517406194,0.6354344542954787,13.480499459906165,14.170861299362699,1,0.1,1.5
1976,75,0.009360877582253783,4.605104848945096e-4,0.060475060272462446,0.0016908273340864857,0.6397509688296408,14.096095752534572,14.81061226819234,1,0.1,1.5
1976,74,0.00990134123530219,4.5217756928543266e-4,0.06090983204513263,0.0016590295116984813,0.6439214118967413,14.71631674283562,15.454533680089082,1,0.1,1.5
1976,73,0.010430239219584653,4.435383208195978e-4,0.06133532083444916,0.0016261004670720283,0.6479720910382016,15.341058827201364,16.102505771127284,1,0.1,1.5
1976,72,0.01094333046363602,4.346010157803156e-4,0.06175195135360456,0.0015920718676847923,0.6519049611603411,15.970219904537636,16.754410732287624,1,0.1,1.5
1976,71,0.011436329974013604,4.253740677912896e-4,0.062160177850231806,0.0015569758538963873,0.6557222513614264,16.603699643700544,17.41013298364905,1,0.1,1.5
1976,70,0.01190494062748788,4.158659663348081e-4,0.06256047838725116,0.0015208448098280002,0.6594264250469658,17.241399714321396,18.069559408696016,1,0.1,1.5
1976,69,0.012344886190564777,4.0608521588662345e-4,0.06295334836355308,0.001483711137267038,0.6630201333109693,17.883223974242835,18.732579542006984,1,0.1,1.5
1976,68,0.012751945479591274,3.9604027866736973e-4,0.06333929357907686,0.001445607043647834,0.6665061647588055,18.52907860980667,19.39908570676579,1,0.1,1.5
1976,67,0.013121987590356252,3.857395218526504e-4,0.06371882287043155,0.0014065643472212343,0.669887392038621,19.178872225456416,20.06897309880441,1,0.1,1.5
1976,66,0.01345100817199879,3.751911740496806e-4,0.06409244104827416,0.0013666143169699951,0.6731667226755708,19.832515886460985,20.74213982147998,1,0.1,1.5
1976,65,0.013735163050711197,3.64403262292639e-4,0.06446063722244649,0.0013257874426281964,0.6763470008235064,20.48992306667552,21.418486822303485,1,0.1,1.5
1976,64,0.01397082421089456,3.5338153008471733e-4,0.06482348628611485,0.001284105874841809,0.6794269306098559,21.15100562764478,22.097913752913342,1,0.1,1.5
1976,63,0.014156619385626764,3.4213073598390447e-4,0.06518067520258335,0.0012415881971391083,0.6824027798876015,21.815671433287534,22.780316532800946,1,0.1,1.5
1976,62,0.014293555797178744,3.306578483600091e-4,0.06553209212268564,0.001198261031562812,0.6852745516451871,22.48382797019611,23.46559108444613,1,0.1,1.5
1976,61,0.014381997663121843,3.1896937586851687e-4,0.06587754971053066,0.0011541493243985266,0.6880410367974805,23.155381159502184,24.15363212124361,1,0.1,1.5
1976,60,0.014422593205688047,3.07071930147335e-4,0.06621681800892983,0.0011092783966816114,0.6907007957662057,23.830235121030082,24.844332917009815,1,0.1,1.5
1976,59,0.014416253186073598,2.949722554995261e-4,0.06654962680804907,0.001063674053953767,0.6932521697207793,24.508291947122952,25.537585086730594,1,0.1,1.5
1976,58,0.014364130186678955,2.8267726643701774e-4,0.06687567022046115,0.0010173627239682768,0.6956933148596478,25.189451508783055,26.23327840159024,1,0.1,1.5
1976,57,0.014267588057521598,2.701940880923792e-4,0.06719461383514624,9.703716038498224e-4,0.6980222560876362,25.873611313387123,26.931300657677877,1,0.1,1.5
1976,56,0.014128158199904888,2.575273952426512e-4,0.0675053669091829,9.227191390966923e-4,0.7002294171646211,26.560659028564647,27.631530074842498,1,0.1,1.5
1976,55,0.013951118016842803,2.4470410246808924e-4,0.06781272187988695,8.745032937387278e-4,0.7023679093643798,27.25053403373276,28.333897984206878,1,0.1,1.5
1976,54,0.013713438286392123,2.329675608259071e-4,0.06849868750786793,8.301488029885166e-4,0.7083181114919881,27.946992876610622,29.042216095698866,1,0.1,1.5
1976,53,0.011543807283382081,2.1886925816652885e-4,0.06865766721692007,7.773693421729462e-4,0.707566512589877,28.64345411288374,29.749782608288744,1,0.1,1.5
1976,52,0.23087614566764164,0.0016187218708800548,1.2513968510067703,0.005442852303578993,12.761828192129869,41.327527272105335,42.51161080041861,20,0.1,1.5
1976,51,0.23087614566764164,4.989453433369132e-14,1.0676576303015284,0,10.830493733460877,52.15802100556621,53.342104533879485,20,0.1,1.5
1976,50,0.23087614566764164,5.409732407191995e-44,1.1836235872939922,0,11.990153303385016,64.14817430895123,65.3322578372645,20,0.1,1.5
1976,49,0.23087614566764164,7.758434509465625e-78,1.3047861468646422,0,13.201778899091517,77.34995320804273,78.53403673635603,20,0.1,1.5
1976,48,0.23087614566764164,4.033626724420702e-100,1.3912216216169555,0,14.066133646614649,91.41608685465738,92.60017038297067,20,0.1,1.5
1976,47,0.23087614566764164,3.567547584765121e-102,1.3951135676053792,0,14.105053106498886,105.52113996115627,106.70522348946956,20,0.1,1.5
1976,46,0.23087614566764164,3.567547584765166e-142,1.3923259895961932,0,14.077177326407027,119.59831728756329,120.78240081587658,20,0.1,1.5
1976,45,0.23087614566764164,3.567547584765212e-182,1.3895439814498043,0,14.049357244943137,133.64767453250641,134.8317580608197,20,0.1,1.5
1976,44,0.23087614566764164,3.5675475847652575e-222,1.3867675320370623,0,14.021592750815717,147.6692672833221,148.85335081163544,20,0.1,1.5
1976,43,0.23087614566764164,3.567547584765301e-262,1.3839966302510553,0,13.993883732955647,161.66315101627777,162.8472345445911,20,0.1,1.5
1976,42,0.23087614566764164,3.567547584765348e-302,1.3812312650070646,0,13.96623008051574,175.6293810967935,176.81346462510683,20,0.1,1.5
1976,41,0.23087614566764164,0,1.37847142524252,0,13.938631682870295,189.5680127796638,190.75209630797713,20,0.1,1.5
1976,40,0.23087614566764164,0,1.3757170999169543,0,13.911088429614637,203.47910120927844,204.66318473759176,20,0.1,1.5
1976,39,0.23087614566764164,0,1.372968278011959,0,13.883600210564683,217.36270141984312,218.54678494815644,20,0.1,1.5
1976,38,0.23087614566764164,0,1.370224948531145,0,13.856166915756544,231.21886833559967,232.402951863913,20,0.1,1.5
1976,37,0.23087614566764164,0,1.3674871005000928,0,13.828788435446022,245.0476567710457,246.23174029935902,20,0.1,1.5
1976,36,0.23087614566764164,0,1.3647547229663102,0,13.801464660108195,258.8491214311539,260.0332049594672,20,0.1,1.5
1976,35,0.23087614566764164,0,1.3620278049991916,0,13.77419548043701,272.6233169115909,273.8074004399042,20,0.1,1.5
1976,34,0.23087614566764164,0,1.3593063356899722,0,13.746980787344816,286.37029769893576,287.554381227249,20,0.1,1.5
1976,33,0.23087614566764164,0,1.3565903041516796,0,13.71982047196189,300.09011817089765,301.2742016992109,20,0.1,1.5
1976,32,0.23087614566764164,0,1.3538796995190983,0,13.692714425636076,313.78283259653375,314.966916124847,20,0.1,1.5
1976,31,0.23087614566764164,0,1.3511745109487214,0,13.665662539932308,327.4484951364661,328.6325786647793,20,0.1,1.5
1976,30,0.23087614566764164,0,1.3484747276187101,0,13.638664706632195,341.0871598430983,342.2712433714115,20,0.1,1.5
1976,29,0.23087614566764164,0,1.3457803387288478,0,13.611720817733572,354.6988806608319,355.88296418914507,20,0.1,1.5
1976,28,0.23087614566764164,0,1.3430913335004961,0,13.584830765450056,368.28371142628197,369.46779495459515,20,0.1,1.5
1976,27,0.23087614566764164,0,1.3404077011765556,0,13.55799444221065,381.8417058684926,383.0257893968058,20,0.1,1.5
1976,26,0.23087614566764164,0,1.3377294310214198,0,13.531211740659293,395.37291760915195,396.5570011374651,20,0.1,1.5
1976,25,0.23087614566764164,0,1.335056512320932,0,13.504482553654412,408.8774001628064,410.0614836911195,20,0.1,1.5
1976,24,0.23087614566764164,0,1.3323889343823454,0,13.477806774268547,422.35520693707497,423.5392904653881,20,0.1,1.5
1976,23,0.23087614566764164,0,1.3297266865342778,0,13.451184295787872,435.80639123286284,436.99047476117596,20,0.1,1.5
1976,22,0.23087614566764164,0,1.3270697581266697,0,13.424615011711792,449.23100624457464,450.41508977288777,20,0.1,1.5
1976,21,0.23087614566764164,0,1.32441813853074,0,13.398098815752494,462.62910506032716,463.8131885886403,20,0.1,1.5
1976,20,0.23087614566764164,0,1.3217718171389476,0,13.371635601834571,476.0007406621618,477.18482419047484,20,0.1,1.5
1976,19,0.23087614566764164,0,1.3191307833649424,0,13.345225264094518,489.3459659262563,490.53004945456934,20,0.1,1.5
1976,18,0.23087614566764164,0,1.3164950266435318,0,13.318867696880412,502.66483362313676,503.84891715144977,20,0.1,1.5
1976,17,0.23087614566764164,0,1.313864536430628,0,13.292562794751374,515.957396417888,517.1414799462011,20,0.1,1.5
1976,16,0.23087614566764164,0,1.3112393022032167,0,13.266310452477262,529.2237068703653,530.4077903986783,20,0.1,1.5
1976,15,0.23087614566764164,0,1.3086193134593074,0,13.240110565038167,542.4638174354034,543.6479009637166,20,0.1,1.5
1976,14,0.23087614566764164,0,1.3060045597178924,0,13.213963027624018,555.6777804630274,556.8618639913406,20,0.1,1.5
1976,13,0.23087614566764164,0,1.3033950305189081,0,13.187867735634175,568.8656481986616,570.0497317269748,20,0.1,1.5
1976,12,0.23087614566764164,0,1.30079071542319,0,13.161824584676992,582.0274727833386,583.2115563116517,20,0.1,1.5
1976,11,0.23087614566764164,0,1.298191604012432,0,13.135833470569413,595.163306253908,596.3473897822212,20,0.1,1.5
1976,10,0.23087614566764164,0,1.295597685889145,0,13.109894289336543,608.2732005432445,609.4572840715578,20,0.1,1.5
1976,9,0.23087614566764164,0,1.2930089506766154,0,13.084006937211248,621.3572074804557,622.541291008769,20,0.1,1.5
1976,8,0.23087614566764164,0,1.290425388018865,0,13.058171310633744,634.4153787910894,635.5994623194027,20,0.1,1.5
1976,7,0.23087614566764164,0,1.287846987580605,0,13.032387306251143,647.4477660973406,648.6318496256539,20,0.1,1.5
1976,6,0.23087614566764164,0,1.2852737390471984,0,13.006654820917078,660.4544209182576,661.638504446571,20,0.1,1.5
1976,5,0.23087614566764164,0,1.2827056321246184,0,12.980973751691279,673.4353946699489,674.6194781982623,20,0.1,1.5
1976,4,0.23087614566764164,0,1.2801426565394072,0,12.955343995839165,686.390738665788,687.5748221941014,20,0.1,1.5
1976,3,0.23087614566764164,0,1.2775848020386331,0,12.929765450831425,699.3205041166194,700.5045876449328,20,0.1,1.5
1976,2,0.011543807283382081,0,5.428634133766772e-4,0,0.013124505656021492,699.3336286222755,700.5177121505889,1,0.1,1.5
1976,1,150,0,1.2898446770776235,0,112.89844677077623,812.2320753930517,813.4161589213651,99999,0.1,1.5
1977,102,1.4602202388434211e-4,0.03656728543320409,0.03656728543320409,0,0.7314430566800046,0,0,1,0.1,1.5
1977,101,1.6334010276924227e-4,3.8776189771927894e-4,0.038772312152950676,0.0016090605907406593,0.4146962137762694,0.39170963390854574,0.4146962137762694,1,0.1,1.5
1977,100,1.8435643015790414e-4,4.567940154134251e-4,0.04137535339471347,0.0016992885075556784,0.4427199284959791,0.8101540122965866,0.8574161422722485,1,0.1,1.5
1977,99,2.0946298636496464e-4,4.8002516697832713e-4,0.04385730691047275,0.0017790399011715933,0.46892781849644355,1.2536669750620073,1.326343960768692,1,0.1,1.5
1977,98,2.386986777674896e-4,4.986593863064782e-4,0.04614956266479503,0.0018473656798538682,0.4930322912464868,1.7203083280248674,1.8193762520151788,1,0.1,1.5
1977,97,2.735450781808852e-4,5.126801192333407e-4,0.04810250993824887,0.0018987065245052095,0.513458642881779,2.206642591985143,2.332834894896958,1,0.1,1.5
1977,96,3.15752856364506e-4,5.195737957943173e-4,0.04945433261489567,0.0019236038029152832,0.527429620338504,2.706592157996286,2.860264515235462,1,0.1,1.5
1977,95,3.6499349100483974e-4,5.193285374553169e-4,0.05016961333993484,0.0019220405139296604,0.5345904693954713,3.213724905764191,3.3948549846309337,1,0.1,1.5
1977,94,4.1905823642545445e-4,5.181302148627334e-4,0.050821649806188675,0.0019169331850528975,0.541061932154601,3.727402078132322,3.935916916785535,1,0.1,1.5
1977,93,4.8244847594487646e-4,5.165399729351542e-4,0.051462816174993035,0.0019103606158577609,0.5474060597374035,4.247517271928901,4.483322976522938,1,0.1,1.5
1977,92,6.029918506527495e-4,5.145807033548589e-4,0.052091842385266755,0.0019024084133654287,0.5536434885013956,4.773983497382218,5.036966465024334,1,0.1,1.5
1977,91,7.907735232346679e-4,5.12261770564528e-4,0.05270871036815207,0.0018931120694972822,0.5597813618716645,5.306720401118207,5.5967478268959985,1,0.1,1.5
1977,90,0.0010414617850304983,5.095856085117292e-4,0.053313669953595946,0.0018824814395832494,0.5658194554718101,5.845647264595971,6.162567282367808,1,0.1,1.5
1977,89,0.0013484144448885575,5.065564982029867e-4,0.05390730385413515,0.0018705332102636266,0.5717594494904064,6.390684811082611,6.734326731858214,1,0.1,1.5
1977,88,0.0017028060738419133,5.031802465831816e-4,0.05449050394651981,0.0018572896975796024,0.5776047559456807,6.9417568570628685,7.311931487803895,1,0.1,1.5
1977,87,0.0020938867977229147,4.994360797008967e-4,0.055061337510628354,0.0018426751538729253,0.583327591204721,7.498760517497976,7.895259079008616,1,0.1,1.5
1977,86,0.0025291127635232425,4.953085925083007e-4,0.055616998091907524,0.0018266338361141291,0.5889039111071851,8.061569659517817,8.4841629901158,1,0.1,1.5
1977,85,0.003022913070043806,4.908128875254043e-4,0.05615750435870432,0.0018092226109670266,0.5943444851418554,8.630068107360144,9.078507475257656,1,0.1,1.5
1977,84,0.003572266014939471,4.859542622893471e-4,0.05668295553736129,0.0017904621490410515,0.599648639373719,9.204138716033276,9.678156114631374,1,0.1,1.5
1977,83,0.004172172715696933,4.807397718253733e-4,0.05719376380441425,0.0017703795986206395,0.6048176213626795,9.783665200272804,10.282973735994053,1,0.1,1.5
1977,82,0.004815657340267675,4.751781085332586e-4,0.05769066342111007,0.0017490081246768975,0.6098546838758054,10.36853405379608,10.89282841986986,1,0.1,1.5
1977,81,0.0054937872513675535,4.692793388376429e-4,0.05817470242521086,0.001726385920528476,0.6147649984822797,10.958636396270812,11.507593418352139,1,0.1,1.5
1977,80,0.0061734616341954885,4.6303988720608426e-4,0.05864681265767937,0.0017025009895227498,0.619535609245786,11.55385056280913,12.127129027597924,1,0.1,1.5
1977,79,0.006844604556394974,4.564743261671494e-4,0.05910861968051427,0.0016774081094594465,0.6241769827633553,12.154064572580207,12.75130601036128,1,0.1,1.5
1977,78,0.00751361466098227,4.496092514604842e-4,0.05956237207673636,0.0016512061159116498,0.6287175485213611,12.75919346230283,13.380023558882641,1,0.1,1.5
1977,77,0.008166211697511217,4.4245812441685725e-4,0.06001019159455865,0.0016239454134933428,0.6331698585141912,13.369164100624259,14.013193417396833,1,0.1,1.5
1977,76,0.008787170376952902,4.350339438779878e-4,0.060454333099237895,0.001595674604805203,0.6375471355130113,13.983915884640053,14.650740552909845,1,0.1,1.5
1977,75,0.009360877582253783,4.273119383705665e-4,0.060891719599956824,0.0015663037808503915,0.6418066687359724,14.603346785078164,15.292547221645817,1,0.1,1.5
1977,74,0.00990134123530219,4.192791536174747e-4,0.06131849843985274,0.0015357866741541432,0.6459184797223437,15.227325455169735,15.93846570136816,1,0.1,1.5
1977,73,0.010430239219584653,4.1096049997620305e-4,0.061735712419133726,0.0015042158164822266,0.6499090193824733,15.855745677173891,16.588374720750632,1,0.1,1.5
1977,72,0.01094333046363602,4.0236397707900124e-4,0.0621437941253904,0.001471621662424468,0.6537803012731818,16.48850281184101,17.242155022023816,1,0.1,1.5
1977,71,0.011436329974013604,3.9349770415200973e-4,0.06254320579592089,0.0014380350768349863,0.6575346132239044,17.125494066824416,17.89968963524772,1,0.1,1.5
1977,70,0.01190494062748788,3.843698621203481e-4,0.06293443354186944,0.0014034871196231368,0.6611744771195058,17.766618727949304,18.560864112367227,1,0.1,1.5
1977,69,0.012344886190564777,3.749886364756257e-4,0.06331798081303348,0.0013680088340134178,0.664702601965183,18.411778346571438,19.22556671433241,1,0.1,1.5
1977,68,0.012751945479591274,3.653621636986322e-4,0.06369436141063091,0.0013316310485443205,0.66812183342318,19.06087687930113,19.893688547755588,1,0.1,1.5
1977,67,0.013121987590356252,3.5549848202383506e-4,0.06406409207494983,0.0012943841957199478,0.6714351000926401,19.71382077659777,20.565123647848228,1,0.1,1.5
1977,66,0.01345100817199879,3.454054909829956e-4,0.06442768538341183,0.001256298163475667,0.6746453641463617,20.370519024123052,21.23976901199459,1,0.1,1.5
1977,65,0.013735163050711197,3.350908932799755e-4,0.0647856380193813,0.0012174020833406996,0.677755522827192,21.030883088616807,21.91752453482178,1,0.1,1.5
1977,64,0.01397082421089456,3.2456028401129945e-4,0.06513803040619669,0.0011777174018662352,0.6807643240217177,21.69482287832615,22.598288858843496,1,0.1,1.5
1977,63,0.014156619385626764,3.138183566446161e-4,0.06548455418434786,0.0011372623047725121,0.6836680760209022,22.36224434999316,23.281956934864397,1,0.1,1.5
1977,62,0.014293555797178744,3.028718363743031e-4,0.06582510417136407,0.0010960623580764078,0.6864668309623086,23.033053147268664,23.968423765826707,1,0.1,1.5
1977,61,0.014381997663121843,2.9172702485831683e-4,0.06615949928665923,0.0010541415863203785,0.6891594270761192,23.70715340882592,24.657583192902827,1,0.1,1.5
1977,60,0.014422593205688047,2.803903184718762e-4,0.06648751592629934,0.0010115243584093612,0.6917444725621141,24.384447533410757,25.34932766546494,1,0.1,1.5
1977,59,0.014416253186073598,2.68868236043437e-4,0.0668088903588567,9.682354900007494e-4,0.694220356977823,25.06483595481714,26.043548022442764,1,0.1,1.5
1977,58,0.014364130186678955,2.571674536564394e-4,0.06712332333443118,9.243003709834823e-4,0.6965852856860452,25.748216949489137,26.740133308128808,1,0.1,1.5
1977,57,0.014267588057521598,2.452948418433794e-4,0.06743048727472518,8.797451007634862e-4,0.6988373336911308,26.434486496026505,27.43897064181994,1,0.1,1.5
1977,56,0.014128158199904888,2.332550587265996e-4,0.06772929615726617,8.345878887091609e-4,0.7009669684176141,27.1235307803197,28.139937610237553,1,0.1,1.5
1977,55,0.013951118016842803,2.2107286445936284e-4,0.06802456643113364,7.889187170302856e-4,0.7030274056866387,27.815287918620193,28.842965015924193,1,0.1,1.5
1977,54,0.013713438286392123,2.098668763553882e-4,0.06869937483986428,7.467123168144875e-4,0.7089020281647603,28.513522627973316,29.551867044088954,1,0.1,1.5
1977,53,0.011543807283382081,1.9653102812490183e-4,0.06884514378574161,6.969190395288037e-4,0.7080686059399026,29.211635247634238,30.259935650028858,1,0.1,1.5
1977,52,0.23087614566764164,0.001376900294603549,1.2526324243975644,0.0046252275294052445,12.760085356358276,41.90564592500101,43.02002100638713,20,0.1,1.5
1977,51,0.23087614566764164,4.989453433369135e-16,1.0675508645384983,0,10.829426075830082,52.73507200083109,53.84944708221721,20,0.1,1.5
1977,50,0.23087614566764164,5.409732407191998e-46,1.183505224935263,0,11.988969679797723,64.7240416806288,65.83841676201493,20,0.1,1.5
1977,49,0.23087614566764164,7.758434509465628e-80,1.3046556682499557,0,13.20047411294465,77.92451579357345,79.03889087495958,20,0.1,1.5
1977,48,0.23087614566764164,4.033626724420704e-102,1.391082499454794,0,14.064742424993034,91.98925821856648,93.1036332999526,20,0.1,1.5
1977,47,0.23087614566764164,3.567547584765123e-104,1.3949740562486186,0,14.10365799293128,106.09291621149775,107.20729129288388,20,0.1,1.5
1977,46,0.23087614566764164,3.567547584765168e-144,1.3921867569972337,0,14.075785000417431,120.16870121191518,121.2830762933013,20,0.1,1.5
1977,45,0.23087614566764164,3.5675475847652136e-184,1.3894050270516594,0,14.047967700961687,134.21666891287686,135.33104399426298,20,0.1,1.5
1977,44,0.23087614566764164,3.5675475847652595e-224,1.3866288552838586,0,14.02020598328368,148.23687489616054,149.35124997754667,20,0.1,1.5
1977,43,0.23087614566764164,3.5675475847653027e-264,1.3838582305880303,0,13.992499736325396,162.22937463248593,163.34374971387206,20,0.1,1.5
1977,42,0.23087614566764164,3.56754758476535e-304,1.3810931418805639,0,13.964848849250732,176.19422348173666,177.30859856312279,20,0.1,1.5
1977,41,0.23087614566764164,0,1.378333578099996,0,13.937253211445054,190.1314766931817,191.24585177456783,20,0.1,1.5
1977,40,0.23087614566764164,0,1.3755795282069627,0,13.909712712514722,204.04118940569643,205.15556448708256,20,0.1,1.5
1977,39,0.23087614566764164,0,1.3728309811841577,0,13.882227242286671,217.9234166479831,219.03779172936922,20,0.1,1.5
1977,38,0.23087614566764164,0,1.370087926036292,0,13.854796690808014,231.7782133387911,232.89258842017722,20,0.1,1.5
1977,37,0.23087614566764164,0,1.3673503517900427,0,13.827420948345521,245.6056342871366,246.72000936852274,20,0.1,1.5
1977,36,0.23087614566764164,0,1.3646182474940136,0,13.80009990538523,259.4057341925219,260.52010927390796,20,0.1,1.5
1977,35,0.23087614566764164,0,1.3618916022186918,0,13.772833452632012,273.1785676451539,274.29294272654,20,0.1,1.5
1977,34,0.23087614566764164,0,1.359170405056403,0,13.745621481009124,286.92418912616307,288.03856420754914,20,0.1,1.5
1977,33,0.23087614566764164,0,1.3564546451212645,0,13.718463881657739,300.64265300782085,301.75702808920687,20,0.1,1.5
1977,32,0.23087614566764164,0,1.3537443115491463,0,13.691360545936558,314.3340135537574,315.44838863514343,20,0.1,1.5
1977,31,0.23087614566764164,0,1.3510393934976266,0,13.66431136542136,327.9983249191788,329.1127000005648,20,0.1,1.5
1977,30,0.23087614566764164,0,1.3483398801459483,0,13.637316231904578,341.6356411510834,342.7500162324694,20,0.1,1.5
1977,29,0.23087614566764164,0,1.345645760694975,0,13.610375037394844,355.2460161884783,356.36039126986424,20,0.1,1.5
1977,28,0.23087614566764164,0,1.342957024367146,0,13.583487674116554,368.82950386259483,369.9438789439808,20,0.1,1.5
1977,27,0.23087614566764164,0,1.340273660406438,0,13.556654034509474,382.38615789710434,383.50053297849024,20,0.1,1.5
1977,26,0.23087614566764164,0,1.3375956580783177,0,13.529874011228271,395.9160319083326,397.03040698971853,20,0.1,1.5
1977,25,0.23087614566764164,0,1.3349230066696998,0,13.503147497142091,409.4191794054747,410.5335544868606,20,0.1,1.5
1977,24,0.23087614566764164,0,1.332255695488907,0,13.476474385334164,422.8956537908089,424.01002887219477,20,0.1,1.5
1977,23,0.23087614566764164,0,1.3295937138656244,0,13.449854569101339,436.3455083599103,437.4598834412961,20,0.1,1.5
1977,22,0.23087614566764164,0,1.3269370511508571,0,13.423287941953665,449.768796301864,450.88317138324976,20,0.1,1.5
1977,21,0.23087614566764164,0,1.324285696716887,0,13.396774397613964,463.16557069947794,464.2799457808637,20,0.1,1.5
1977,20,0.23087614566764164,0,1.3216396399572337,0,13.37031383001743,476.5358845294954,477.65025961088116,20,0.1,1.5
1977,19,0.23087614566764164,0,1.318998870286606,0,13.343906133311155,489.87979066280656,490.99416574419234,20,0.1,1.5
1977,18,0.23087614566764164,0,1.3163633771408674,0,13.317551201853767,503.19734186466036,504.3117169460461,20,0.1,1.5
1977,17,0.23087614566764164,0,1.313733149976985,0,13.291248930214945,516.4885907948752,517.602965876261,20,0.1,1.5
1977,16,0.23087614566764164,0,1.3111081782729963,0,13.264999213175058,529.7535900080502,530.8679650894361,20,0.1,1.5
1977,15,0.23087614566764164,0,1.3084884515279616,0,13.23880194572471,542.9923919537749,544.1067670351608,20,0.1,1.5
1977,14,0.23087614566764164,0,1.3058739592619206,0,13.2126570230643,556.2050489768392,557.3194240582251,20,0.1,1.5
1977,13,0.23087614566764164,0,1.3032646910158563,0,13.186564340603656,569.3916133174428,570.5059883988288,20,0.1,1.5
1977,12,0.23087614566764164,0,1.3006606363516475,0,13.16052379396157,582.5521371114042,583.6665121927904,20,0.1,1.5
1977,11,0.23087614566764164,0,1.2980617848520306,0,13.1345352789654,595.6866723903696,596.8010474717557,20,0.1,1.5
1977,10,0.23087614566764164,0,1.295468126120556,0,13.108598691650654,608.7952710820202,609.9096461634064,20,0.1,1.5
1977,9,0.23087614566764164,0,1.2928796497815478,0,13.082713928260572,621.8779850102808,622.9923600916669,20,0.1,1.5
1977,8,0.23087614566764164,0,1.2902963454800631,0,13.056880885245725,634.9348658955265,636.0492409769126,20,0.1,1.5
1977,7,0.23087614566764164,0,1.2877182028818468,0,13.031099459263562,647.96596535479,649.0803404361762,20,0.1,1.5
1977,6,0.23087614566764164,0,1.2851452116732938,0,13.00536954717803,660.971334901968,662.0857099833543,20,0.1,1.5
1977,5,0.23087614566764164,0,1.282577361561406,0,12.979691046059154,673.9510259480271,675.0654010294135,20,0.1,1.5
1977,4,0.23087614566764164,0,1.2800146422737533,0,12.954063853182626,686.9050898012097,688.0194648825961,20,0.1,1.5
1977,3,0.23087614566764164,0,1.2774570435584294,0,12.928487866029387,699.8335776672391,700.9479527486255,20,0.1,1.5
1977,2,0.011543807283382081,0,5.428091270353395e-4,0,0.013123962792608116,699.8467016300317,700.9610767114182,1,0.1,1.5
1977,1,150,0,1.2897156926099158,0,112.89715692609916,812.7438585561308,813.8582336375173,99999,0.1,1.5
1978,103,1.3198617346202014e-4,0.03441452457221883,0.03441452457221883,0,0.6883784822266846,0,0,1,0.1,1.5
1978,102,1.4602202388434211e-4,3.656728543320411e-4,0.03656362870466077,0.001424558399532669,0.38974119788488903,0.3693903636058509,0.38974119788488903,1,0.1,1.5
1978,101,1.6334010276924227e-4,4.0614276666235764e-4,0.03917070006942054,0.0015103821772171739,0.41745421000863475,0.7652676853685261,0.8071954078935237,1,0.1,1.5
1978,100,1.8435643015790414e-4,4.2939006704305387e-4,0.04179603798626292,0.001592896688453317,0.44513285179773615,1.1876448701883575,1.25232825969126,1,0.1,1.5
1978,99,2.0946298636496464e-4,4.495602269626816e-4,0.044297681155074604,0.0016671566227167368,0.4714285789929505,1.6352569259996403,1.7237568386842104,1,0.1,1.5
1978,98,2.386986777674896e-4,4.6682801382653185e-4,0.04660678912849202,0.0017307000273087982,0.4956195899794419,2.106152229874671,2.219376428663652,1,0.1,1.5
1978,97,2.735450781808852e-4,4.7980343231863575e-4,0.04857237631838135,0.0017782716261214335,0.5161080412656172,2.5968563907671247,2.7354844699292693,1,0.1,1.5
1978,96,3.15752856364506e-4,4.8609668868676396e-4,0.049930288132363006,0.0018010297160881374,0.5301033460588569,3.1012307408818653,3.265587815988126,1,0.1,1.5
1978,95,3.6499349100483974e-4,4.8570341385696826e-4,0.05064510650708326,0.0017989865270564786,0.5372512357327838,3.612782169085271,3.80283905172091,1,0.1,1.5
1978,94,4.1905823642545445e-4,4.844145984118517e-4,0.051295800937471284,0.0017936114875822067,0.5437045487676226,4.130863696601719,4.346543600488532,1,0.1,1.5
1978,93,4.8244847594487646e-4,4.827555536937918e-4,0.051935260047339976,0.001786852080311235,0.5500282466177947,4.655365484929353,4.896571847106327,1,0.1,1.5
1978,92,6.029918506527495e-4,4.8074791037490573e-4,0.052562235304369584,0.0017787892183245813,0.5562431012620408,5.1861973116439,5.452814948368368,1,0.1,1.5
1978,91,7.907735232346679e-4,4.7840063507996586e-4,0.053176717514489574,0.0017694568625677399,0.5623563190240576,5.723275675488418,6.015171267392425,1,0.1,1.5
1978,90,0.0010414617850304983,4.7571621598092964e-4,0.0537789589464964,0.0017588649899711708,0.5683677021953341,6.266516734969878,6.583538969587759,1,0.1,1.5
1978,89,0.0013484144448885575,4.726988675479365e-4,0.05436954642631564,0.001747029966924875,0.5742789668579644,6.815838130871772,7.157817936445724,1,0.1,1.5
1978,88,0.0017028060738419133,4.693542268607324e-4,0.054949377320520056,0.0017339734124379403,0.5800935682721492,7.371160650394808,7.737911504717873,1,0.1,1.5
1978,87,0.0020938867977229147,4.656631492652403e-4,0.055516500165345525,0.0017196254359824927,0.5857836353348156,7.9323782080727305,8.323695140052688,1,0.1,1.5
1978,86,0.0025291127635232425,4.616115449536153e-4,0.05606809485112686,0.001703934989226006,0.5913250675540014,8.499361347209218,8.91502020760669,1,0.1,1.5
1978,85,0.003022913070043806,4.572137816170107e-4,0.05660419426101021,0.0016869561590802363,0.5967287295074476,9.071990703015521,9.511748937114136,1,0.1,1.5
1978,84,0.003572266014939471,4.5247507988315633e-4,0.057124902779067815,0.001668709234790697,0.6019939926202889,9.650145992281656,10.113742929734425,1,0.1,1.5
1978,83,0.004172172715696933,4.474022973734136e-4,0.05763063932768897,0.001649220544410163,0.6071221582193288,10.233707857009412,10.720865087953754,1,0.1,1.5
1978,82,0.004815657340267675,4.4200381225455697e-4,0.058122146385937185,0.0016285220087984297,0.6121165403344544,10.822559797218174,11.33298162828821,1,0.1,1.5
1978,81,0.0054937872513675535,4.362892735204954e-4,0.05860048143510046,0.001606650204503924,0.616982377699082,11.416590029138629,11.949964005987292,1,0.1,1.5
1978,80,0.0061734616341954885,4.302556462527483e-4,0.059066573223794286,0.0015835949950710143,0.6217067154338056,12.015673958928563,12.571670721421098,1,0.1,1.5
1978,79,0.006844604556394974,4.239167706265331e-4,0.05952206084591108,0.0015594083970230082,0.6263001086842538,12.619696804798203,13.197970830105351,1,0.1,1.5
1978,78,0.00751361466098227,4.172976214925173e-4,0.059969217368506605,0.0015341832748093974,0.6307911302664946,13.228571031138848,13.828761960371846,1,0.1,1.5
1978,77,0.008166211697511217,4.1041093461750426e-4,0.06041017692877253,0.0015079673209462477,0.6351924100648065,13.842221050904422,14.463954370436653,1,0.1,1.5
1978,76,0.008787170376952902,4.0326899064008063e-4,0.06084720631712927,0.0014808064612728887,0.6395172446805129,14.460583917566751,15.103471615117165,1,0.1,1.5
1978,75,0.009360877582253783,3.9584906459630355e-4,0.06127720637320943,0.0014526181050749304,0.6437228266482493,15.083555056999645,15.747194441765414,1,0.1,1.5
1978,74,0.00990134123530219,3.8813946007471055e-4,0.06169631325854728,0.0014233604254629767,0.6477791417068448,15.711000478342733,16.394973583472257,1,0.1,1.5
1978,73,0.010430239219584653,3.8016355912031866e-4,0.06210559280201237,0.0013931203263832046,0.6517127753727148,16.342811534767115,17.046686358844973,1,0.1,1.5
1978,72,0.01094333046363602,3.71929055376907e-4,0.06250548516158398,0.0013619270585585649,0.6555257966485837,16.978881230579148,17.702212155493555,1,0.1,1.5
1978,71,0.011436329974013604,3.634437462502667e-4,0.06289646024455005,0.0013298102277958242,0.6592205488591905,17.619104490469827,18.361432704352744,1,0.1,1.5
1978,70,0.01190494062748788,3.547154785269877e-4,0.06327901187842103,0.0012967995927459805,0.6627996091222718,18.2633783911243,19.024232313475014,1,0.1,1.5
1978,69,0.012344886190564777,3.457520948681107e-4,0.06365365122345554,0.001262924866480912,0.6662657411171496,18.911602348434577,19.690498054592165,1,0.1,1.5
1978,68,0.012751945479591274,3.365613837730664e-4,0.06402089973662593,0.00122821553144548,0.669621844353891,19.563678256624964,20.360119898946056,1,0.1,1.5
1978,67,0.013121987590356252,3.271510337502253e-4,0.06438128171467232,0.0011927006705069645,0.6728709002183719,20.219510575836093,21.032990799164427,1,0.1,1.5
1978,66,0.01345100817199879,3.175285957787467e-4,0.0647353171557424,0.001156408829006332,0.6760159224252058,20.879006372132636,21.70900672158963,1,0.1,1.5
1978,65,0.013735163050711197,3.0770142976797464e-4,0.06508350997641453,0.0011193678193972677,0.6790598582774982,21.542075261561603,22.38806657986713,1,0.1,1.5
1978,64,0.01397082421089456,2.9767495330667177e-4,0.06542594595362262,0.001081598362649615,0.6820014970572648,22.20862535343816,23.070068076924393,1,0.1,1.5
1978,63,0.014156619385626764,2.8745375975957417e-4,0.06576232130512255,0.0010431181945332714,0.684837185399238,22.878560850344066,23.754905262323632,1,0.1,1.5
1978,62,0.014293555797178744,2.77044307882845e-4,0.06609253725046604,0.0010039518355796037,0.6875670218613167,23.551785703125674,24.442472284184948,1,0.1,1.5
1978,61,0.014381997663121843,2.664526668286778e-4,0.06641641873331067,9.641223862576845e-4,0.690189889390013,24.22820241556915,25.13266217357496,1,0.1,1.5
1978,60,0.014422593205688047,2.5568499278705905e-4,0.06673374826430904,9.236532636539155e-4,0.6927044413317136,24.907711810277238,25.825366614906674,1,0.1,1.5
1978,59,0.014416253186073598,2.447475548606217e-4,0.06704426834232101,8.825682970876967e-4,0.6951091129590229,25.59021280470644,26.520475727865698,1,0.1,1.5
1978,58,0.014364130186678955,2.3364676728243497e-4,0.0673476860948436,8.40891846271328e-4,0.6974021560733986,26.27560222011882,27.217877883939096,1,0.1,1.5
1978,57,0.014267588057521598,2.2238922360930536e-4,0.06764368050118859,7.986489258593901e-4,0.6995816929890798,26.96377464273848,27.917459576928177,1,0.1,1.5
1978,56,0.014128158199904888,2.1097952276455623e-4,0.06793117019982774,7.558574282585217e-4,0.7016382326200288,27.65461491209767,28.619097809548204,1,0.1,1.5
1978,55,0.013951118016842803,1.9944040790216504e-4,0.0682149936537481,7.126001090833108e-4,0.7036250875193975,28.348059998058734,29.322722897067603,1,0.1,1.5
1978,54,0.013713438286392123,1.8877674796717575e-4,0.06887918298158392,6.72451512356521e-4,0.7094283396629608,29.04788188754517,30.032151236730563,1,0.1,1.5
1978,53,0.011543807283382081,1.7619507016344995e-4,0.06901248903124522,6.254625511677913e-4,0.7085178918387385,29.74746460008151,30.7406691285693,1,0.1,1.5
1978,52,0.23087614566764164,0.0011700758852973465,1.2536634680374759,0.0039363536838153065,12.75848649372733,42.44971746975433,43.499155622296634,20,0.1,1.5
1978,51,0.23087614566764164,4.989453433369138e-18,1.0674441094520446,0,10.82835852496554,53.27807599471987,54.32751414726217,20,0.1,1.5
1978,50,0.23087614566764164,5.409732407192001e-48,1.1833868744127694,0,11.987786174572788,65.26586216929266,66.31530032183495,20,0.1,1.5
1978,49,0.23087614566764164,7.758434509465632e-82,1.3045252026831307,0,13.199169457276401,78.46503162656906,79.51446977911135,20,0.1,1.5
1978,48,0.23087614566764164,4.033626724420706e-104,1.3909433912048483,0,14.063351342493577,92.52838296906263,93.57782112160493,20,0.1,1.5
1978,47,0.23087614566764164,3.567547584765125e-106,1.3948345588429938,0,14.102263018875032,106.63064598793767,107.68008414047996,20,0.1,1.5
1978,46,0.23087614566764164,3.5675475847651703e-146,1.392047538321534,0,14.074392813660435,120.7050388015981,121.7544769541404,20,0.1,1.5
1978,45,0.23087614566764164,3.5675475847652157e-186,1.3892660865489541,0,14.046578295934635,134.75161709753274,135.80105525007502,20,0.1,1.5
1978,44,0.23087614566764164,3.567547584765262e-226,1.3864901923983302,0,14.018819354428395,148.77043645196113,149.8198746045034,20,0.1,1.5
1978,43,0.23087614566764164,3.5675475847653046e-266,1.3837198447649715,0,13.991115878094808,162.76155233005593,163.81099048259821,20,0.1,1.5
1978,42,0.23087614566764164,3.567547584765352e-306,1.3809550325663758,0,13.963467756108852,176.7250200861648,177.77445823870707,20,0.1,1.5
1978,41,0.23087614566764164,0,1.378195744742186,0,13.935874877866954,190.66089496403174,191.71033311657402,20,0.1,1.5
1978,40,0.23087614566764164,0,1.375441970254142,0,13.908337132986514,204.56923209701824,205.61867024956052,20,0.1,1.5
1978,39,0.23087614566764164,0,1.3726936980860394,0,13.880854411305487,218.45008650832372,219.499524660866,20,0.1,1.5
1978,38,0.23087614566764164,0,1.3699509172436883,0,13.853426602881978,232.3035131112057,233.35295126374797,20,0.1,1.5
1978,37,0.23087614566764164,0,1.3672136167548636,0,13.826053597993731,246.12956670919942,247.1790048617417,20,0.1,1.5
1978,36,0.23087614566764164,0,1.3644817856692641,0,13.798735287137735,259.9283019963372,260.97774014887943,20,0.1,1.5
1978,35,0.23087614566764164,0,1.36175541305847,0,13.771471561029793,273.69977355736705,274.7492117099092,20,0.1,1.5
1978,34,0.23087614566764164,0,1.3590344880158975,0,13.74426231060407,287.44403586797114,288.4934740205133,20,0.1,1.5
1978,33,0.23087614566764164,0,1.3563189996567524,0,13.717107427012618,301.1611432949838,302.2105814475259,20,0.1,1.5
1978,32,0.23087614566764164,0,1.3536089371179914,0,13.690006801625007,314.8511500966088,315.9005882491509,20,0.1,1.5
1978,31,0.23087614566764164,0,1.3509042895582768,0,13.662960326027862,328.5141104226367,329.5635485751788,20,0.1,1.5
1978,30,0.23087614566764164,0,1.3482050461579338,0,13.635967892024432,342.15007831466113,343.19951646720324,20,0.1,1.5
1978,29,0.23087614566764164,0,1.3455111961189055,0,13.609029391634149,355.7591077062953,356.80854585883736,20,0.1,1.5
1978,28,0.23087614566764164,0,1.3428227286647094,0,13.582144717092188,369.3412524233875,370.39069057592957,20,0.1,1.5
1978,27,0.23087614566764164,0,1.3401396330403974,0,13.555313760849067,382.89656618423663,383.94600433677863,20,0.1,1.5
1978,26,0.23087614566764164,0,1.33746189851251,0,13.528536415570194,396.42510259980685,397.47454075234884,20,0.1,1.5
1978,25,0.23087614566764164,0,1.3347895143690327,0,13.501812574135421,409.9269151739423,410.9763533264843,20,0.1,1.5
1978,24,0.23087614566764164,0,1.3321224699193581,0,13.475142129638675,423.402057303581,424.451495456123,20,0.1,1.5
1978,23,0.23087614566764164,0,1.3294607544942378,0,13.448524975387473,436.8505822789685,437.9000204315105,20,0.1,1.5
1978,22,0.23087614566764164,0,1.326804357445742,0,13.421961004902514,450.272543283871,451.321981436413,20,0.1,1.5
1978,21,0.23087614566764164,0,1.3241532681472152,0,13.395450111917246,463.6679933957883,464.71743154833024,20,0.1,1.5
1978,20,0.23087614566764164,0,1.321507475993238,0,13.368992190377472,477.0369855861658,478.0864237387077,20,0.1,1.5
1978,19,0.23087614566764164,0,1.3188669703995775,0,13.342587134440869,490.37957272060675,491.42901087314857,20,0.1,1.5
1978,18,0.23087614566764164,0,1.3162317408031532,0,13.316234838476626,503.6958075590834,504.7452457116252,20,0.1,1.5
1978,17,0.23087614566764164,0,1.3136017766619874,0,13.289935197064969,516.9857427561483,518.0351809086902,20,0.1,1.5
1978,16,0.23087614566764164,0,1.310977067455169,0,13.263688104996785,530.249430861145,531.298869013687,20,0.1,1.5
1978,15,0.23087614566764164,0,1.3083576026828088,0,13.237493457273182,543.4869243184181,544.5363624709602,20,0.1,1.5
1978,14,0.23087614566764164,0,1.3057433718659945,0,13.21135114910504,556.6982754675231,557.7477136200652,20,0.1,1.5
1978,13,0.23087614566764164,0,1.3031343645467548,0,13.185261075912642,569.8835365434358,570.9329746959778,20,0.1,1.5
1978,12,0.23087614566764164,0,1.3005305702880123,0,13.159223133325217,583.042759676761,584.092197829303,20,0.1,1.5
1978,11,0.23087614566764164,0,1.2979319786735455,0,13.133237217180548,596.1759968939415,597.2254350464835,20,0.1,1.5
1978,10,0.23087614566764164,0,1.295338579307944,0,13.107303223524534,609.283300117466,610.3327382700081,20,0.1,1.5
1978,9,0.23087614566764164,0,1.2927503618165697,0,13.08142104861079,622.3647211660767,623.4141593186189,20,0.1,1.5
1978,8,0.23087614566764164,0,1.2901673158455151,0,13.055590588900245,635.420311754977,636.4697499075191,20,0.1,1.5
1978,7,0.23087614566764164,0,1.2875894310615585,0,13.02981174106068,648.4501234960376,649.4995616485799,20,0.1,1.5
1978,6,0.23087614566764164,0,1.2850166971521264,0,13.004084401966358,661.4542078980039,662.5036460505462,20,0.1,1.5
1978,5,0.23087614566764164,0,1.28244910382525,0,12.978408468697593,674.4326163667015,675.4820545192438,20,0.1,1.5
1978,4,0.23087614566764164,0,1.279886640809526,0,12.952783838540354,687.3854002052418,688.4348383577841,20,0.1,1.5
1978,3,0.23087614566764164,0,1.2773292978540736,0,12.927210408985829,700.3126106142277,701.3620487667699,20,0.1,1.5
1978,2,0.011543807283382081,0,5.427548461226359e-4,0,0.01312341998348108,700.3257340342111,701.3751721867534,1,0.1,1.5
1978,1,150,0,1.2895867210406549,0,112.89586721040655,813.2216012446177,814.2710393971599,99999,0.1,1.5
1979,104,1.2078554187489775e-4,0.03240911941674768,0.03240911941674768,0,0.6482629120295368,0,0,1,0.1,1.5
1979,103,1.3198617346202014e-4,3.441452457221885e-4,0.034411083119761605,0.0012629694931020475,0.3656826957671752,0.34764027443714596,0.3656826957671752,1,0.1,1.5
1979,102,1.4602202388434211e-4,3.597963284264876e-4,0.03691611194167347,0.0013410286068394615,0.39201398224320044,0.7204967051540684,0.7576966780103757,1,0.1,1.5
1979,101,1.6334010276924227e-4,3.816569719709171e-4,0.03954437854371789,0.0014208531449093256,0.4196671506288674,1.1198659537128024,1.1773638286392432,1,0.1,1.5
1979,100,1.8435643015790414e-4,4.025180727837598e-4,0.04219008255457762,0.0014980901289113045,0.44745019811626147,1.545914864273188,1.6248140267555047,1,0.1,1.5
1979,99,2.0946298636496464e-4,4.2128475794881104e-4,0.04471004054263828,0.0015675323331701676,0.473846214042069,1.9973677592699686,2.0986602407975736,1,0.1,1.5
1979,98,2.386986777674896e-4,4.373432869654649e-4,0.04703480345640637,0.001626838482078065,0.49812114962953574,2.472248359155532,2.5967813904271093,1,0.1,1.5
1979,97,2.735450781808852e-4,4.493659408535447e-4,0.04901208698727987,0.0016710757124709364,0.5186694028449444,2.96704525182232,3.115450793272054,1,0.1,1.5
1979,96,3.15752856364506e-4,4.55118395908902e-4,0.0503755525325718,0.0016919523146502393,0.5326879585411963,3.47556246301137,3.64813875181325,1,0.1,1.5
1979,95,3.6499349100483974e-4,4.546036659026893e-4,0.05108978862819667,0.0016895054694064538,0.5398230443550891,3.9912497149463673,4.18796179616834,1,0.1,1.5
1979,94,4.1905823642545445e-4,4.532470178796702e-4,0.05173907422927309,0.001683916331414006,0.5462585322207731,4.513452299575511,4.734220328389113,1,0.1,1.5
1979,93,4.8244847594487646e-4,4.515405756147467e-4,0.05237677954141305,0.0016770154893929181,0.5525621976217591,5.042057133063086,5.286782526010872,1,0.1,1.5
1979,92,6.029918506527495e-4,4.4950478368489436e-4,0.05300167638542029,0.0016688796582861197,0.5587549442336697,5.576970939321239,5.845537470244541,1,0.1,1.5
1979,91,7.907735232346679e-4,4.471482219927346e-4,0.05361376405838006,0.001659541416304202,0.5648440396711826,6.11810724447379,6.410381509915724,1,0.1,1.5
1979,90,0.0010414617850304983,4.44473409652602e-4,0.054213297298094536,0.0016490108270781354,0.5708293124638459,6.665379259407948,6.98121082237957,1,0.1,1.5
1979,89,0.0013484144448885575,4.414844804066981e-4,0.05480086696340423,0.0016373039504141709,0.5767125138358563,7.218701716809316,7.557923336215426,1,0.1,1.5
1979,88,0.0017028060738419133,4.381868953780924e-4,0.05537737573589749,0.0016244417638288412,0.5824971412738242,7.7779925471713,8.14042047748925,1,0.1,1.5
1979,87,0.0020938867977229147,4.345629904882756e-4,0.05594085487432462,0.0016103595546748943,0.5881552396752998,8.343142650351243,8.728575717164551,1,0.1,1.5
1979,86,0.0025291127635232425,4.3059986275603766e-4,0.05648847178894825,0.001595010412792293,0.593662654732615,8.914019442043967,9.322238371897166,1,0.1,1.5
1979,85,0.003022913070043806,4.2631117758622916e-4,0.05702027288135417,0.0015784459236867802,0.5990303434506729,9.490500558013402,9.92126871534784,1,0.1,1.5
1979,84,0.003572266014939471,4.2170205949650585e-4,0.057536367597487585,0.0015606860050390704,0.6042577216041682,10.07246276525987,10.525526436952008,1,0.1,1.5
1979,83,0.004172172715696933,4.1677915907627493e-4,0.058037181399858744,0.001541756223295439,0.6093461429707019,10.659783819326352,11.13487257992271,1,0.1,1.5
1979,82,0.004815657340267675,4.11550540322153e-4,0.0585234646734982,0.001521687361636927,0.6142989812455761,11.2523444096914,11.749171561168286,1,0.1,1.5
1979,81,0.0054937872513675535,4.0602544386118594e-4,0.058996283938082934,0.001500514528970235,0.6191215404961181,11.850030028345087,12.368293101664404,1,0.1,1.5
1979,80,0.0061734616341954885,4.002013052302811e-4,0.059456565315239664,0.0014782292027334235,0.6238008673332118,12.452713335639249,12.992093968997617,1,0.1,1.5
1979,79,0.006844604556394974,3.940912669620174e-4,0.05990596073908224,0.0014548809158435485,0.628347602848185,13.060276925403954,13.620441571845802,1,0.1,1.5
1979,78,0.00751361466098227,3.8771879491727453e-4,0.060346766265472106,0.0014305572097577553,0.6327904586125165,13.672630852448503,14.253232030458319,1,0.1,1.5
1979,77,0.008166211697511217,3.8109593958273694e-4,0.060781127741316214,0.0014053033464785248,0.6371421400332139,14.289697230389166,14.890374170491533,1,0.1,1.5
1979,76,0.008787170376952902,3.7423430522462296e-4,0.06121132321181578,0.0013791628559902162,0.6414160152691852,14.911410919144204,15.531790185760718,1,0.1,1.5
1979,75,0.009360877582253783,3.6711301691469563e-4,0.06163423317884084,0.0013520595946028228,0.6455691840781458,15.537664966156596,16.177359369838864,1,0.1,1.5
1979,74,0.00990134123530219,3.597215009664913e-4,0.062045983733587176,0.0013239556245776209,0.6495715982820851,16.168322912659,16.826930968120948,1,0.1,1.5
1979,73,0.010430239219584653,3.5208171718700436e-4,0.06244766232432797,0.0012949328322648074,0.6534499736891319,16.803273845887208,17.48038094181008,1,0.1,1.5
1979,72,0.01094333046363602,3.442010551934103e-4,0.06283971637770747,0.0012650193665875564,0.6572064332083978,17.442408573858643,18.137587375018477,1,0.1,1.5
1979,71,0.011436329974013604,3.360869944114587e-4,0.06322262315547456,0.0012342436831723996,0.6608433740982844,18.08561989534018,18.79843074911676,1,0.1,1.5
1979,70,0.01190494062748788,0.00032774705297176503,0.06359688387541967,0.001202634353706482,0.6643634271361417,18.732802831709087,19.462794176252903,1,0.1,1.5
1979,69,0.012344886190564777,3.1918873756890914e-4,0.06396301707495342,0.0011702198793967099,0.6677694091007907,19.383854813961353,20.130563585353695,1,0.1,1.5
1979,68,0.012751945479591274,3.1041949669910067e-4,0.06432155152951365,0.0011370285174601732,0.671064271783667,20.038675821209875,20.801627857137362,1,0.1,1.5
1979,67,0.013121987590356252,3.0144667796424337e-4,0.06467301875412759,0.0011030881231935035,0.6742510478077296,20.697168467257697,21.47587890494509,1,0.1,1.5
1979,66,0.01345100817199879,2.9227749320937045e-4,0.06501794583127841,0.0010684260214160483,0.6773328009035824,21.359238039283905,22.153211705848673,1,0.1,1.5
1979,65,0.013735163050711197,2.8291896914699665e-4,0.06535684358026621,0.0010330688256634506,0.6803125269421791,22.02479244014518,22.83352423279085,1,0.1,1.5
1979,64,0.01397082421089456,2.7337634019547046e-4,0.06568980294968967,9.970365808737616e-4,0.6831890554328824,22.693738115851293,23.516713288223734,1,0.1,1.5
1979,63,0.014156619385626764,2.636540862309136e-4,0.06601652462162536,9.603465883324402e-4,0.6859587703118248,23.36597764918694,24.20267205853556,1,0.1,1.5
1979,62,0.014293555797178744,2.5375840197372935e-4,0.0663369159556359,9.230224093053525e-4,0.6886218151928633,24.041413429961157,24.891293873728422,1,0.1,1.5
1979,61,0.014381997663121843,2.4369512323270788e-4,0.06665080768800176,8.850862914052209e-4,0.6911771164316433,24.719946456515583,25.582470990160065,1,0.1,1.5
1979,60,0.014422593205688047,2.3347016584134947e-4,0.06695798820539609,8.465607738523757e-4,0.693623371190248,25.401476102365084,26.276094361350314,1,0.1,1.5
1979,59,0.014416253186073598,2.230895498205304e-4,0.06725820598975871,8.074687770663462e-4,0.6959590590969796,26.08589989321826,26.972053420447292,1,0.1,1.5
1979,58,0.014364130186678955,2.1255942924065636e-4,0.06755117428780194,7.678337125833811e-4,0.6981824769984507,26.77311331717981,27.670235897445743,1,0.1,1.5
1979,57,0.014267588057521598,2.0188612370094057e-4,0.06783657836460331,7.276795981391493e-4,0.7002917930852829,27.463009687434532,28.370527690531027,1,0.1,1.5
1979,56,0.014128158199904888,1.91074152292276e-4,0.06811334143987238,6.870239990685591e-4,0.7022775566130388,28.155472615489447,29.072805247144068,1,0.1,1.5
1979,55,0.013951118016842803,1.8014443134984937e-4,0.06838632218165355,6.459433072632651e-4,0.7041931730069282,28.850438026964042,29.776998420150996,1,0.1,1.5
1979,54,0.013713438286392123,1.7000064556880201e-4,0.06904040794137489,6.07663093193785e-4,0.7099272793917047,29.551684405024407,30.4869256995427,1,0.1,1.5
1979,53,0.011543807283382081,1.5812758849358233e-4,0.06916195342013405,5.631943965950133e-4,0.7089423158456026,30.25258108663294,31.195868015388303,1,0.1,1.5
1979,52,0.23087614566764164,9.957891798068e-4,1.254522190111626,0.003361717990304769,12.75712176607806,42.96167830999236,43.952989781466364,20,0.1,1.5
1979,51,0.23087614566764164,4.98945343336914e-20,1.0673373650410993,0,10.827291080856087,53.78896939084844,54.78028086232245,20,0.1,1.5
1979,50,0.23087614566764164,5.409732407192004e-50,1.183268535725328,0,11.986602787698375,65.77557217854681,66.76688365002083,20,0.1,1.5
1979,49,0.23087614566764164,7.758434509465636e-84,1.3043947501628623,0,13.197864932073717,78.97343711062052,79.96474858209454,20,0.1,1.5
1979,48,0.23087614566764164,4.033626724420708e-106,1.390804296865728,0,14.061960399102373,93.0353975097229,94.02670898119692,20,0.1,1.5
1979,47,0.23087614566764164,3.567547584765127e-108,1.3946950753871095,0,14.10086818431619,107.13626569403908,108.1275771655131,20,0.1,1.5
1979,46,0.23087614566764164,3.567547584765172e-148,1.3919083335677018,0,14.073000766122112,121.20926646016119,122.20057793163521,20,0.1,1.5
1979,45,0.23087614566764164,3.5675475847652174e-188,1.3891271599402992,0,14.045189029848085,135.25445549000926,136.2457669614833,20,0.1,1.5
1979,44,0.23087614566764164,3.5675475847652634e-228,1.3863515433790903,0,14.017432864235996,149.27188835424525,150.26319982571928,20,0.1,1.5
1979,43,0.23087614566764164,3.5675475847653066e-268,1.383581472780495,0,13.989732158250042,163.26162051249528,164.25293198396932,20,0.1,1.5
1979,42,0.23087614566764164,3.567547584765354e-308,1.3808169370631191,0,13.962086801076286,177.22370731357157,178.2150187850456,20,0.1,1.5
1979,41,0.23087614566764164,0,1.3780579251677119,0,13.934496682122212,191.15820399569378,192.14951546716782,20,0.1,1.5
1979,40,0.23087614566764164,0,1.3753044260571166,0,13.90696169101626,205.06516568671003,206.05647715818407,20,0.1,1.5
1979,39,0.23087614566764164,0,1.3725564287162308,0,13.879481717607403,218.94464740431744,219.93595887579147,20,0.1,1.5
1979,38,0.23087614566764164,0,1.369813922151964,0,13.852056651964734,232.79670405628215,233.78801552775622,20,0.1,1.5
1979,37,0.23087614566764164,0,1.3670768953931882,0,13.824686384376976,246.62139044065913,247.6127019121332,20,0.1,1.5
1979,36,0.23087614566764164,0,1.3643453374906973,0,13.797370805352067,260.41876124601123,261.41007271748526,20,0.1,1.5
1979,35,0.23087614566764164,0,1.361619237517164,0,13.770109805616734,274.188871051628,275.180182523102,20,0.1,1.5
1979,34,0.23087614566764164,0,1.358898584567096,0,13.742903276116055,287.93177432774405,288.9230857992181,20,0.1,1.5
1979,33,0.23087614566764164,0,1.3561833677567867,0,13.715751108012961,301.647525435757,302.63883690723105,20,0.1,1.5
1979,32,0.23087614566764164,0,1.3534735762242796,0,13.68865319268789,315.33617862844494,316.3274900999189,20,0.1,1.5
1979,31,0.23087614566764164,0,1.350769199129321,0,13.661609421738303,328.99778805018326,329.98909952165724,20,0.1,1.5
1979,30,0.23087614566764164,0,1.348070225653318,0,13.634619686978272,342.63240773716154,343.6237192086355,20,0.1,1.5
1979,29,0.23087614566764164,0,1.3453766449992937,0,13.60768388043803,356.2400916175996,357.2314030890735,20,0.1,1.5
1979,28,0.23087614566764164,0,1.342688446391843,0,13.580801894363523,369.82089351196316,370.812204983437,20,0.1,1.5
1979,27,0.23087614566764164,0,1.3400056190770935,0,13.553973621216029,383.37486713317924,384.36617860465304,20,0.1,1.5
1979,26,0.23087614566764164,0,1.3373281523226588,0,13.527198953671682,396.90206608685094,397.89337755832474,20,0.1,1.5
1979,25,0.23087614566764164,0,1.3346560354175958,0,13.500477784621053,410.402543871472,411.3938553429458,20,0.1,1.5
1979,24,0.23087614566764164,0,1.3319892576723662,0,13.473810007168757,423.87635387864077,424.8676653501146,20,0.1,1.5
1979,23,0.23087614566764164,0,1.3293278084187885,0,13.447195514632979,437.32354939327377,438.3148608647476,20,0.1,1.5
1979,22,0.23087614566764164,0,1.3266716770099973,0,13.420634200545067,450.74418359381883,451.73549506529264,20,0.1,1.5
1979,21,0.23087614566764164,0,1.3240208528204005,0,13.394125958649099,464.13830955246794,465.12962102394175,20,0.1,1.5
1979,20,0.23087614566764164,0,1.3213753252456386,0,13.36767068290148,477.50598023536946,478.4972917068432,20,0.1,1.5
1979,19,0.23087614566764164,0,1.3187350837025376,0,13.34126826747047,490.84724850283993,491.8385599743137,20,0.1,1.5
1979,18,0.23087614566764164,0,1.316100117629073,0,13.314918606735823,504.16216710957576,505.1534785810495,20,0.1,1.5
1979,17,0.23087614566764164,0,1.3134704164843212,0,13.288621595288305,517.4507887048641,518.4421001763378,20,0.1,1.5
1979,16,0.23087614566764164,0,1.3108459697484236,0,13.26237712792933,530.7131658327934,531.7044773042671,20,0.1,1.5
1979,15,0.23087614566764164,0,1.3082267669225405,0,13.236185099670498,543.9493509324639,544.9406624039376,20,0.1,1.5
1979,14,0.23087614566764164,0,1.3056127975288079,0,13.210045405733172,557.159396338197,558.1507078096707,20,0.1,1.5
1979,13,0.23087614566764164,0,1.3030040511103,0,13.183957941548094,570.3433542797451,571.3346657512188,20,0.1,1.5
1979,12,0.23087614566764164,0,1.3004005172309836,0,13.15792260275493,583.5012768825,584.4925883539738,20,0.1,1.5
1979,11,0.23087614566764164,0,1.297802185475678,0,13.131939285201874,596.6332161677018,597.6245276391757,20,0.1,1.5
1979,10,0.23087614566764164,0,1.2952090454500131,0,13.106007884945225,609.7392240526469,610.7305355241209,20,0.1,1.5
1979,9,0.23087614566764164,0,1.292621086780388,0,13.080128298248974,622.8193523508959,623.8106638223699,20,0.1,1.5
1979,8,0.23087614566764164,0,1.2900382991139305,0,13.054300421584399,635.8736527724802,636.8649642439542,20,0.1,1.5
1979,7,0.23087614566764164,0,1.2874606721184525,0,13.028524151629618,648.9021769241098,649.8934883955839,20,0.1,1.5
1979,6,0.23087614566764164,0,1.2848881954824112,0,13.002799385269206,661.904976309379,662.8962877808531,20,0.1,1.5
1979,5,0.23087614566764164,0,1.2823208589148674,0,12.977126019593767,674.8821023289727,675.8734138004469,20,0.1,1.5
1979,4,0.23087614566764164,0,1.279758652145445,0,12.951503951899543,687.8336062808722,688.8249177523464,20,0.1,1.5
1979,3,0.23087614566764164,0,1.2772015649242883,0,12.925933079687976,700.7595393605602,701.7508508320344,20,0.1,1.5
1979,2,0.011543807283382081,0,5.427005706380237e-4,0,0.013122877228634958,700.7726622377888,701.763973709263,1,0.1,1.5
1979,1,150,0,1.2894577623685508,0,112.8945776236855,813.6672398614744,814.6585513329485,99999,0.1,1.5
1980,105,1.1200539294907983e-4,0.030614030736697273,0.030614030736697273,0,0.6123552849959115,0,0,1,0.1,1.5
1980,104,1.2078554187489775e-4,3.2409119416747695e-4,0.032405878504806,0.0011267105165981464,0.34347608520714873,0.32738022068431805,0.34347608520714873,1,0.1,1.5
1980,103,1.3198617346202014e-4,3.1918382573273377e-4,0.03472338438472514,0.0011950336481604813,0.3675855821463222,0.6778938935712048,0.7110616673534709,1,0.1,1.5
1980,102,1.4602202388434211e-4,3.3885511499413026e-4,0.03724767748218917,0.0012688357341808193,0.39408889876176756,1.0538565675589608,1.1051505661152383,1,0.1,1.5
1980,101,1.6334010276924227e-4,3.590298559470406e-4,0.03989563739209085,0.0013440632039911449,0.4218564687963843,1.456512133441186,1.5270070349116227,1,0.1,1.5
1980,100,1.8435643015790414e-4,3.785477129556637e-4,0.042560386078549985,0.0014167977294463996,0.4497522097653484,1.8860243756430144,1.976759244676971,1,0.1,1.5
1980,99,2.0946298636496464e-4,3.9609593087203e-4,0.04509745262187656,0.0014821032167856823,0.4762480306153342,2.3410995031614106,2.4530072752923053,1,0.1,1.5
1980,98,2.386986777674896e-4,4.110830533891709e-4,0.04743680959658025,0.0015377685809421738,0.5006061815364273,2.81973756211295,2.953613456828733,1,0.1,1.5
1980,97,2.735450781808852e-4,4.222625875262695e-4,0.04942495470669888,0.0015791385758636514,0.5212136588400433,3.3183920984406554,3.4748271156687762,1,0.1,1.5
1980,96,3.15752856364506e-4,4.275392626216488e-4,0.050793503055981105,0.0015983935426111056,0.5352551185561434,3.830813023530926,4.010082234224919,1,0.1,1.5
1980,95,3.6499349100483974e-4,4.2692240401064036e-4,0.05150705601668547,0.001595592495784766,0.5423772917121752,4.35039613673189,4.552459525937095,1,0.1,1.5
1980,94,4.1905823642545445e-4,4.255115530322982e-4,0.05215487940470367,0.0015898118032360254,0.5487948789240626,4.876479418466866,5.101254404861157,1,0.1,1.5
1980,93,4.8244847594487646e-4,4.23769278104377e-4,0.05279079573580714,0.0015827818204318,0.555078451319723,5.408946700923278,5.65633285618088,1,0.1,1.5
1980,92,6.029918506527495e-4,4.2171496240837886e-4,0.05341359613235328,0.001574575685723347,0.5612490438821949,5.947701806437996,6.217581900063075,1,0.1,1.5
1980,91,7.907735232346679e-4,4.1935683629597785e-4,0.05402328803605027,0.001565224814743674,0.5673139855686238,6.492655437510281,6.784895885631698,1,0.1,1.5
1980,90,0.0010414617850304983,4.1669744086605986e-4,0.05462012867513426,0.0015547393687795233,0.5732731314278262,7.043718006526971,7.358169017059525,1,0.1,1.5
1980,89,0.0013484144448885575,4.137408324076097e-4,0.05520471286431143,0.0015431351674871632,0.5791282680374088,7.600801486457421,7.937297285096934,1,0.1,1.5
1980,88,0.0017028060738419133,4.104923099109912e-4,0.055777948439281105,0.0015304326603590326,0.5848829352605637,8.16382109799857,8.522180220357498,1,0.1,1.5
1980,87,0.0020938867977229147,4.0693551857360634e-4,0.05633785067750591,0.0015165716013939659,0.5905090950839528,8.73266488449118,9.11268931544145,1,0.1,1.5
1980,86,0.0025291127635232425,4.0305860182563363e-4,0.05688157554496743,0.0015015086558515,0.5959825402986342,9.307197301134794,9.708671855740084,1,0.1,1.5
1980,85,0.003022913070043806,3.9887459269755734e-4,0.05740918233498773,0.001485293285360209,0.6013143201620279,9.887293145791677,10.309986175902111,1,0.1,1.5
1980,84,0.003572266014939471,3.943885218547327e-4,0.0579207854619876,0.0014679451109439671,0.6065038949571063,10.472826396306727,10.916490070859217,1,0.1,1.5
1980,83,0.004172172715696933,3.896068474146225e-4,0.05841681673754262,0.0014494890668110543,0.6115526709954331,11.063672080633431,11.52804274185465,1,0.1,1.5
1980,82,0.004815657340267675,3.845373458124533e-4,0.058898034167440085,0.001429954980170861,0.6164640816475256,11.6597082339928,12.144506823502175,1,0.1,1.5
1980,81,0.0054937872513675535,3.791888866811706e-4,0.05936551294193169,0.0014093767196850654,0.6212434962587317,12.260817777113175,12.765750319760906,1,0.1,1.5
1980,80,0.0061734616341954885,3.735593137356587e-4,0.05982017695939149,0.0013877471678155461,0.6258779633609572,12.86687078093391,13.391628283121864,1,0.1,1.5
1980,79,0.006844604556394974,3.676611416305073e-4,0.06026369037196922,0.0013651137433142728,0.6303782097447501,13.47774736577417,14.022006492866614,1,0.1,1.5
1980,78,0.00751361466098227,3.6151649038861154e-4,0.060698370891285,0.0013415594335982233,0.6347730850230798,14.09335531603156,14.656779577889694,1,0.1,1.5
1980,77,0.008166211697511217,3.5513679601545855e-4,0.06112637546516172,0.0013171274291179595,0.6390753698737024,14.713614579775006,15.295854947763395,1,0.1,1.5
1980,76,0.008787170376952902,3.4853305704980026e-4,0.06154999279349215,0.001291859217016326,0.6432985037617166,15.338457951865061,15.939153451525112,1,0.1,1.5
1980,75,0.009360877582253783,3.4168602881985265e-4,0.061966084654173664,0.0012656842055880106,0.6473994948217425,15.967776243749833,16.586552946346853,1,0.1,1.5
1980,74,0.00990134123530219,3.345861211540701e-4,0.06237076804135822,0.0012385678124407903,0.6513482616740023,16.601430679531823,17.237901208020855,1,0.1,1.5
1980,73,0.010430239219584653,3.272540252380719e-4,0.06276515076616174,0.0012105876278686984,0.65517164969660735,17.239308220258877,17.893072857717463,1,0.1,1.5
1980,72,0.01094333046363602,3.196968521988232e-4,0.0631496872477166,0.0011817708670469945,0.6588718355993923,17.881297614900458,18.551944693316855,1,0.1,1.5
1980,71,0.011436329974013604,3.119217907372145e-4,0.0635248618139521,0.0011521450093692385,0.6624512704491294,18.527289670930028,19.214395963765984,1,0.1,1.5
1980,70,0.01190494062748788,3.0393605895633817e-4,0.06389118277545876,0.0011217376177728383,0.6659126385401835,19.17717748635917,19.88030860230617,1,0.1,1.5
1980,69,0.012344886190564777,2.9574685722486655e-4,0.06424917574309509,0.0010905761624201646,0.6692588095933878,19.830856636489415,20.549567411899556,1,0.1,1.5
1980,68,0.012751945479591274,2.873613243320343e-4,0.06459937650372574,0.0010586878571190578,0.67249278751153,20.488225311756388,21.222060199411086,1,0.1,1.5
1980,67,0.013121987590356252,2.787864975780183e-4,0.06494232348305055,0.0010260995108797458,0.6756176559743292,21.149184403289578,21.897677855385414,1,0.1,1.5
1980,66,0.01345100817199879,2.7002928028610577e-4,0.0652785505420493,9.928374074574696e-4,0.6786365285397932,21.813637540294263,22.576314383925208,1,0.1,1.5
1980,65,0.013735163050711197,2.6109639610733264e-4,0.06560857510232404,9.589271370718589e-4,0.6815524494524811,22.481491030645717,23.25786683337769,1,0.1,1.5
1980,64,0.01397082421089456,2.519929086203951e-4,0.06593249311461313,9.243881697847357e-4,0.6843642883222374,23.152649773685315,23.942231121699926,1,0.1,1.5
1980,63,0.014156619385626764,2.4272318794541918e-4,0.0662500096162463,8.892374387144174e-4,0.6870684662806362,23.827014847984316,24.62929958798056,1,0.1,1.5
1980,62,0.014293555797178744,2.3329318634607543e-4,0.06656103786636668,8.534976852885947e-4,0.6896651718007979,24.504487195709565,25.31896475978136,1,0.1,1.5
1980,61,0.014381997663121843,2.2370852408363232e-4,0.06686541418008426,8.171904278686738e-4,0.6921533744533126,25.184966421193327,26.01111813423467,1,0.1,1.5
1980,60,0.014422593205688047,2.1397489512150743e-4,0.06716293260003864,7.803374541008328e-4,0.6945318150044529,25.868350558282053,26.705649949239124,1,0.1,1.5
1980,59,0.014416253186073598,2.0409808976479184e-4,0.06745334736342631,7.42960905312066e-4,0.6967990172080372,26.554535848271346,27.40244896644716,1,0.1,1.5
1980,58,0.014364130186678955,1.9408402243825183e-4,0.067736377598519,7.050833793326692e-4,0.6989533227054442,27.24341655127204,28.101402289152606,1,0.1,1.5
1980,57,0.014267588057521598,1.8393876077179671e-4,0.06801171460630163,6.667280374335017e-4,0.7009929452914654,27.934884810314458,28.80239523444407,1,0.1,1.5
1980,56,0.014128158199904888,1.7366674129006254e-4,0.06827828610549554,6.279121627760821e-4,0.7029084743550699,28.628823110915583,29.50530370879914,1,0.1,1.5
1980,55,0.013951118016842803,1.6328727112931477e-4,0.0685409693762512,5.88706680552889e-4,0.7047534072548368,29.32516642273395,30.210057116053978,1,0.1,1.5
1980,54,0.013713438286392123,1.5361577975413427e-4,0.0691854196738792,5.520375610923152e-4,0.7104188976000088,30.02769906946121,30.920476013653985,1,0.1,1.5
1980,53,0.011543807283382081,1.4237987503368913e-4,0.06929583582394079,5.097401851389893e-4,0.7093600311568421,30.72977709797321,31.629836044810826,1,0.1,1.5
1980,52,0.23087614566764164,8.503873893742602e-4,1.255237167390191,0.002885110313128457,12.756008839856865,43.44457007621395,44.38584488466769,20,0.1,1.5
1980,51,0.23087614566764164,4.989453433369143e-22,1.0672306313045952,0,10.826223743491045,54.27079381970499,55.21206862815873,20,0.1,1.5
1980,50,0.23087614566764164,5.409732407192007e-52,1.1831502088717556,0,11.98541951916265,66.25621333886764,67.19748814732138,20,0.1,1.5
1980,49,0.23087614566764164,7.75843450946564e-86,1.304264310687846,0,13.196560537323554,79.45277387619119,80.39404868464493,20,0.1,1.5
1980,48,0.23087614566764164,4.033626724420711e-108,1.3906652164360414,0,14.060569594805507,93.51334347099669,94.45461827945044,20,0.1,1.5
1980,47,0.23087614566764164,3.567547584765129e-110,1.3945556058795707,0,14.0994734892408,107.61281696023748,108.55409176869125,20,0.1,1.5
1980,46,0.23087614566764164,3.5675475847651745e-150,1.391769142734345,0,14.071608857788544,121.68442581802603,122.6257006264798,20,0.1,1.5
1980,45,0.23087614566764164,3.5675475847652193e-190,1.3889882472243051,0,14.043799902688145,135.72822572071416,136.66950052916795,20,0.1,1.5
1980,44,0.23087614566764164,3.5675475847652654e-230,1.3862129082247523,0,14.016046512692617,149.74427223340678,150.68554704186056,20,0.1,1.5
1980,43,0.23087614566764164,3.5675475847653084e-270,1.383443114633217,0,13.988348576777263,163.73262081018405,164.67389561863783,20,0.1,1.5
1980,42,0.23087614566764164,3.56754758476535e-310,1.380678855369413,0,13.960705984139222,177.69332679432327,178.63460160277705,20,0.1,1.5
1980,41,0.23087614566764164,0,1.377920119375195,0,13.933118624197045,191.62644541852032,192.5677202269741,20,0.1,1.5
1980,40,0.23087614566764164,0,1.3751668956145109,0,13.905586386590203,205.5320318051105,206.47330661356432,20,0.1,1.5
1980,39,0.23087614566764164,0,1.3724191730733593,0,13.878109161178687,219.4101409662892,220.351415774743,20,0.1,1.5
1980,38,0.23087614566764164,0,1.3696769407597489,0,13.850686838042582,233.26082780433177,234.20210261278558,20,0.1,1.5
1980,37,0.23087614566764164,0,1.366940187703649,0,13.823319307481583,247.08414711181334,248.02542192026715,20,0.1,1.5
1980,36,0.23087614566764164,0,1.3642089029569482,0,13.796006460014576,260.8801535718279,261.8214283802817,20,0.1,1.5
1980,35,0.23087614566764164,0,1.3614830755934124,0,13.768748186379218,274.64890175820716,275.59017656666094,20,0.1,1.5
1980,34,0.23087614566764164,0,1.3587626947086393,0,13.741544377531486,288.39044613573867,289.33172094419245,20,0.1,1.5
1980,33,0.23087614566764164,0,1.3560477494200112,0,13.714394924645205,302.1048410603839,303.04611586883766,20,0.1,1.5
1980,32,0.23087614566764164,0,1.3533382288666571,0,13.687299719111666,315.7921407794956,316.7334155879493,20,0.1,1.5
1980,31,0.23087614566764164,0,1.350634122209408,0,13.660258652539174,329.4523994320348,330.3936742404885,20,0.1,1.5
1980,30,0.23087614566764164,0,1.3479354186307526,0,13.63327161675262,343.08567104878745,344.0269458572411,20,0.1,1.5
1980,29,0.23087614566764164,0,1.3452421073347938,0,13.606338503793031,356.6920095525805,357.63328436103416,20,0.1,1.5
1980,28,0.23087614566764164,0,1.3425541775472039,0,13.579459205917132,370.27146875849763,371.2127435669513,20,0.1,1.5
1980,27,0.23087614566764164,0,1.3398716185151858,0,13.552633615596951,383.8241023740946,384.76537718254826,20,0.1,1.5
1980,26,0.23087614566764164,0,1.3371944195074266,0,13.52586162551936,397.349963999614,398.29123880806765,20,0.1,1.5
1980,25,0.23087614566764164,0,1.3345225698140541,0,13.499143128585635,410.84910712819965,411.79038193665326,20,0.1,1.5
1980,24,0.23087614566764164,0,1.331856058746599,0,13.472478017911085,424.32158514611075,425.26285995456436,20,0.1,1.5
1980,23,0.23087614566764164,0,1.3291948756379466,0,13.44586618682456,437.7674513329353,438.7087261413889,20,0.1,1.5
1980,22,0.23087614566764164,0,1.3265390098422964,0,13.419307528868059,451.1867588618034,452.12803367025697,20,0.1,1.5
1980,21,0.23087614566764164,0,1.3238884507351185,0,13.392801937796278,464.57956079959973,465.52083560805323,20,0.1,1.5
1980,20,0.23087614566764164,0,1.321243187713114,0,13.366349307576234,477.945910107176,478.88718491562946,20,0.1,1.5
1980,19,0.23087614566764164,0,1.3186032101941674,0,13.339949532386768,491.28585963956283,492.2271344480162,20,0.1,1.5
1980,18,0.23087614566764164,0,1.31596850761731,0,13.313602506618194,504.59946214618105,505.5407369546344,20,0.1,1.5
1980,17,0.23087614566764164,0,1.3133390694426728,0,13.28730812487182,517.8867702710528,518.8280450795062,20,0.1,1.5
1980,16,0.23087614566764164,0,1.3107148851514487,0,13.26106628195958,531.1478365530123,532.0891113614657,20,0.1,1.5
1980,15,0.23087614566764164,0,1.3080959442458482,0,13.234876872903575,544.3827134259159,545.3239882343693,20,0.1,1.5
1980,14,0.23087614566764164,0,1.305482236249055,0,13.208739792935644,557.5914532188515,558.5327280273049,20,0.1,1.5
1980,13,0.23087614566764164,0,1.302873750705189,0,13.182654937496984,570.7741081563485,571.7153829648018,20,0.1,1.5
1980,12,0.23087614566764164,0,1.3002704771792606,0,13.156622202237699,583.9307303585862,584.8720051670396,20,0.1,1.5
1980,11,0.23087614566764164,0,1.2976724052571305,0,13.130641483016399,597.0613718416025,598.0026466500559,20,0.1,1.5
1980,10,0.23087614566764164,0,1.2950795245454683,0,13.104712675899776,610.1660845175022,611.1073593259557,20,0.1,1.5
1980,9,0.23087614566764164,0,1.29249182467171,0,13.078835677162195,623.2449201946644,624.1861950031179,20,0.1,1.5
1980,8,0.23087614566764164,0,1.2899092952840192,0,13.053010383285287,636.2979305779496,637.2392053864031,20,0.1,1.5
1980,7,0.23087614566764164,0,1.2873319260512406,0,13.0272366909575,649.3251672689071,650.2664420773606,20,0.1,1.5
1980,6,0.23087614566764164,0,1.2847597066628629,0,13.001514497073723,662.3266817659808,663.2679565744343,20,0.1,1.5
1980,5,0.23087614566764164,0,1.2821926268289758,0,12.975843698734852,675.3025254647156,676.2438002731691,20,0.1,1.5
1980,4,0.23087614566764164,0,1.2796306762802303,0,12.950224193247397,688.2527496579629,689.1940244664165,20,0.1,1.5
1980,3,0.23087614566764164,0,1.2770738447677958,0,12.924655878123053,701.177405536086,702.1186803445396,20,0.1,1.5
1980,2,0.011543807283382081,0,5.426463005809599e-4,0,0.01312233452806432,701.1905278706141,702.1318026790676,1,0.1,1.5
1980,1,150,0,1.289328816592314,0,112.89328816592314,814.0838160365373,815.0250908449907,99999,0.1,1.5
1981,106,1.052787964286831e-4,0.029068780849307196,0.029068780849307196,0,0.5814458028504297,0,0,1,0.1,1.5
1981,105,1.1200539294907983e-4,3.061403073669729e-4,0.030610969333623603,0.0010156601914966185,0.32375519797896635,0.3092457666718718,0.32375519797896635,1,0.1,1.5
1981,104,1.2078554187489775e-4,2.849185410912114e-4,0.03268431554610506,0.0010735625786467292,0.3451094728329278,0.6390186312384177,0.6688646708118942,1,0.1,1.5
1981,103,1.3198617346202014e-4,3.019502502974477e-4,0.03501867045832679,0.0011392522829876304,0.36956923048265933,0.992312829106968,1.0384339012945536,1,0.1,1.5
1981,102,1.4602202388434211e-4,3.205974846951461e-4,0.03756116164798616,0.0012093746585577535,0.39619172017927523,1.371227768449704,1.4346256214738289,1,0.1,1.5
1981,101,1.6334010276924227e-4,3.3960609955725665e-4,0.040227663629349424,0.0012808034775564252,0.4240787832274333,1.7770093591406169,1.8587044047012622,1,0.1,1.5
1981,100,1.8435643015790414e-4,3.5798490949115653e-4,0.04291032947230373,0.0013498038349253245,0.4520889600322254,2.2098154072453378,2.3107933647334877,1,0.1,1.5
1981,99,2.0946298636496464e-4,3.744867635051409e-4,0.0454634686808108,0.0014116717639879612,0.47868593591961167,2.668334603679407,2.7894793006530993,1,0.1,1.5
1981,98,2.386986777674896e-4,3.8855297576943516e-4,0.04781650806085613,0.0014643042792058276,0.5031283753781839,3.150544346497508,3.2926076760312832,1,0.1,1.5
1981,97,2.735450781808852e-4,3.9900726984117555e-4,0.04981479685519412,0.0015032757606072773,0.5237957726444823,3.6528647511333148,3.8164034486757656,1,0.1,1.5
1981,96,3.15752856364506e-4,4.038737782789929e-4,0.051188022091328285,0.001521157311503893,0.5378602793360856,4.16899421173363,4.354263728011851,1,0.1,1.5
1981,95,3.6499349100483974e-4,4.031673479862979e-4,0.05190080343502999,0.0015180277829896134,0.544969148009732,4.6922772485577955,4.899232876021583,1,0.1,1.5
1981,94,4.1905823642545445e-4,4.0170806633932934e-4,0.052547116867572206,0.0015120523472900759,0.551368369315162,5.2220448700545274,5.4506012453367445,1,0.1,1.5
1981,93,4.8244847594487646e-4,3.999331478889938e-4,0.05318121211134151,0.0015048787034248716,0.5576313521013854,5.758177954964129,6.00823259743813,1,0.1,1.5
1981,92,6.029918506527495e-4,3.978610710549205e-4,0.05380189869417088,0.0014965771023612595,0.563779265110235,6.300577547183488,6.572011862548365,1,0.1,1.5
1981,91,7.907735232346679e-4,3.954997720488783e-4,0.05440919191093258,0.0014871780628951576,0.5698195000771399,6.8491516463621265,7.1418313626255046,1,0.1,1.5
1981,90,0.0010414617850304983,3.928518166035414e-4,0.05500335150446163,0.001476691890568847,0.5757519395040366,7.403807987429465,7.717583302129541,1,0.1,1.5
1981,89,0.0013484144448885575,3.899212001958669e-4,0.055584976184896794,0.0014651342695435636,0.5815784063790936,7.964455904243651,8.299161708508635,1,0.1,1.5
1981,88,0.0017028060738419133,3.8671308818886806e-4,0.05615497880952694,0.0014525252745837686,0.5873024840918685,8.531008027270037,8.886464192600503,1,0.1,1.5
1981,87,0.0020938867977229147,3.8321225553422753e-4,0.056711359792786645,0.0014388084260365359,0.5928960511012602,9.103349672285061,9.479360243701763,1,0.1,1.5
1981,86,0.0025291127635232425,3.7940774998113135e-4,0.05725126455137581,0.0014239434254549152,0.5983348471243217,9.681342470474313,10.077695090826085,1,0.1,1.5
1981,85,0.003022913070043806,3.753120672670278e-4,0.05777476473809428,0.0014079780468929828,0.6036300155321135,10.264858513907956,10.681325106358198,1,0.1,1.5
1981,84,0.003572266014939471,3.7093016295453913e-4,0.0582819796611774,0.0013909317368924843,0.608781062302124,10.853769122825902,11.290106168660323,1,0.1,1.5
1981,83,0.004172172715696933,3.662683351769098e-4,0.05877334732257163,0.0013728289756776567,0.6137894475642974,11.447946727880518,11.90389561622462,1,0.1,1.5
1981,82,0.004815657340267675,3.613341185008398e-4,0.05924963310906606,0.001353698865923925,0.6186586657299986,12.047266838383031,12.52255428195462,1,0.1,1.5
1981,81,0.0054937872513675535,3.5613606878807805e-4,0.059711920570558755,0.0013335743131620338,0.6233941528443139,12.651609929610744,13.145948434798933,1,0.1,1.5
1981,80,0.0061734616341954885,3.5067238509124313e-4,0.06016113173364944,0.0013124494357142705,0.6279829599299314,13.260843611887614,13.773931394728866,1,0.1,1.5
1981,79,0.006844604556394974,3.449550472448733e-4,0.06059894243876059,0.001290369960635091,0.6324359011448193,13.874845656451932,14.406367295873686,1,0.1,1.5
1981,78,0.00751361466098227,3.3900502330344194e-4,0.06102769091259543,0.0012674151457694577,0.6367819664534928,14.493521692251575,15.043149262327178,1,0.1,1.5
1981,77,0.008166211697511217,3.3283322523964447e-4,0.06144954468489469,0.0012436265111008956,0.6410340132487445,15.116789612484592,15.684183275575922,1,0.1,1.5
1981,76,0.008787170376952902,3.264501348245795e-4,0.061866802598466886,0.0012190438921617498,0.6452055536627177,15.744580253402141,16.32938882923864,1,0.1,1.5
1981,75,0.009360877582253783,3.198379116852012e-4,0.06227630909710525,0.0011936013804143765,0.6492535034343742,16.376782308544882,16.97864233267301,1,0.1,1.5
1981,74,0.00990134123530219,3.1298781432173827e-4,0.06267417291766429,0.001167267255416317,0.6531477479826758,17.01325481002161,17.631790080655687,1,0.1,1.5
1981,73,0.010430239219584653,3.059194472195553e-4,0.06306152115805229,0.0011401155831912084,0.656915264339935,17.653882708887387,18.288705344995623,1,0.1,1.5
1981,72,0.01094333046363602,2.9863968528373683e-4,0.06343881499575357,0.0011121728558980556,0.6605582841084836,18.298552809340187,18.949263629104106,1,0.1,1.5
1981,71,0.011436329974013604,2.911554702496818e-4,0.06380654558011302,0.001083465792279509,0.6640793132331528,18.94715403982649,19.61334294233726,1,0.1,1.5
1981,70,0.01190494062748788,2.83473765032773e-4,0.06416522806162442,0.0010540211652127548,0.6674810905688889,19.59957768517805,20.280824032906146,1,0.1,1.5
1981,69,0.012344886190564777,2.756015091772898e-4,0.06451539486612581,0.0010238656338563304,0.6707665397923074,20.255717573058124,20.951590572698453,1,0.1,1.5
1981,68,0.012751945479591274,2.675455775230848e-4,0.06485758853035513,9.930255883238712e-4,0.6739387178983745,20.915470211123303,21.625529290596827,1,0.1,1.5
1981,67,0.013121987590356252,2.5931274269571665e-4,0.06519235412842218,9.615270091640196e-4,0.6770007605689977,21.578734871561384,22.302530051165824,1,0.1,1.5
1981,66,0.01345100817199879,2.5090964466722846e-4,0.06552023203885947,9.293953536825177e-4,0.6799558320977782,22.24541362717798,22.982485883263603,1,0.1,1.5
1981,65,0.013735163050711197,2.4234274822903805e-4,0.06584174602908177,8.966553982013266e-4,0.6828070259716964,22.915411290318232,23.6652929092353,1,0.1,1.5
1981,64,0.01397082421089456,2.3361697153238787e-4,0.06615699690774786,8.63326173624426e-4,0.6855532526518431,23.5886313119183,24.350846161887144,1,0.1,1.5
1981,63,0.014156619385626764,2.2473659155805854e-4,0.06646569397496328,8.294243469613354e-4,0.6881909711646026,24.264973363840596,25.039037133051746,1,0.1,1.5
1981,62,0.014293555797178744,2.1570735318560943e-4,0.06676775618390218,7.949720130779408e-4,0.6907204156129677,24.944337036409596,25.729757548664715,1,0.1,1.5
1981,61,0.014381997663121843,2.0653469220800478e-4,0.06706302524563341,7.599901187084891e-4,0.693140599516331,25.626620634230093,26.422898148181044,1,0.1,1.5
1981,60,0.014422593205688047,1.9722411247642327e-4,0.06735130067030384,7.24499860043532e-4,0.6954503079655499,26.31172094419502,27.118348456146595,1,0.1,1.5
1981,59,0.014416253186073598,1.877812072256644e-4,0.06763234225501799,6.885227628020468e-4,0.6976481095484196,26.99953301427484,27.815996565695016,1,0.1,1.5
1981,58,0.014364130186678955,1.7821168505754984e-4,0.06790587480559232,6.52080779102555e-4,0.699732391399083,27.68994996597246,28.5157289570941,1,0.1,1.5
1981,57,0.014267588057521598,1.685213969660934e-4,0.06817159544419939,6.151963875464035e-4,0.7017014136054274,28.382862859755797,29.217430370699528,1,0.1,1.5
1981,56,0.014128158199904888,1.5871470810692115e-4,0.06842843631757901,5.778866741447289e-4,0.7035458063064826,29.078153142145926,29.92097617700601,1,0.1,1.5
1981,55,0.013951118016842803,1.488095428495154e-4,0.0686812919494518,5.402179745320568e-4,0.7053191599037472,29.7757549024135,30.62629533690976,1,0.1,1.5
1981,54,0.013713438286392123,1.3954554807062014e-4,0.06931651052218489,5.048620534603022e-4,0.7109151679429161,30.47945775530698,31.337210504852674,1,0.1,1.5
1981,53,0.011543807283382081,1.288588450350842e-4,0.06941634128664315,4.643534599994329e-4,0.7097814936961716,31.182605628146018,32.04699199854885,1,0.1,1.5
1981,52,0.23087614566764164,7.297814521758569e-4,1.255832921251734,0.0024903802434847744,12.755121318105404,43.90215008563021,44.80211331665425,20,0.1,1.5
1981,51,0.23087614566764164,4.989453433369146e-24,1.0671239082414647,0,10.825156512859742,54.727306598489946,55.62726982951399,20,0.1,1.5
1981,50,0.23087614566764164,5.40973240719201e-54,1.1830318938508684,0,11.984236368953777,66.71154296744372,67.61150619846777,20,0.1,1.5
1981,49,0.23087614566764164,7.758434509465644e-88,1.3041338842567771,0,13.195256273012864,79.90679924045658,80.80676247148062,20,0.1,1.5
1981,48,0.23087614566764164,4.033626724420713e-110,1.3905261499143977,0,14.059178929589072,93.96597817004564,94.86594140106969,20,0.1,1.5
1981,47,0.23087614566764164,3.5675475847651307e-112,1.3944161503189827,0,14.098078933634921,108.06405710368057,108.96402033470461,20,0.1,1.5
1981,46,0.23087614566764164,3.5675475847651766e-152,1.3916299658200717,0,14.07021708864581,122.13427419232637,123.03423742335042,20,0.1,1.5
1981,45,0.23087614566764164,3.5675475847652214e-192,1.3888493483995827,0,14.042410914440921,136.17668510676728,137.07664833779134,20,0.1,1.5
1981,44,0.23087614566764164,3.567547584765267e-232,1.3860742869339298,0,14.014660299784392,150.19134540655168,151.09130863757574,20,0.1,1.5
1981,43,0.23087614566764164,3.5675475847653105e-272,1.3833047703217536,0,13.986965133662629,164.1783105402143,165.07827377123837,20,0.1,1.5
1981,42,0.23087614566764164,3.567547584768e-312,1.380540787483876,0,13.959325305283853,178.13763584549815,179.0375990765222,20,0.1,1.5
1981,41,0.23087614566764164,0,1.3777823273632577,0,13.93174070407767,192.06937654957582,192.96933978059988,20,0.1,1.5
1981,40,0.23087614566764164,0,1.3750293789249495,0,13.904211219694588,205.9735877692704,206.87355100029447,20,0.1,1.5
1981,39,0.23087614566764164,0,1.372281931156052,0,13.876736742005614,219.85032451127603,220.7502877423001,20,0.1,1.5
1981,38,0.23087614566764164,0,1.369539973065673,0,13.849317161101824,233.69964167237785,234.5996049034019,20,0.1,1.5
1981,37,0.23087614566764164,0,1.3668034936848785,0,13.821952367293878,247.52159403967173,248.42155727069579,20,0.1,1.5
1981,36,0.23087614566764164,0,1.3640724820666525,0,13.79464225111162,261.31623629078337,262.2161995218074,20,0.1,1.5
1981,35,0.23087614566764164,0,1.3613469272858532,0,13.767386703303625,275.083622994087,275.983586225111,20,0.1,1.5
1981,34,0.23087614566764164,0,1.3586268184391685,0,13.74018561483678,288.8238086089238,289.7237718399478,20,0.1,1.5
1981,33,0.23087614566764164,0,1.3559121446450693,0,13.713038876895787,302.53684748581964,303.4368107168436,20,0.1,1.5
1981,32,0.23087614566764164,0,1.3532028950437704,0,13.685946380882799,316.22279386670243,317.1227570977264,20,0.1,1.5
1981,31,0.23087614566764164,0,1.350499058797187,0,13.658908018416964,329.8817018851194,330.78166511614336,20,0.1,1.5
1981,30,0.23087614566764164,0,1.3478006250888896,0,13.63192368133399,343.5136255664534,344.41358879747736,20,0.1,1.5
1981,29,0.23087614566764164,0,1.3451075831240602,0,13.604993261685696,357.1186188281391,358.01858205916307,20,0.1,1.5
1981,28,0.23087614566764164,0,1.342419922129449,0,13.578116651739585,370.6967354798787,371.5966987109027,20,0.1,1.5
1981,27,0.23087614566764164,0,1.3397376313533342,0,13.551293743978436,384.2480292238572,385.1479924548811,20,0.1,1.5
1981,26,0.23087614566764164,0,1.337060700065476,0,13.524524431099854,397.7725536549571,398.67251688598094,20,0.1,1.5
1981,25,0.23087614566764164,0,1.3343891175570728,0,13.497808606015822,411.27036226097295,412.1703254919968,20,0.1,1.5
1981,24,0.23087614566764164,0,1.3317228731407245,0,13.471146161852339,424.7415084228253,425.6414716538491,20,0.1,1.5
1981,23,0.23087614566764164,0,1.3290619561503827,0,13.44453699194892,438.18604541477424,439.086008645798,20,0.1,1.5
1981,22,0.23087614566764164,0,1.3264063559413122,0,13.417980989858215,451.60402640463246,452.50398963565624,20,0.1,1.5
1981,21,0.23087614566764164,0,1.323756061890045,0,13.391478049345544,464.995504453978,465.8954676850018,20,0.1,1.5
1981,20,0.23087614566764164,0,1.3211110633943428,0,13.365028064388522,478.36053251836654,479.2604957493903,20,0.1,1.5
1981,19,0.23087614566764164,0,1.318471349873148,0,13.338630929176574,491.69916344754313,492.5991266785669,20,0.1,1.5
1981,18,0.23087614566764164,0,1.3158369107665482,0,13.312286538110575,505.0114499856537,505.9114132166775,20,0.1,1.5
1981,17,0.23087614566764164,0,1.3132077355357286,0,13.28599478580238,518.2974447714561,519.1974080024798,20,0.1,1.5
1981,16,0.23087614566764164,0,1.3105838136629335,0,13.259755567074428,531.5572003385305,532.4571635695543,20,0.1,1.5
1981,15,0.23087614566764164,0,1.3079651346514236,0,13.23356877695933,544.7907691154898,545.6907323465136,20,0.1,1.5
1981,14,0.23087614566764164,0,1.3053516880254301,0,13.207434310699394,557.9982034261891,558.898166657213,20,0.1,1.5
1981,13,0.23087614566764164,0,1.3027434633301185,0,13.181352063746278,571.1795554899353,572.0795187209593,20,0.1,1.5
1981,12,0.23087614566764164,0,1.3001404501315428,0,13.155321931760522,584.3348774216958,585.2348406527199,20,0.1,1.5
1981,11,0.23087614566764164,0,1.2975426380166049,0,13.129343810611143,597.4642212323068,598.364184463331,20,0.1,1.5
1981,10,0.23087614566764164,0,1.2949500165930137,0,13.10341759637523,610.567638828682,611.4676020597062,20,0.1,1.5
1981,9,0.23087614566764164,0,1.292362575489243,0,13.077543185337523,623.6451820140195,624.5451452450437,20,0.1,1.5
1981,8,0.23087614566764164,0,1.2897803043544909,0,13.051720473990002,636.6969024880094,637.5968657190338,20,0.1,1.5
1981,7,0.23087614566764164,0,1.2872031928586354,0,13.025949359031447,649.7228518470408,650.6228150780652,20,0.1,1.5
1981,6,0.23087614566764164,0,1.2846312306921965,0,13.000229737367059,662.7230815844079,663.6230448154322,20,0.1,1.5
1981,5,0.23087614566764164,0,1.282064407566293,0,12.974561506108024,675.6976430905158,676.5976063215402,20,0.1,1.5
1981,4,0.23087614566764164,0,1.2795027132126022,0,12.948944562571116,688.646587653087,689.5465508841113,20,0.1,1.5
1981,3,0.23087614566764164,0,1.276946137383319,0,12.923378804278284,701.5699664573652,702.4699296883896,20,0.1,1.5
1981,2,0.011543807283382081,0,5.425920359509018e-4,0,0.013121791881763739,701.583088249247,702.4830514802713,1,0.1,1.5
1981,1,150,0,1.2891998837106549,0,112.89199883710654,814.4750870863536,815.3750503173778,99999,0.1,1.5
1982,107,1.002973031437515e-4,0.02779298213456599,0.02779298213456599,0,0.5559265075600823,0,0,1,0.1,1.5
1982,106,1.052787964286831e-4,2.906878084930721e-4,0.029065873971222265,9.28285851497997e-4,0.30689703011141056,0.29363580366143915,0.30689703011141056,1,0.1,1.5
1982,105,1.1200539294907983e-4,2.5697645094782434e-4,0.030861823284564393,9.758561320949777e-4,0.3252034695041593,0.6048984712785274,0.6321004996155699,1,0.1,1.5
1982,104,1.2078554187489775e-4,2.712398300725944e-4,0.032949437759212136,0.0010325203747150096,0.3470375906547878,0.9371857708659578,0.9791380902703577,1,0.1,1.5
1982,103,1.3198617346202014e-4,2.878325732498821e-4,0.035299981662027864,0.0010955115680529105,0.37161629839298416,1.293151904001043,1.3507543886633417,1,0.1,1.5
1982,102,1.4602202388434211e-4,3.0554963948638985e-4,0.0378597491964608,0.0011627106286590675,0.39836048821338144,1.674902240376438,1.7491148768767233,1,0.1,1.5
1982,101,1.6334010276924227e-4,3.2359693038467885e-4,0.040543841732375595,0.00123111859574047,0.4263706885400271,2.083685520405887,2.1754855654167504,1,0.1,1.5
1982,100,1.8435643015790414e-4,3.4103080782624267e-4,0.04324348939808783,0.0012971410299380324,0.4544986924878845,2.5196536267517993,2.629984257904635,1,0.1,1.5
1982,99,2.0946298636496464e-4,3.566628086320417e-4,0.0458118402749397,0.0013562564849846786,0.4811997654692657,2.981478299578427,3.1111840233739008,1,0.1,1.5
1982,98,2.386986777674896e-4,3.699615995591512e-4,0.048177802479851504,0.001406447533252042,0.5057288808638378,3.4671150728243787,3.6169129042377386,1,0.1,1.5
1982,97,2.735450781808852e-4,3.798090128502311e-4,0.050185634315660414,0.001443470485184238,0.5264578036017638,3.972951869494939,4.143370707839503,1,0.1,1.5
1982,96,3.15752856364506e-4,0.00038432806565876317,0.05156319261699513,0.0014602066716583378,0.5405458040401867,4.492637578225721,4.683916511879689,1,0.1,1.5
1982,95,3.6499349100483974e-4,3.835386192272663e-4,0.05227512030043389,0.0014567537909895983,0.5476406866333233,5.019467496416335,5.231557198513012,1,0.1,1.5
1982,94,4.1905823642545445e-4,3.820301674859123e-4,0.05291987524270797,0.0014505594413738595,0.554020703993468,5.552765922675891,5.78557790250648,1,0.1,1.5
1982,93,4.8244847594487646e-4,3.8021900733510784e-4,0.05355211366598659,0.0014432062443656404,0.5602621911128798,6.092410881726405,6.34584009361936,1,0.1,1.5
1982,92,6.029918506527495e-4,3.781228863008641e-4,0.05417066277989178,0.0014347622793659794,0.5663864552199708,6.638300732955433,6.912226548839331,1,0.1,1.5
1982,91,7.907735232346679e-4,3.757495134442782e-4,0.05477554550746528,0.0014252574605912729,0.5724009534235083,7.190340865513352,7.484627502262839,1,0.1,1.5
1982,90,0.0010414617850304983,3.7310149080824716e-4,0.055367024141953394,0.0014147023120912726,0.5783055972141787,7.748436429697655,8.062933099477018,1,0.1,1.5
1982,89,0.0013484144448885575,3.7018277938784955e-4,0.05594570125466419,0.0014031125144254584,0.5841022477955717,8.312494213001434,8.64703534727259,1,0.1,1.5
1982,88,0.0017028060738419133,3.669984495278308e-4,0.056512494630291926,0.0013905079473675956,0.589794534095534,8.882424347848861,9.236829881368124,1,0.1,1.5
1982,87,0.0020938867977229147,3.6353422906447626e-4,0.0570653907633165,0.0013768352363868453,0.5953542492611513,9.458109522304486,9.832184130629274,1,0.1,1.5
1982,86,0.0025291127635232425,3.597799338635401e-4,0.0576015252812844,0.00136205662274995,0.6007570790807323,10.039408649631648,10.432941209710007,1,0.1,1.5
1982,85,0.003022913070043806,3.5574763239591597e-4,0.05812098177334372,0.0013462186589369503,0.6060142645650963,10.626191219069074,11.038955474275104,1,0.1,1.5
1982,84,0.003572266014939471,3.514422358526665e-4,0.058623884397434406,0.0013293407727798722,0.6111253594777808,11.21832599607857,11.650080833752885,1,0.1,1.5
1982,83,0.004172172715696933,3.4686992727118326e-4,0.05911067723175879,0.001311447201232628,0.61609188008504,11.815682916146002,12.266172713837925,1,0.1,1.5
1982,82,0.004815657340267675,3.420380576659896e-4,0.05958213286223613,0.0012925665847152632,0.62091738435037,12.418135063571867,12.887090098188295,1,0.1,1.5
1982,81,0.0054937872513675535,3.369549389783892e-4,0.060039342956792204,0.0012727311715534611,0.625607377671286,13.025560567363819,13.512697475859582,1,0.1,1.5
1982,80,0.0061734616341954885,3.3161908277948006e-4,0.06048322797940464,0.0012519361863176594,0.6301489143729856,13.637824679075123,14.142846390232569,1,0.1,1.5
1982,79,0.006844604556394974,3.260420406312215e-4,0.06091547503467549,0.0012302261120505842,0.6345528992009102,14.254802919532453,14.777399289433479,1,0.1,1.5
1982,78,0.00751361466098227,3.2024383667539883e-4,0.06133844192994654,0.0012076773116217053,0.6388484671300414,14.876398853639326,15.41624775656352,1,0.1,1.5
1982,77,0.008166211697511217,3.142349600276204e-4,0.06175430635820143,0.0011843300527737996,0.6430485550678761,15.50252840795329,16.059296311631396,1,0.1,1.5
1982,76,0.008787170376952902,3.0802547438868325e-4,0.06216537689124747,0.0011602229250035918,0.6471667504553339,16.133120545194288,16.70646306208673,1,0.1,1.5
1982,75,0.009360877582253783,3.015987242204461e-4,0.06256848181129913,0.0011352938921046986,0.6511598745829559,16.76806193560432,17.357622936669685,1,0.1,1.5
1982,74,0.00990134123530219,2.9494669199729663e-4,0.06295972231422661,0.0011095136557156319,0.6549977793007591,17.407209519823425,18.012620715970446,1,0.1,1.5
1982,73,0.010430239219584653,2.880880902699976e-4,0.06334024390173429,0.0010829535371763878,0.6587075775499047,18.050446332556525,18.67132829352035,1,0.1,1.5
1982,72,0.01094333046363602,2.810296108273513e-4,0.06371051432822851,0.00105563954175852,0.6622915579152471,18.69765732558951,19.333619851435596,1,0.1,1.5
1982,71,0.011436329974013604,2.7377800277237404e-4,0.0640710313736249,0.0010275978674310873,0.6657522832813781,19.34872963933616,19.999372134716975,1,0.1,1.5
1982,70,0.01190494062748788,2.663400289535164e-4,0.06442231683012144,9.98854738870324e-4,0.6690925490881745,20.0035528350119,20.668464683805148,1,0.1,1.5
1982,69,0.012344886190564777,2.587224235558555e-4,0.06476490973510328,9.694362463187345e-4,0.6723153349467593,20.662019080725532,21.340780018751907,1,0.1,1.5
1982,68,0.012751945479591274,2.5093185285619867e-4,0.06509935916858306,9.393681968603046e-4,0.6754237528702197,21.32402328792632,22.016203771622127,1,0.1,1.5
1982,67,0.013121987590356252,2.4297487971796207e-4,0.06542621664530035,9.086759802842902e-4,0.67842099240972,21.989463194903404,22.694624764031847,1,0.1,1.5
1982,66,0.01345100817199879,2.348579348673017e-4,0.06574602885407621,8.773844609245691e-4,0.6813102703982614,22.65823940157417,23.375935034430107,1,0.1,1.5
1982,65,0.013735163050711197,2.2658727703262204e-4,0.0660593257040292,8.455178285746785e-4,0.6840947313002543,23.33025530675193,24.060029765730363,1,0.1,1.5
1982,64,0.01397082421089456,2.1816771312143038e-4,0.06636621275146319,8.130948323479778e-4,0.6867733279152232,24.005412994205038,24.746803093645585,1,0.1,1.5
1982,63,0.014156619385626764,2.0960345265591443e-4,0.06666640349230611,7.801319991904382e-4,0.6893425585522823,24.683610809911745,25.43614565219787,1,0.1,1.5
1982,62,0.014293555797178744,2.0090007680134128e-4,0.06695982241155328,7.466509700925052e-4,0.6918027045115582,25.36474707199341,26.127948356709428,1,0.1,1.5
1982,61,0.014381997663121843,1.9206287659920233e-4,0.06724631647278598,7.126722979523999e-4,0.6941528247638244,26.048718863929345,26.822101181473254,1,0.1,1.5
1982,60,0.014422593205688047,1.8309720613564725e-4,0.06752569050524769,6.78216767512161e-4,0.6963917502154181,26.735421803180305,27.518492931688673,1,0.1,1.5
1982,59,0.014416253186073598,1.7400850277276834e-4,0.067797709711493,6.433054719531613e-4,0.6985180957707995,27.424749820780345,28.217011027459474,1,0.1,1.5
1982,58,0.014364130186678955,1.6480231162621425e-4,0.0680621044128874,6.079599049258492e-4,0.7005302955351962,28.116594974816604,28.91754132299467,1,0.1,1.5
1982,57,0.014267588057521598,1.5548431085626182e-4,0.06831857738154157,5.72202054987796e-4,0.7024266573669137,28.810847317112263,29.619967980361583,1,0.1,1.5
1982,56,0.014128158199904888,1.4605881561725143e-4,0.06856606514248344,5.360489240759049e-4,0.7041978534867896,29.50738732882654,30.324165833848372,1,0.1,1.5
1982,55,0.013951118016842803,1.3654258906150936e-4,0.06880947831388988,4.995630813678859e-4,0.7058975698221883,30.206148283200612,31.03006340367056,1,0.1,1.5
1982,54,0.013713438286392123,1.2761096884578174e-4,0.06943579438449775,4.6520234061656605e-4,0.7114220934474571,30.910924628924974,31.741485497118017,1,0.1,1.5
1982,53,0.011543807283382081,1.1737695345020907e-4,0.06952548801751435,4.2608912810131227e-4,0.7102115087762048,31.615049150156874,32.451697005894225,1,0.1,1.5
1982,52,0.23087614566764164,6.298928753929522e-4,1.25632993302048,0.0021625539852974905,12.754409317765216,44.338564839560696,45.20610632365944,20,0.1,1.5
1982,51,0.23087614566764164,4.9894534333691487e-26,1.0670171958506407,0,10.824089388951501,55.162654228512196,56.03019571261094,20,0.1,1.5
1982,50,0.23087614566764164,5.409732407192012e-56,1.1829135906614834,0,11.983053337059928,67.14570756557212,68.01324904967086,20,0.1,1.5
1982,49,0.23087614566764164,7.758434509465648e-90,1.3040034708683514,0,13.193952139128609,80.33965970470072,81.20720118879947,20,0.1,1.5
1982,48,0.23087614566764164,4.0336267244207153e-112,1.3903870972994063,0,14.057788403439158,94.39744810813988,95.26498959223863,20,0.1,1.5
1982,47,0.23087614566764164,3.5675475847651326e-114,1.3942767087039507,0,14.0966845174846,108.49413262562447,109.36167410972324,20,0.1,1.5
1982,46,0.23087614566764164,3.567547584765179e-154,1.3914908028234898,0,14.068825458679992,122.56295808430446,123.43049956840323,20,0.1,1.5
1982,45,0.23087614566764164,3.5675475847652234e-194,1.3887104634647427,0,14.041022065092521,136.60398014939696,137.47152163349577,20,0.1,1.5
1982,44,0.23087614566764164,3.567547584765269e-234,1.3859356795052364,0,14.013274225497458,150.61725437489443,151.48479585899324,20,0.1,1.5
1982,43,0.23087614566764164,3.5675475847653124e-274,1.3831664398447214,0,13.985581828892307,164.60283620378672,165.47037768788556,20,0.1,1.5
1982,42,0.23087614566764164,3.5675475846e-314,1.3804027334051276,0,13.95794476449637,178.5607809682831,179.42832245238193,20,0.1,1.5
1982,41,0.23087614566764164,0,1.3776445491305214,0,13.930362921750307,192.4911438900334,193.35868537413225,20,0.1,1.5
1982,40,0.23087614566764164,0,1.374891875987057,0,13.902836190315664,206.39398008034908,207.26152156444792,20,0.1,1.5
1982,39,0.23087614566764164,0,1.3721447029629363,0,13.875364460074458,220.26934454042353,221.13688602452237,20,0.1,1.5
1982,38,0.23087614566764164,0,1.3694030190683664,0,13.847947621128757,234.11729216155229,234.98483364565112,20,0.1,1.5
1982,37,0.23087614566764164,0,1.36666681333551,0,13.820585563800194,247.93787772535248,248.80541920945132,20,0.1,1.5
1982,36,0.23087614566764164,0,1.363936074818446,0,13.793278178629553,261.731155903982,262.5986973880809,20,0.1,1.5
1982,35,0.23087614566764164,0,1.3612107925931245,0,13.766025356376339,275.4971812603584,276.36472274445725,20,0.1,1.5
1982,34,0.23087614566764164,0,1.3584909557573246,0,13.73882698801834,289.2360082483768,290.1035497324756,20,0.1,1.5
1982,33,0.23087614566764164,0,1.3557765534306048,0,13.711682964751141,302.94769121312794,303.81523269722675,20,0.1,1.5
1982,32,0.23087614566764164,0,1.353067574754266,0,13.684593177987754,316.6322843911157,317.4998258752145,20,0.1,1.5
1982,31,0.23087614566764164,0,1.3503640088913074,0,13.657557519358168,330.2898419104739,331.1573833945727,20,0.1,1.5
1982,30,0.23087614566764164,0,1.3476658450263808,0,13.630575880708902,343.92041779118284,344.7879592752816,20,0.1,1.5
1982,29,0.23087614566764164,0,1.3449730723657478,0,13.603648154102572,357.52406594528543,358.3916074293842,20,0.1,1.5
1982,28,0.23087614566764164,0,1.342285680137236,0,13.576774231817454,371.1008401771029,371.96838166120165,20,0.1,1.5
1982,27,0.23087614566764164,0,1.3396036575901988,0,13.549954006347082,384.65079418345,385.51833566754874,20,0.1,1.5
1982,26,0.23087614566764164,0,1.3369269939954693,0,13.523187370399787,398.1739815538498,399.04152303794854,20,0.1,1.5
1982,25,0.23087614566764164,0,1.334255678645317,0,13.496474216898264,411.67045577074805,412.5379972548468,20,0.1,1.5
1982,24,0.23087614566764164,0,1.3315897008534103,0,13.469814438979197,425.14027020972725,426.007811693826,20,0.1,1.5
1982,23,0.23087614566764164,0,1.3289290499547677,0,13.44320792999277,438.58347813972006,439.45101962381875,20,0.1,1.5
1982,22,0.23087614566764164,0,1.326273715305718,0,13.416654583502273,452.00013272322235,452.86767420732104,20,0.1,1.5
1982,21,0.23087614566764164,0,1.323623686283856,0,13.390154293283654,465.390287016506,466.2578285006047,20,0.1,1.5
1982,20,0.23087614566764164,0,1.3209789522880033,0,13.363706953325128,478.7539939698312,479.6215354539298,20,0.1,1.5
1982,19,0.23087614566764164,0,1.3183395027381606,0,13.3373124578267,492.0913064276579,492.95884791175655,20,0.1,1.5
1982,18,0.23087614566764164,0,1.3157053270754715,0,13.310970701199809,505.40227712885775,506.2698186129564,20,0.1,1.5
1982,17,0.23087614566764164,0,1.313076414762175,0,13.284681578066843,518.6869587069245,519.5545001910232,20,0.1,1.5
1982,16,0.23087614566764164,0,1.3104527552815672,0,13.258444983260766,531.9454036901852,532.812945174284,20,0.1,1.5
1982,15,0.23087614566764164,0,1.3078343381379585,0,13.232260811824679,545.1776645020099,546.0452059861086,20,0.1,1.5
1982,14,0.23087614566764164,0,1.3052211528566275,0,13.20612895901137,558.3837934610212,559.25133494512,20,0.1,1.5
1982,13,0.23087614566764164,0,1.3026131889837855,0,13.180049320282949,571.5638427813042,572.4313842654029,20,0.1,1.5
1982,12,0.23087614566764164,0,1.3000104360865297,0,13.15402179131039,584.7178645726145,585.5854060567133,20,0.1,1.5
1982,11,0.23087614566764164,0,1.2974128837528032,0,13.128046267973126,597.8459108405876,598.7134523246864,20,0.1,1.5
1982,10,0.23087614566764164,0,1.2948205215913544,0,13.102122646358637,610.9480334869462,611.8155749710451,20,0.1,1.5
1982,9,0.23087614566764164,0,1.292233339231694,0,13.076250822762034,624.0242843097082,624.8918257938071,20,0.1,1.5
1982,8,0.23087614566764164,0,1.2896513263240554,0,13.050430693685648,637.0747150033937,637.9422564874927,20,0.1,1.5
1982,7,0.23087614566764164,0,1.2870744725393495,0,13.02466215583859,650.0993771592323,650.9669186433313,20,0.1,1.5
1982,6,0.23087614566764164,0,1.2845027675691274,0,12.998945106136368,663.0983222653687,663.9658637494676,20,0.1,1.5
1982,5,0.23087614566764164,0,1.2819362011255364,0,12.973279441700457,676.0716017070691,676.9391431911681,20,0.1,1.5
1982,4,0.23087614566764164,0,1.279374762941281,0,12.947665059857904,689.019266766927,689.886808251026,20,0.1,1.5
1982,3,0.23087614566764164,0,1.2768184427695808,0,12.922101858140902,701.9413686250679,702.8089101091668,20,0.1,1.5
1982,2,0.011543807283382081,0,5.425377767473067e-4,0,0.013121249289727788,701.9544898743576,702.8220313584566,1,0.1,1.5
1982,1,150,0,1.289070963722284,0,112.89070963722284,814.8451995115804,815.7127409956794,99999,0.1,1.5
1983,108,9.680993256055058e-5,0.02679172230304916,0.02679172230304916,0,0.5358989860160236,0,0,1,0.1,1.5
1983,107,1.002973031437515e-4,2.7792982134566005e-4,0.027790202836352536,8.623968879596239e-4,0.2930681469880248,0.2807481914457445,0.2930681469880248,1,0.1,1.5
1983,106,1.052787964286831e-4,2.3497834095943e-4,0.029295038846699643,9.001703369509652e-4,0.3082299339830332,0.576118549186621,0.601298080971058,1,0.1,1.5
1983,105,1.1200539294907983e-4,2.465337975332227e-4,0.03110270113525968,9.476200260721123e-4,0.3271044485337824,0.8896855687765161,0.9284025295048404,1,0.1,1.5
1983,104,1.2078554187489775e-4,2.608424919794783e-4,0.03320427290911497,0.001002491553543528,0.3490529856132924,1.2244172464820438,1.2774555151181328,1,0.1,1.5
1983,103,1.3198617346202014e-4,2.767562177457264e-4,0.035570329555874886,0.0010634516492741767,0.3737510149367167,1.5829760950005578,1.6512065300548495,1,0.1,1.5
1983,102,1.4602202388434211e-4,2.937331535596308e-4,0.03814664087870592,0.0011284553953235855,0.4006218797003439,1.9674771833391362,2.0518284097551933,1,0.1,1.5
1983,101,1.6334010276924227e-4,3.110156182389643e-4,0.04084756699713747,0.0011945859691282342,0.42876023340029956,2.379171902894747,2.480588643155493,1,0.1,1.5
1983,100,1.8435643015790414e-4,3.276955655627705e-4,0.04356345030663253,0.0012583512123395784,0.4570108088992903,2.8182062659034717,2.937599452054783,1,0.1,1.5
1983,99,2.0946298636496464e-4,3.4263074933249006e-4,0.046146323212158384,0.001315363959022753,0.4838200953061437,3.2832354475092904,3.4214195473609266,1,0.1,1.5
1983,98,2.386986777674896e-4,3.5531149930860203e-4,0.04852459658291653,0.0013636706486416137,0.5084392225404051,3.772193660783387,3.9298587699013314,1,0.1,1.5
1983,97,2.735450781808852e-4,3.646657114245618e-4,0.050541483373524904,0.001399163718313382,0.5292319073537113,4.281437515018335,4.459090677255043,1,0.1,1.5
1983,96,3.15752856364506e-4,3.6889494857117206e-4,0.05192308796564801,0.0014149575740635162,0.5433440106759136,4.80456784606477,5.002434687930957,1,0.1,1.5
1983,95,3.6499349100483974e-4,3.6802383393967224e-4,0.05263408123615125,0.0014111686720567208,0.5504239321528657,5.334832225759682,5.552858620083822,1,0.1,1.5
1983,94,4.1905823642545445e-4,3.66460162018324e-4,0.05327722311552717,0.001404714117769243,0.5567835494726324,5.871548430692753,6.109642169556454,1,0.1,1.5
1983,93,4.8244847594487646e-4,3.6460375116476116e-4,0.053907560015711405,0.0013971284407696338,0.5630022477113386,6.414591700678812,6.672644417267793,1,0.1,1.5
1983,92,6.029918506527495e-4,3.624717987045035e-4,0.05452393628345528,0.0013884782640702677,0.5691014791611321,6.963857776067511,7.241745896428925,1,0.1,1.5
1983,91,7.907735232346679e-4,3.60071860282261e-4,0.05512638231806235,0.0013787932031580005,0.5750887698916691,7.51924950019978,7.816834666320593,1,0.1,1.5
1983,90,0.0010414617850304983,3.574065929309006e-4,0.05571516301756201,0.0013680840967471028,0.5809640624865748,8.080669504161396,8.397798728807167,1,0.1,1.5
1983,89,0.0013484144448885575,3.5447995640024306e-4,0.05629088481314509,0.0013563667732317108,0.5867292588477366,8.648022094820108,8.984527987654904,1,0.1,1.5
1983,88,0.0017028060738419133,3.512969713371772e-4,0.056854470367670794,0.0013436611143081262,0.592388036215138,9.221214972259416,9.57691602387004,1,0.1,1.5
1983,87,0.0020938867977229147,3.478441513873561e-4,0.05740389303333688,0.0013299162457669456,0.5979120998900139,9.800128268638474,10.174828123760054,1,0.1,1.5
1983,86,0.0025291127635232425,3.4411195502612293e-4,0.05793627928444376,0.001315096505705686,0.6032770805090336,10.384618256208855,10.778105204269089,1,0.1,1.5
1983,85,0.003022913070043806,3.4011214105819675e-4,0.05845172433990062,0.0012992477010490997,0.608494321633176,10.974551896398474,11.386599525902264,1,0.1,1.5
1983,84,0.003572266014939471,3.358496155534947e-4,0.058950357202189635,0.0012823894204724365,0.6135634277179495,11.569795475252532,12.000162953620213,1,0.1,1.5
1983,83,0.004172172715696933,3.313304995808689e-4,0.05943262796434377,0.0012645458892548858,0.6184859743914474,12.17021650836891,12.61864892801166,1,0.1,1.5
1983,82,0.004815657340267675,3.265620267554757e-4,0.05989931629512873,0.0012457455655077152,0.6232655866672259,12.775685729814596,13.241914514678886,1,0.1,1.5
1983,81,0.0054937872513675535,3.215523422781492e-4,0.06035152181538489,0.0012260203606780247,0.62790784299199,13.386078996225471,13.869822357670875,1,0.1,1.5
1983,80,0.0061734616341954885,3.1630023740720966e-4,0.060790163703186115,0.0012053665141859744,0.632399802126625,14.001259276720868,14.502222159797501,1,0.1,1.5
1983,79,0.006844604556394974,3.108169484189583e-4,0.06121694001518467,0.0011838277191225976,0.6367524638991939,14.621099916061167,15.138974623696695,1,0.1,1.5
1983,78,0.00751361466098227,3.051217662721803e-4,0.061634227413658975,0.0011614782583827558,0.6409951147882915,15.245502484301133,15.779969738484986,1,0.1,1.5
1983,77,0.008166211697511217,2.992248627937261e-4,0.062044213440759055,0.0011383575661388081,0.645140775112042,15.874381008468335,16.42511051359703,1,0.1,1.5
1983,76,0.008787170376952902,2.9313598599478477e-4,0.062449216084809245,0.0011145033898955492,0.6492031112911835,16.507662642761012,17.074313624888212,1,0.1,1.5
1983,75,0.009360877582253783,2.868394602683791e-4,0.06284604843614418,0.001089856831548437,0.6531388473267962,17.145232106779975,17.72745247221501,1,0.1,1.5
1983,74,0.00990134123530219,2.8032788084888095e-4,0.0632308047559241,0.0010643906350510076,0.6569178010253266,17.786944327304575,18.384370273240336,1,0.1,1.5
1983,73,0.010430239219584653,2.7361926519679693e-4,0.06360464826163822,0.0010381741366100154,0.6605672271758355,18.43268049538598,19.04493750041617,1,0.1,1.5
1983,72,0.01094333046363602,2.6672018154790347e-4,0.06396805316223532,0.0010112331039817024,0.6640894742799948,19.082323782466236,19.709026974696165,1,0.1,1.5
1983,71,0.011436329974013604,2.5963724688549556e-4,0.0643215237373453,9.835934663538792e-4,0.6674871650586105,19.735759612291222,20.376514139754775,1,0.1,1.5
1983,70,0.01190494062748788,2.523770850071162e-4,0.06466558828315601,9.552811531004914e-4,0.6707631543823442,20.392875893057845,21.047277294137118,1,0.1,1.5
1983,69,0.012344886190564777,2.449462858152422e-4,0.06500079230570946,9.263219376648647e-4,0.6739204805803596,21.053563203100136,21.721197774717478,1,0.1,1.5
1983,68,0.012751945479591274,2.3735136774363815e-4,0.06532769128188128,8.96741293853595e-4,0.6769623133948375,21.71771492658278,22.398160088112316,1,0.1,1.5
1983,67,0.013121987590356252,2.2959874386825217e-4,0.0656468430187069,8.665642666411259e-4,0.6798918988761004,22.385227335935433,23.078051986988417,1,0.1,1.5
1983,66,0.01345100817199879,2.2169469457981528e-4,0.06595880036642195,8.358153683397627e-4,0.682712508939061,23.055999625326784,23.76076449592748,1,0.1,1.5
1983,65,0.013735163050711197,2.1364532991399585e-4,0.06626409922860246,8.04518436454558e-4,0.6854273414730848,23.729933846279092,24.446191837400562,1,0.1,1.5
1983,64,0.01397082421089456,2.0545538521820874e-4,0.06656284983827504,7.726921079747695e-4,0.6880353937275494,24.406930781321286,25.13422723112811,1,0.1,1.5
1983,63,0.014156619385626764,1.9712903432416869e-4,0.06685476985175448,0.00074035291109815775,0.6905332052764162,25.086887516439155,25.824760436404528,1,0.1,1.5
1983,62,0.014293555797178744,1.8867174329113972e-4,0.06713978917183526,7.075222347273529e-4,0.6929211068454881,25.76970116278854,26.517681543250017,1,0.1,1.5
1983,61,0.014381997663121843,1.80088703254092e-4,0.0674177599156268,6.742204259127258e-4,0.6951982050010719,26.45526764741943,27.21287974825109,1,0.1,1.5
1983,60,0.014422593205688047,1.7138516393939673e-4,0.0676884921280752,6.404680477794587e-4,0.697363378596978,27.1434814824767,27.91024312684807,1,0.1,1.5
1983,59,0.014416253186073598,1.62566453016018e-4,0.06795175630851015,6.06285953466443e-4,0.6994152909793074,27.834235545549348,28.609658417827376,1,0.1,1.5
1983,58,0.014364130186678955,1.5363799934772445e-4,0.06820728817867758,5.716953743393435e-4,0.7013524253476487,28.52742089412072,29.311010843175026,1,0.1,1.5
1983,57,0.014267588057521598,1.446053568555116e-4,0.06845479603755036,5.367180098974733e-4,0.7031731394571322,29.222926633436458,30.014183982632158,1,0.1,1.5
1983,56,0.014128158199904888,1.3547281917514873e-4,0.06869322076698817,5.013709097802948e-4,0.7048681495631929,29.92063234143136,30.71905213219535,1,0.1,1.5
1983,55,0.013951118016842803,1.2625619623258657e-4,0.06892748813640047,4.657136258803328e-4,0.7064912404691829,30.620470530102253,31.425543372664535,1,0.1,1.5
1983,54,0.013713438286392123,1.1757669484259932e-4,0.06954515139021344,4.320246257368749e-4,0.7119413534091581,31.32624010314374,32.137484726073694,1,0.1,1.5
1983,53,0.011543807283382081,1.0769605155983016e-4,0.06962505775073793,3.939182692390608e-4,0.7106508133915046,32.031263512688966,32.8481355394652,1,0.1,1.5
1983,52,0.23087614566764164,5.469374250783021e-4,1.2567449385235026,0.0018883435997051855,12.753812527069549,44.758099702619866,45.601948066534746,20,0.1,1.5
1983,51,0.23087614566764164,4.989453433369152e-28,1.0669104941310557,0,10.82302237175565,55.581122074375514,56.424970438290394,20,0.1,1.5
1983,50,0.23087614566764164,5.409732407192015e-58,1.1827952993024173,0,11.981870423469267,67.56299249784477,68.40684086175966,20,0.1,1.5
1983,49,0.23087614566764164,7.758434509465653e-92,1.3038730705212647,0,13.192648135657741,80.75564063350251,81.59948899741741,20,0.1,1.5
1983,48,0.23087614566764164,4.033626724420718e-114,1.3902480585896764,0,14.056398016341857,94.81203864984437,95.65588701375927,20,0.1,1.5
1983,47,0.23087614566764164,3.5675475847651343e-116,1.3941372810330803,0,14.095290240775897,108.90732889062026,109.75117725453516,20,0.1,1.5
1983,46,0.23087614566764164,3.5675475847651807e-156,1.3913516537432076,0,14.06743396787717,122.97476285849743,123.81861122241233,20,0.1,1.5
1983,45,0.23087614566764164,3.567547584765225e-196,1.3885715924183963,0,14.039633354629057,137.01439621312647,137.85824457704138,20,0.1,1.5
1983,44,0.23087614566764164,3.5675475847652713e-236,1.385797085937286,0,14.011888289817954,151.02628450294443,151.87013286685934,20,0.1,1.5
1983,43,0.23087614566764164,3.5675475847653144e-276,1.3830281232007369,0,13.984198662452462,165.0104831653969,165.8543315293118,20,0.1,1.5
1983,42,0.23087614566764164,3.5675476e-316,1.3802646931317872,0,13.956564361762966,178.96704752715985,179.81089589107475,20,0.1,1.5
1983,41,0.23087614566764164,0,1.3775067846756084,0,13.928985277201178,192.89603280436103,193.73988116827593,20,0.1,1.5
1983,40,0.23087614566764164,0,1.3747543867994583,0,13.901461298439676,206.7974941028007,207.6413424667156,20,0.1,1.5
1983,39,0.23087614566764164,0,1.37200748849264,0,13.873992315371495,220.67148641817218,221.5153347820871,20,0.1,1.5
1983,38,0.23087614566764164,0,1.3692660787664594,0,13.846578218109688,234.51806463628188,235.3619130001968,20,0.1,1.5
1983,37,0.23087614566764164,0,1.3665301466541764,0,13.819218896986857,248.33728353326873,249.18113189718366,20,0.1,1.5
1983,36,0.23087614566764164,0,1.363799681210964,0,13.791914242554734,262.1291977758235,262.9730461397384,20,0.1,1.5
1983,35,0.23087614566764164,0,1.3610746715138653,0,13.764664145583748,275.8938619214073,276.7377102853222,20,0.1,1.5
1983,34,0.23087614566764164,0,1.358355106661749,0,13.737468497062583,289.6313304184699,290.4751787823848,20,0.1,1.5
1983,33,0.23087614566764164,0,1.3556409757752617,0,13.710327188197711,303.3416576066676,304.1855059705825,20,0.1,1.5
1983,32,0.23087614566764164,0,1.3529322679967906,0,13.683240110413,317.0248977170806,317.8687460809955,20,0.1,1.5
1983,31,0.23087614566764164,0,1.3502289724904182,0,13.656207155349275,330.6811048724299,331.52495323634474,20,0.1,1.5
1983,30,0.23087614566764164,0,1.3475310784418781,0,13.629228214863875,344.3103330872938,345.1541814512086,20,0.1,1.5
1983,29,0.23087614566764164,0,1.3448385750585112,0,13.602303181030207,357.91263626832404,358.7564846322388,20,0.1,1.5
1983,28,0.23087614566764164,0,1.3421514515692223,0,13.575431946137318,371.4880682144614,372.33191657837614,20,0.1,1.5
1983,27,0.23087614566764164,0,1.3394696972244398,0,13.548614402689491,385.0366826171509,385.88053098106565,20,0.1,1.5
1983,26,0.23087614566764164,0,1.3367933012960698,0,13.521850443405791,398.5585330605567,399.40238142447146,20,0.1,1.5
1983,25,0.23087614566764164,0,1.3341222530774526,0,13.49513996121962,412.0536730217764,412.89752138569105,20,0.1,1.5
1983,24,0.23087614566764164,0,1.331456541883325,0,13.468482849278345,425.52215587105474,426.3660042349694,20,0.1,1.5
1983,23,0.23087614566764164,0,1.3287961570497722,0,13.441879000942816,438.96403487199757,439.80788323591224,20,0.1,1.5
1983,22,0.23087614566764164,0,1.3261410879341875,0,13.415328309786968,452.3793631817846,453.2232115456992,20,0.1,1.5
1983,21,0.23087614566764164,0,1.3234913239152275,0,13.388830669597368,465.76819385138197,466.6120422152966,20,0.1,1.5
1983,20,0.23087614566764164,0,1.3208468543927745,0,13.362385974372838,479.1305798257548,479.9744281896694,20,0.1,1.5
1983,19,0.23087614566764164,0,1.3182076687878868,0,13.335994118323962,492.4665739440788,493.3104223079934,20,0.1,1.5
1983,18,0.23087614566764164,0,1.3155737565427639,0,13.309654995872732,505.7762289399515,506.62007730386614,20,0.1,1.5
1983,17,0.23087614566764164,0,1.3129451071206988,0,13.283368501652081,519.0595974416036,519.9034458055182,20,0.1,1.5
1983,16,0.23087614566764164,0,1.3103217100060391,0,13.257134530505486,532.3167319721091,533.1605803360237,20,0.1,1.5
1983,15,0.23087614566764164,0,1.3077035547041447,0,13.23095297748654,545.5476849495956,546.3915333135103,20,0.1,1.5
1983,14,0.23087614566764164,0,1.305090630741342,0,13.204823737858513,558.7525086874541,559.5963570513688,20,0.1,1.5
1983,13,0.23087614566764164,0,1.3024829276648873,0,13.178746707093966,571.9312553945481,572.7751037584628,20,0.1,1.5
1983,12,0.23087614566764164,0,1.299880435042921,0,13.152721780874304,585.0839771754223,585.9278255393372,20,0.1,1.5
1983,11,0.23087614566764164,0,1.297283142464428,0,13.126748855089375,598.2107260305116,599.0545743944265,20,0.1,1.5
1983,10,0.23087614566764164,0,1.2946910395391953,0,13.100827825837047,611.3115538563486,612.1554022202636,20,0.1,1.5
1983,9,0.23087614566764164,0,1.2921041158977709,0,13.074958589422803,624.3865124457714,625.2303608096863,20,0.1,1.5
1983,8,0.23087614566764164,0,1.289522361191423,0,13.049141042359324,637.4356534881307,638.2795018520457,20,0.1,1.5
1983,7,0.23087614566764164,0,1.2869457650920955,0,13.023375081366048,650.4590285694967,651.3028769334117,20,0.1,1.5
1983,6,0.23087614566764164,0,1.2843743172923705,0,12.997660603368798,663.4566891728655,664.3005375367804,20,0.1,1.5
1983,5,0.23087614566764164,0,1.281808007505424,0,12.971997505499333,676.4286866783648,677.2725350422797,20,0.1,1.5
1983,4,0.23087614566764164,0,1.279246825464987,0,12.946385685094963,689.3750723634597,690.2189207273747,20,0.1,1.5
1983,3,0.23087614566764164,0,1.2766907609253038,0,12.920825039698132,702.2958974031578,703.1397457670728,20,0.1,1.5
1983,2,0.011543807283382081,0,5.42483522969632e-4,0,0.01312070675195104,702.3090181099099,703.1528664738247,1,0.1,1.5
1983,1,150,0,1.2889420566259118,0,112.88942056625912,815.198438676169,816.0422870400838,99999,0.1,1.5
1984,109,9.461904786567915e-5,0.026060023003253496,0.026060023003253496,0,0.5212635394303137,0,0,1,0.1,1.5
1984,108,9.680993256055058e-5,2.6791722303049176e-4,0.026789043130818854,8.156938069148181e-4,0.2822869121637455,0.2706341434935338,0.2822869121637455,1,0.1,1.5
1984,107,1.002973031437515e-4,2.1837852020336257e-4,0.028003023038058808,8.443800378497227e-4,0.2943434524206659,0.552915023944918,0.5766303645844114,1,0.1,1.5
1984,106,1.052787964286831e-4,2.273923676473356e-4,0.029517151927052714,8.828658631580755e-4,0.31012799828497306,0.8504306527562042,0.8867583628693845,1,0.1,1.5
1984,105,1.1200539294907983e-4,2.393703444933603e-4,0.03133649587166418,9.292739005396118e-4,0.32910867385982157,1.1662639851797456,1.2158670367292062,1,0.1,1.5
1984,104,1.2078554187489775e-4,2.532313133056768e-4,0.03345157537020994,9.829074262268425e-4,0.3511701251901229,1.5033925757094853,1.567037161919329,1,0.1,1.5
1984,103,1.3198617346202014e-4,2.6863047449600147e-4,0.03583263543523785,0.001042475380393396,0.37599315531383787,1.8644932255891318,1.9430303172331669,1,0.1,1.5
1984,102,1.4602202388434211e-4,2.8505118036649266e-4,0.038424940063448945,0.001105966100927639,0.40299677618161495,2.251690486043209,2.346027093414782,1,0.1,1.5
1984,101,1.6334010276924227e-4,3.017566484644482e-4,0.04114212873271982,0.001170514440945025,0.4312693820843321,2.666238233256898,2.777296475499114,1,0.1,1.5
1984,100,1.8435643015790414e-4,3.178647587405223e-4,0.04387368176468676,0.0012326942461036374,0.4596482873225253,3.1082766027779427,3.2369447628216395,1,0.1,1.5
1984,99,2.0946298636496464e-4,3.322672972490132e-4,0.04647054956959286,0.0012882069297351383,0.4865707667984021,3.5764444134372715,3.7235155296200415,1,0.1,1.5
1984,98,2.386986777674896e-4,3.4447077715348944e-4,0.048860661785418646,0.0013351423993184833,0.5112839209249731,4.068654871514838,4.234799450545014,1,0.1,1.5
1984,97,2.735450781808852e-4,3.534375866925911e-4,0.0508862201547659,0.0013694862042517516,0.5321430294322066,4.581233812314876,4.766942479977221,1,0.1,1.5
1984,96,3.15752856364506e-4,3.574283430015908e-4,0.052271635050367325,0.0013845135418845275,0.5462799007219968,5.107734948152808,5.313222380699218,1,0.1,1.5
1984,95,3.6499349100483974e-4,3.564724063535769e-4,0.05298160999604182,0.0013803603472844306,0.5533435865505919,5.641359101170765,5.86656596724981,1,0.1,1.5
1984,94,4.1905823642545445e-4,3.54843131062494e-4,0.05362307392265793,0.0013735900090230267,0.559681257109436,6.1814176438655855,6.426247224359246,1,0.1,1.5
1984,93,4.8244847594487646e-4,3.5292814770405604e-4,0.05425145136990225,0.0013657050157660892,0.5658754991471607,6.727783071358945,6.992122723506407,1,0.1,1.5
1984,92,6.029918506527495e-4,3.5074428400461193e-4,0.0548656034558445,0.001356771232771757,0.5719479181480466,7.280348543324537,7.564070641654453,1,0.1,1.5
1984,91,7.907735232346679e-4,3.4829901939232276e-4,0.055465567980620044,0.001346818288529577,0.577906113613655,7.839014395673484,8.141976755268107,1,0.1,1.5
1984,90,0.0010414617850304983,3.455950901160847e-4,0.056051612525447034,0.001335857450842861,0.5837500618815019,8.403680779685802,8.72572681714961,1,0.1,1.5
1984,89,0.0013484144448885575,3.426364928719301e-4,0.056624347417971704,0.0013239048621416607,0.589481708673719,8.974249561757498,9.31520852582333,1,0.1,1.5
1984,88,0.0017028060738419133,3.3942824829040334e-4,0.057184700199211055,0.0013109806144794005,0.5951047830168054,9.55062605028174,9.910313308840136,1,0.1,1.5
1984,87,0.0020938867977229147,3.3595750295560995e-4,0.05773063170547529,0.0012970357947581891,0.6005908993983841,10.132687866897864,10.51090420823852,1,0.1,1.5
1984,86,0.0025291127635232425,3.322152459766827e-4,0.05825925978294174,0.0012820364542039508,0.6059156319534942,10.72028869236273,11.116819840192013,1,0.1,1.5
1984,85,0.003022913070043806,3.2821304667285693e-4,0.05877069109272891,0.0012660281283778216,0.6110904328937299,11.313293009136778,11.727910273085744,1,0.1,1.5
1984,84,0.003572266014939471,3.239558512736441e-4,0.059265059521587525,0.0012490307638112043,0.6161149610311123,11.911564673542015,12.344025234116856,1,0.1,1.5
1984,83,0.004172172715696933,3.1944977730953013e-4,0.059742821173861066,0.001231068819241243,0.6209908554065692,12.514968831530853,12.965016089523425,1,0.1,1.5
1984,82,0.004815657340267675,3.147020116444836e-4,0.06020476275487614,0.00121217085985352,0.6257218124613874,13.123373917422903,13.590737901984813,1,0.1,1.5
1984,81,0.0054937872513675535,3.097206135922877e-4,0.06065199175337286,0.0011923687860334162,0.6303134883043738,13.7366535659268,14.221051390289187,1,0.1,1.5
1984,80,0.0061734616341954885,3.045046309205657e-4,0.06108542631536229,0.0011716597970725731,0.6347529476533288,14.35466851647909,14.855804337942516,1,0.1,1.5
1984,79,0.006844604556394974,2.9906509926483897e-4,0.0615067752509638,0.001150087245149672,0.6390512909944022,14.97728998968564,15.494855628936918,1,0.1,1.5
1984,78,0.00751361466098227,2.9342078225841074e-4,0.0619184335555133,0.0011277241114186422,0.6432379642672097,15.604417609504011,16.13809359320413,1,0.1,1.5
1984,77,0.008166211697511217,2.875816401626393e-4,0.062322598410949684,0.001104609405667676,0.6473260760094784,16.23596355114681,16.785419669213606,1,0.1,1.5
1984,76,0.008787170376952902,2.8155720733383515e-4,0.06272159701067465,0.0010807804265362505,0.6513293761438093,16.87185320691153,17.436749045357416,1,0.1,1.5
1984,75,0.009360877582253783,2.7533260248979307e-4,0.06311222803918767,0.0010561807652874535,0.6552044881185741,17.511969398383144,18.09195353347599,1,0.1,1.5
1984,74,0.00990134123530219,2.6890093757124073e-4,0.06349057933421126,0.0010307848905764365,0.6589211953114994,18.156165095257837,18.75087472878749,1,0.1,1.5
1984,73,0.010430239219584653,2.6227972680447183e-4,0.06385783133096457,0.001004660876845072,0.6625069016313906,18.804319698648584,19.413381630418883,1,0.1,1.5
1984,72,0.01094333046363602,2.5547547781090463e-4,0.06421446463291453,9.778345091661287e-4,0.6659640191663374,19.456314653398262,20.07934564958522,1,0.1,1.5
1984,71,0.011436329974013604,2.4849473905732476e-4,0.06456098995156004,9.503317042748071e-4,0.6692952340927752,20.112033720287112,20.748640883677997,1,0.1,1.5
1984,70,0.01190494062748788,2.41344059125194e-4,0.06489794201260282,9.221783524355764e-4,0.6725034642656373,20.771363208089383,21.421144347943635,1,0.1,1.5
1984,69,0.012344886190564777,2.340299472743686e-4,0.0652258727108951,8.934001647645565e-4,0.6755918102053742,21.434192158798123,22.09673615814901,1,0.1,1.5
1984,68,0.012751945479591274,2.2655883714083514e-4,0.06554534383621649,8.640225330728817e-4,0.6785635027638657,22.10041248251809,22.775299660912875,1,0.1,1.5
1984,67,0.013121987590356252,2.18937054098964e-4,0.0658569194010653,8.340704042771243e-4,0.68142184776822,22.769919038796637,23.456721508681095,1,0.1,1.5
1984,66,0.01345100817199879,2.1117078903073883e-4,0.06616115832847025,8.035681798278182e-4,0.6841701753824541,23.44260966875298,24.14089168406355,1,0.1,1.5
1984,65,0.013735163050711197,2.0326606241277947e-4,0.06645860242779325,7.725395789681753e-4,0.6868117399687463,24.118385129022183,24.827703424032297,1,0.1,1.5
1984,64,0.01397082421089456,1.9522758084587446e-4,0.06674936658028491,7.410033022818576e-4,0.6893455858797403,24.797144953440753,25.517049009912036,1,0.1,1.5
1984,63,0.014156619385626764,1.8705951811778113e-4,0.06703317260254384,7.089760297901283e-4,0.6917682964607024,25.478785020904454,26.208817306372737,1,0.1,1.5
1984,62,0.014293555797178744,1.7876727611474964e-4,0.06730995575159991,6.764791024243847e-4,0.6940802546527569,26.16320128837972,26.902897561025494,1,0.1,1.5
1984,61,0.014381997663121843,1.7035599351072236e-4,0.06757957324611343,6.435328529241877e-4,0.6962806173086683,26.850288579218045,27.599178178334164,1,0.1,1.5
1984,60,0.014422593205688047,1.6183086358425864e-4,0.06784184029080727,6.101578157487663e-4,0.6983683139060229,27.539940352899087,28.297546492240187,1,0.1,1.5
1984,59,0.014416253186073598,1.5319715289677092e-4,0.06809653262124592,5.763747991167005e-4,0.7003420589004764,28.2320484860979,28.99788855114066,1,0.1,1.5
1984,58,0.014364130186678955,1.4446022357831313e-4,0.06834339129344454,5.422049703483088e-4,0.7022003872520378,28.92650308805925,29.7000889383927,1,0.1,1.5
1984,57,0.014267588057521598,1.3562555604292343e-4,0.06858213006042098,5.076699422280507e-4,0.703941709282435,29.623192369595568,30.404030647675135,1,0.1,1.5
1984,56,0.014128158199904888,1.266974556368252e-4,0.06881169417235655,4.7278695581418084e-4,0.7055567877819777,30.32199505800877,31.10958743545711,1,0.1,1.5
1984,55,0.013951118016842803,1.1769096843240906e-4,0.0690370237940569,4.376132114827342e-4,0.7070995102763511,31.022842950978223,31.816686945733462,1,0.1,1.5
1984,54,0.013713438286392123,1.0918192338264472e-4,0.06964620303150865,4.0427670687415325e-4,0.7124715232666146,31.729539092718063,32.52915846900007,1,0.1,1.5
1984,53,0.011543807283382081,9.95565278253635e-5,0.06971657481227263,3.668034050198412e-4,0.7110972335663751,32.435396277641296,33.24025570256645,1,0.1,1.5
1984,52,0.23087614566764164,4.775552741770794e-4,1.2570913499295766,0.0016563119173061379,12.753268081301291,45.165002760123926,45.993523783867744,20,0.1,1.5
1984,51,0.23087614566764164,4.989453433369154e-30,1.0668038030816425,0,10.821955461261519,55.98695822138544,56.81547924512926,20,0.1,1.5
1984,50,0.23087614566764164,5.409732407192018e-60,1.1826770197724872,0,11.980687628169965,67.96764584955541,68.79616687329923,20,0.1,1.5
1984,49,0.23087614566764164,7.758434509465657e-94,1.3037426832142125,0,13.191344262587219,81.15899011214262,81.98751113588645,20,0.1,1.5
1984,48,0.23087614566764164,4.03362672442072e-116,1.3901090337838173,0,14.055007768283268,95.21399788042588,96.04251890416973,20,0.1,1.5
1984,47,0.23087614566764164,3.5675475847651362e-118,1.393997867304977,0,14.093896103494865,109.30789398392074,110.1364150076646,20,0.1,1.5
1984,46,0.23087614566764164,3.567547584765183e-158,1.3912125185778332,0,14.066042616223426,123.37393660014416,124.20245762388802,20,0.1,1.5
1984,45,0.23087614566764164,3.567547584765227e-198,1.3884327352591546,0,14.038244783036639,137.4121813831808,138.24070240692467,20,0.1,1.5
1984,44,0.23087614566764164,3.567547584765273e-238,1.3856585062286921,0,14.010502492732016,151.4226838759128,152.25120489965667,20,0.1,1.5
1984,43,0.23087614566764164,3.5675475847653165e-278,1.3828898203884168,0,13.982815634329262,165.40549951024207,166.23402053398593,20,0.1,1.5
1984,42,0.23087614566764164,3.56755e-318,1.380126666662474,0,13.955184097069834,179.3606836073119,180.18920463105576,20,0.1,1.5
1984,41,0.23087614566764164,0,1.377369033997141,0,13.927607770416504,193.2882913777284,194.11681240147226,20,0.1,1.5
1984,40,0.23087614566764164,0,1.3746169113607782,0,13.900086544052876,207.18837792178127,208.01689894552513,20,0.1,1.5
1984,39,0.23087614566764164,0,1.371870287743791,0,13.872620307883004,221.06099822966428,221.88951925340814,20,0.1,1.5
1984,38,0.23087614566764164,0,1.3691291521585829,0,13.845208952030923,234.9062071816952,235.73472820543907,20,0.1,1.5
1984,37,0.23087614566764164,0,1.366393493639511,0,13.817852366840205,248.72405954853542,249.55258057227928,20,0.1,1.5
1984,36,0.23087614566764164,0,1.363663301242843,0,13.790550442873524,262.514609991409,263.34313101515284,20,0.1,1.5
1984,35,0.23087614566764164,0,1.360938564046714,0,13.763303070912233,276.27791306232126,277.10643408606506,20,0.1,1.5
1984,34,0.23087614566764164,0,1.3582192711510828,0,13.73611014195592,290.0140232042772,290.842544228021,20,0.1,1.5
1984,33,0.23087614566764164,0,1.3555054116776841,0,13.708971547221935,303.72299475149913,304.55151577524293,20,0.1,1.5
1984,32,0.23087614566764164,0,1.3527969747699908,0,13.681887178145002,317.40488192964415,318.23340295338795,20,0.1,1.5
1984,31,0.23087614566764164,0,1.3500939495931692,0,13.654856926376786,331.05973885602094,331.88825987976475,20,0.1,1.5
1984,30,0.23087614566764164,0,1.347396325334034,0,13.627880683785433,344.6876195398064,345.51614056355015,20,0.1,1.5
1984,29,0.23087614566764164,0,1.3447040912010053,0,13.600958342455147,358.28857788226156,359.1170989060053,20,0.1,1.5
1984,28,0.23087614566764164,0,1.3420172364240655,0,13.574089794685749,371.86266767694735,372.69118870069104,20,0.1,1.5
1984,27,0.23087614566764164,0,1.3393357502547174,0,13.547274932992268,385.40994260993966,386.2384636336833,20,0.1,1.5
1984,26,0.23087614566764164,0,1.3366596219659401,0,13.520513650104496,398.9304562600442,399.7589772837878,20,0.1,1.5
1984,25,0.23087614566764164,0,1.3339888408521448,0,13.49380583896654,412.4242620990108,413.2527831227543,20,0.1,1.5
1984,24,0.23087614566764164,0,1.3313233962291366,0,13.46715139273646,425.89141349174724,426.71993451549076,20,0.1,1.5
1984,23,0.23087614566764164,0,1.3286632774340672,0,13.440550204785765,439.331963696533,440.16048472027654,20,0.1,1.5
1984,22,0.23087614566764164,0,1.326008473825394,0,13.414002168699035,452.7459658652321,453.57448688897557,20,0.1,1.5
1984,21,0.23087614566764164,0,1.323358974782836,0,13.387507178273454,466.1334730435056,466.961994067249,20,0.1,1.5
1984,20,0.23087614566764164,0,1.3207147697073351,0,13.361065127518446,479.4945381710241,480.32305919476744,20,0.1,1.5
1984,19,0.23087614566764164,0,1.318075848021008,0,13.334675910655173,492.8292140816793,493.6577351054226,20,0.1,1.5
1984,18,0.23087614566764164,0,1.3154421991671097,0,13.308339422116191,506.1375535037955,506.9660745275388,20,0.1,1.5
1984,17,0.23087614566764164,0,1.3128138126099866,0,13.282055556544961,519.4196090603405,520.2481300840838,20,0.1,1.5
1984,16,0.23087614566764164,0,1.3101906778350385,0,13.25582420879548,532.675433269136,533.5039542928793,20,0.1,1.5
1984,15,0.23087614566764164,0,1.3075727843486742,0,13.229645273931835,545.9050785430678,546.7335995668111,20,0.1,1.5
1984,14,0.23087614566764164,0,1.3049601216782678,0,13.203518647227773,559.1085971902955,559.9371182140388,20,0.1,1.5
1984,13,0.23087614566764164,0,1.3023526793721207,0,13.177444224166301,572.2860414144618,573.1145624382051,20,0.1,1.5
1984,12,0.23087614566764164,0,1.2997504469994168,0,13.151421900439262,585.437463314901,586.2659843386443,20,0.1,1.5
1984,11,0.23087614566764164,0,1.2971534141501815,0,13.12545157194691,598.5629148868479,599.3914359105912,20,0.1,1.5
1984,10,0.23087614566764164,0,1.2945615704352413,0,13.099533134797507,611.6624480216454,612.4909690453887,20,0.1,1.5
1984,9,0.23087614566764164,0,1.291974905486181,0,13.073666485306905,624.7361145069523,625.5646355306957,20,0.1,1.5
1984,8,0.23087614566764164,0,1.2893934089553039,0,13.047851519998133,637.7839660269503,638.6124870506939,20,0.1,1.5
1984,7,0.23087614566764164,0,1.2868170705155864,0,13.022088135600958,650.8060541625513,651.6345751862948,20,0.1,1.5
1984,6,0.23087614566764164,0,1.2842458798606413,0,12.996376229051506,663.8024303916028,664.6309514153463,20,0.1,1.5
1984,5,0.23087614566764164,0,1.2816798267046734,0,12.970715697491828,676.7731460890946,677.6016671128382,20,0.1,1.5
1984,4,0.23087614566764164,0,1.2791189007824404,0,12.945106438269498,689.718252527364,690.5467735511077,20,0.1,1.5
1984,3,0.23087614566764164,0,1.2765630918492112,0,12.919548348937207,702.6378008763012,703.4663219000448,20,0.1,1.5
1984,2,0.011543807283382081,0,5.42429274617335e-4,0,0.013120164268428072,702.6509210405696,703.4794420643133,1,0.1,1.5
1984,1,150,0,1.2888131624202492,0,112.88813162420249,815.5390526647722,816.3675736885158,99999,0.1,1.5
1985,110,9.357403999398109e-5,0.025586678674441365,0.025586678674441365,0,0.5117959561821567,0,0,1,0.1,1.5
1985,109,9.461904786567915e-5,2.606002300325351e-4,0.02605741700095317,7.860738589924701e-4,0.2744728782321361,0.2632432516751008,0.2744728782321361,1,0.1,1.5
1985,108,9.680993256055058e-5,0.00020660262395900944,0.026990287678234477,8.063958570734056e-4,0.28355338379230954,0.5352766946520761,0.5580262620244456,1,0.1,1.5
1985,107,1.002973031437515e-4,2.1327879466446432e-4,0.028211317745217436,8.363640220020912e-4,0.29626088772475423,0.8195895249196575,0.8542871497491998,1,0.1,1.5
1985,106,1.052787964286831e-4,2.2299038946599223e-4,0.029734916677649527,8.743706373661869e-4,0.31214026564067227,1.1192387814550986,1.1664274153898722,1,0.1,1.5
1985,105,1.1200539294907983e-4,2.3471217857983656e-4,0.03156568069721192,9.201729959098931e-4,0.3312239275328821,1.4373173804749821,1.4976513429227543,1,0.1,1.5
1985,104,1.2078554187489775e-4,2.482591696897674e-4,0.03369395706922963,9.731003113882458e-4,0.35340411910360936,1.7768200665587595,1.8510554620263635,1,0.1,1.5
1985,103,1.3198617346202014e-4,2.63305149843309e-4,0.036089671016792675,0.001031867106470295,0.3783587111125292,2.140437819007427,2.229414173138893,1,0.1,1.5
1985,102,1.4602202388434211e-4,2.7934203703557466e-4,0.03869758909467451,0.001094474611658122,0.40550201092813976,2.530304478340451,2.6349161840670323,1,0.1,1.5
1985,101,1.6334010276924227e-4,2.956461767209007e-4,0.0414306431300828,0.0011580808648512526,0.43391579882490106,2.947676264810334,3.0688319828919335,1,0.1,1.5
1985,100,1.8435643015790414e-4,3.1135220911331454e-4,0.044177467958036204,0.0012192916821812234,0.462429558560856,3.392687370768601,3.5312615414527895,1,0.1,1.5
1985,99,2.0946298636496464e-4,3.253744054062747e-4,0.046787954247069684,0.0012738543859554378,0.48947084831503296,3.8639602992842708,4.020732389767822,1,0.1,1.5
1985,98,2.386986777674896e-4,3.3723030760115575e-4,0.04918956131906972,0.0013198834548814355,0.5142825266454314,4.359387348002825,4.535014916413253,1,0.1,1.5
1985,97,2.735450781808852e-4,3.4590592692986384e-4,0.05122350308381336,0.0013534177583558469,0.5352109928979698,4.875263801495711,5.0702259093112225,1,0.1,1.5
1985,96,3.15752856364506e-4,3.4970266890114776e-4,0.05261253627233342,0.0013678265791757765,0.5493732710190997,5.405096692812299,5.619599180330322,1,0.1,1.5
1985,95,3.6499349100483974e-4,3.486548108846434e-4,0.05332140192186332,0.001363266796408995,0.5564191362701828,5.942040589133782,6.176018316600505,1,0.1,1.5
1985,94,4.1905823642545445e-4,3.469459335663816e-4,0.05396110911752142,0.0013561127152247397,0.5627329614574198,6.485400511802276,6.738751278057925,1,0.1,1.5
1985,93,4.8244847594487646e-4,3.4495553541856287e-4,0.05458745247870678,0.001347849734273936,0.5689007086624632,7.035046224260826,7.307651986720388,1,0.1,1.5
1985,92,6.029918506527495e-4,3.427002510329854e-4,0.05519930970369186,0.001338543635259078,0.5749441460466228,7.590868318375176,7.882596132767011,1,0.1,1.5
1985,91,7.907735232346679e-4,3.401875623263175e-4,0.05579672599595438,0.0013282243733856321,0.580870951837139,8.152764636306808,8.46346708460415,1,0.1,1.5
1985,90,0.0010414617850304983,3.374203136118761e-4,0.056379971726905204,0.0013169037762508218,0.5866811393511553,8.720632864568666,9.050148223955306,1,0.1,1.5
1985,89,0.0013484144448885575,3.3440258046413447e-4,0.05694966119876532,0.0013045984787498574,0.5923767018805515,9.29437244532422,9.642524925835858,1,0.1,1.5
1985,88,0.0017028060738419133,3.3113943610275416e-4,0.057506726882810985,0.0012913290002528465,0.5979614243848346,9.873886312562586,10.240486350220692,1,0.1,1.5
1985,87,0.0020938867977229147,3.276185237191034e-4,0.058049117590994286,0.0012770479190434307,0.6034068273795696,10.459049598241535,10.843893177600261,1,0.1,1.5
1985,86,0.0025291127635232425,3.238312660107545e-4,0.05857394297051443,0.0012617226768833103,0.6086884272106956,11.049713415782469,11.452581604810957,1,0.1,1.5
1985,85,0.003022913070043806,3.19789162561184e-4,0.059081321055714085,0.0012453990041250739,0.6138177919074258,11.645739793345252,12.066399396718383,1,0.1,1.5
1985,84,0.003572266014939471,3.154972494655375e-4,0.059571390706588165,0.0012280974159539337,0.6187946390365052,12.246990183582415,12.685194035754888,1,0.1,1.5
1985,83,0.004172172715696933,3.1096170258340607e-4,0.06004461409655399,0.0012098428590567175,0.6236206758836011,12.853327390050922,13.308814711638489,1,0.1,1.5
1985,82,0.004815657340267675,3.0618973507982487e-4,0.06050178499356403,0.001190664299919134,0.6282996755121284,13.464617575564205,13.937114387150617,1,0.1,1.5
1985,81,0.0054937872513675535,3.011894026442769e-4,0.060944018750705875,0.0011705939542473764,0.632837377142709,14.080732181931952,14.569951764293325,1,0.1,1.5
1985,80,0.0061734616341954885,2.9595999557734896e-4,0.0613722327219989,0.0011496299608612748,0.6372208534203871,14.701529750197176,15.207172617713713,1,0.1,1.5
1985,79,0.006844604556394974,2.9051246228006637e-4,0.06178814638472612,0.0011278157689276398,0.6414613120161486,15.326879408371502,15.848633929729862,1,0.1,1.5
1985,78,0.00751361466098227,2.848652356772447e-4,0.06219417274001241,0.0011052237908152247,0.6455883674949118,15.956678864569053,16.494222297224773,1,0.1,1.5
1985,77,0.008166211697511217,2.7902816781854537e-4,0.06259251850252551,0.0010818930064246373,0.6496152222126095,16.59083847240417,17.143837519437383,1,0.1,1.5
1985,76,0.008787170376952902,2.7301067870740095e-4,0.06298551995760764,0.001057860642875385,0.6535557148460054,17.229281892351956,17.79739323428339,1,0.1,1.5
1985,75,0.009360877582253783,2.667985173467613e-4,0.06336996200770562,0.001033072220252769,0.6573663648803991,17.871890082657316,18.45475959916379,1,0.1,1.5
1985,74,0.00990134123530219,2.603852320198215e-4,0.06374192649892195,0.0010075036758576761,0.6610169211213954,18.518514094123603,19.115776520285184,1,0.1,1.5
1985,73,0.010430239219584653,2.537880164793127e-4,0.06410261076704274,9.81222501427422e-4,0.6645349449543829,19.169031574771882,19.780311465239567,1,0.1,1.5
1985,72,0.01094333046363602,2.470133820696412e-4,0.06445250181374276,9.54254755045091e-4,0.6679229163869065,19.82332228037243,20.448234381626474,1,0.1,1.5
1985,71,0.011436329974013604,2.4006787345927502e-4,0.06479211677863358,9.266265970494438e-4,0.6711835893185962,20.481268346876035,21.11941797094507,1,0.1,1.5
1985,70,0.01190494062748788,2.3295802870014606e-4,0.06512199680651046,8.983641335019623e-4,0.6743199487728402,21.142754522313133,21.79373791971791,1,0.1,1.5
1985,69,0.012344886190564777,2.256903406638828e-4,0.06544270016481515,8.694932654772535e-4,0.6773351615457943,21.807668351494968,22.471073081263704,1,0.1,1.5
1985,68,0.012751945479591274,2.182712216396288e-4,0.06575479493510109,8.400395511152614e-4,0.6802325235697336,22.47590031004877,23.15130560483344,1,0.1,1.5
1985,67,0.013121987590356252,2.107069716102707e-4,0.06605885131019448,8.100280824360057e-4,0.6830154042940375,23.147343884593724,23.83432100912748,1,0.1,1.5
1985,66,0.01345100817199879,2.0300375284726193e-4,0.06635543425759435,7.794833870679505e-4,0.6856871958438622,23.821895603479472,24.52000820497134,1,0.1,1.5
1985,65,0.013735163050711197,1.951675553661716e-4,0.06664509146229251,7.484292955748607e-4,0.6882512126233684,24.4994549690232,25.208259417594707,1,0.1,1.5
1985,64,0.01397082421089456,1.8720310137892315e-4,0.06692794246919735,7.168847499230222e-4,0.6907065492262119,25.179920307536225,25.89896596682092,1,0.1,1.5
1985,63,0.014156619385626764,1.791146026287099e-4,0.06720371329273112,6.848667378125132e-4,0.6930498357508614,25.863186332746906,26.592015802571783,1,0.1,1.5
1985,62,0.014293555797178744,1.7090744836724368e-4,0.06747234453163085,6.52396754416957e-4,0.6952815106326281,26.549147889745008,27.287297313204412,1,0.1,1.5
1985,61,0.014381997663121843,1.6258677316615414e-4,0.06773369850201987,6.194953090344652e-4,0.697400784180148,27.23769874093895,27.98469809738456,1,0.1,1.5
1985,60,0.014422593205688047,1.5415776257303416e-4,0.06798759556071537,5.861830992511064e-4,0.6994066396450251,27.92873133630896,28.684104737029585,1,0.1,1.5
1985,59,0.014416253186073598,1.4562567130814284e-4,0.06823381666776297,5.524810817841416e-4,0.7012978457307242,28.622136595157055,29.38540258276031,1,0.1,1.5
1985,58,0.014364130186678955,1.3699584482286032e-4,0.06847210819690226,5.18410555798803e-4,0.7030729922912106,29.31780372236543,30.088475575051522,1,0.1,1.5
1985,57,0.014267588057521598,1.282737411174419e-4,0.06870218933297195,4.8399324659717047e-4,0.7047305453496774,30.015620078478005,30.793206120401198,1,0.1,1.5
1985,56,0.014128158199904888,1.1946371350991346e-4,0.06892300974189287,4.492467375714932e-4,0.7062613172240334,30.715463585165303,31.49946743762523,1,0.1,1.5
1985,55,0.013951118016842803,1.1058021255500764e-4,0.06913952339454818,4.142264569660509e-4,0.7077193022293944,31.417265366580896,32.20718673985463,1,0.1,1.5
1985,54,0.013713438286392123,1.0216099595236477e-4,0.06974030758792403,3.8093323990592083e-4,0.7130088814569194,32.12483234461059,32.92019562131155,1,0.1,1.5
1985,53,0.011543807283382081,9.269641653321393e-5,0.06980130400604635,3.43739532090668e-4,0.7115464404922027,32.83146822035864,33.63174206180375,1,0.1,1.5
1985,52,0.23087614566764164,4.188535320683053e-4,1.2573797187739102,0.0014568264215110774,12.752714959526466,45.56337137386351,46.38445702133021,20,0.1,1.5
1985,51,0.23087614566764164,4.989453433369157e-32,1.0666971227013342,0,10.820888657458436,56.38426003132194,57.205345678788646,20,0.1,1.5
1985,50,0.23087614566764164,5.4097324071920214e-62,1.1825587520705099,0,11.979504951150192,68.36376498247213,69.18485062993884,20,0.1,1.5
1985,49,0.23087614566764164,7.758434509465661e-96,1.303612308945891,0,13.190040519904004,81.55380550237614,82.37489114984284,20,0.1,1.5
1985,48,0.23087614566764164,4.033626724420722e-118,1.389970022880439,0,14.053617659249484,95.60742316162562,96.42850880909232,20,0.1,1.5
1985,47,0.23087614566764164,3.567547584765138e-120,1.3938584675182466,0,14.09250210562756,109.69992526725318,110.52101091471988,20,0.1,1.5
1985,46,0.23087614566764164,3.5675475847651845e-160,1.3910733973259755,0,14.064651403704849,123.76457667095802,124.58566231842472,20,0.1,1.5
1985,45,0.23087614566764164,3.567547584765229e-200,1.3882938919856287,0,14.036856350301381,137.80143302125938,138.62251866872612,20,0.1,1.5
1985,44,0.23087614566764164,3.567547584765275e-240,1.3855199403780694,0,14.009116834225788,151.81054985548516,152.6316355029519,20,0.1,1.5
1985,43,0.23087614566764164,3.5675475847653186e-280,1.3827515314063779,0,13.981432744508872,165.79198259999404,166.61306824746077,20,0.1,1.5
1985,42,0.23087614566764164,3.5676e-320,1.379988653995808,0,13.953803970403174,179.7457865703972,180.56687221786396,20,0.1,1.5
1985,41,0.23087614566764164,0,1.3772312970937413,0,13.926230401382506,193.6720169717797,194.49310261924646,20,0.1,1.5
1985,40,0.23087614566764164,0,1.3744794496696422,0,13.898711927141516,207.5707288989212,208.39181454638796,20,0.1,1.5
1985,39,0.23087614566764164,0,1.3717331007150166,0,13.871248437595261,221.44197733651646,222.26306298398322,20,0.1,1.5
1985,38,0.23087614566764164,0,1.368992239243367,0,13.843839822878765,235.2858171593952,236.106902806862,20,0.1,1.5
1985,37,0.23087614566764164,0,1.366256854290147,0,13.816485973346564,249.10230313274178,249.92338878020857,20,0.1,1.5
1985,36,0.23087614566764164,0,1.3635269349127186,0,13.78918677957228,262.89148991231406,263.7125755597809,20,0.1,1.5
1985,35,0.23087614566764164,0,1.3608024701903094,0,13.761942132348189,276.6534320446623,277.47451769212904,20,0.1,1.5
1985,34,0.23087614566764164,0,1.3580834492239677,0,13.73475192268477,290.38818396734706,291.2092696148138,20,0.1,1.5
1985,33,0.23087614566764164,0,1.3553698611365164,0,13.707616041810258,304.09580000915736,304.91688565662406,20,0.1,1.5
1985,32,0.23087614566764164,0,1.3526616950725139,0,13.680534381170233,317.77633439032763,318.5974200377943,20,0.1,1.5
1985,31,0.23087614566764164,0,1.34995894019821,0,13.653506832427194,331.4298412227549,332.25092687022146,20,0.1,1.5
1985,30,0.23087614566764164,0,1.3472615857015007,0,13.6265332874601,345.056374510215,345.8774601576816,20,0.1,1.5
1985,29,0.23087614566764164,0,1.3445696207918851,0,13.599613638363945,358.65598814857896,359.47707379604554,20,0.1,1.5
1985,28,0.23087614566764164,0,1.3418830347004231,0,13.572747777449326,372.2287359260283,373.04982157349485,20,0.1,1.5
1985,27,0.23087614566764164,0,1.339201816679692,0,13.545935597242014,385.77467152327034,386.5957571707369,20,0.1,1.5
1985,26,0.23087614566764164,0,1.3365259560037435,0,13.519176990482528,399.2938485137529,400.1149341612194,20,0.1,1.5
1985,25,0.23087614566764164,0,1.3338554419680595,0,13.492471850125689,412.7863203638786,413.6074060113451,20,0.1,1.5
1985,24,0.23087614566764164,0,1.3311902638895137,0,13.46582006934023,426.25214043321887,427.07322608068534,20,0.1,1.5
1985,23,0.23087614566764164,0,1.3285304111063239,0,13.439221541508333,439.6913619747272,440.5124476221937,20,0.1,1.5
1985,22,0.23087614566764164,0,1.3258758729780116,0,13.41267616022521,453.1040381349525,453.9251237824189,20,0.1,1.5
1985,21,0.23087614566764164,0,1.3232266388853577,0,13.38618381929867,466.4902219542512,467.31130760171754,20,0.1,1.5
1985,20,0.23087614566764164,0,1.3205826982303643,0,13.359744412748737,479.8499663669999,480.6710520144663,20,0.1,1.5
1985,19,0.23087614566764164,0,1.317944040436206,0,13.333357834807153,493.1833242018071,494.00440984927343,20,0.1,1.5
1985,18,0.23087614566764164,0,1.315310654947193,0,13.307023979917023,506.4903481817242,507.31143382919043,20,0.1,1.5
1985,17,0.23087614566764164,0,1.3126825312287256,0,13.28074274273235,519.7710909244565,520.5921765719228,20,0.1,1.5
1985,16,0.23087614566764164,0,1.310059658767255,0,13.254514018117645,533.0256049425741,533.8466905900405,20,0.1,1.5
1985,15,0.23087614566764164,0,1.3074420270702394,0,13.228337701147488,546.2539426437215,547.0750282911879,20,0.1,1.5
1985,14,0.23087614566764164,0,1.3048296256661,0,13.202213687106095,559.4561563308276,560.277241978294,20,0.1,1.5
1985,13,0.23087614566764164,0,1.3022224441041836,0,13.17614187148693,572.6322982023146,573.453383849781,20,0.1,1.5
1985,12,0.23087614566764164,0,1.2996204719547169,0,13.150122149992262,585.7824203523069,586.6035059997732,20,0.1,1.5
1985,11,0.23087614566764164,0,1.2970236988087664,0,13.124154418532758,598.9065747708396,599.727660418306,20,0.1,1.5
1985,10,0.23087614566764164,0,1.2944321142781978,0,13.098238573227071,612.0048133440666,612.825898991533,20,0.1,1.5
1985,9,0.23087614566764164,0,1.2918457079956325,0,13.072374510401419,625.077187854468,625.8982735019345,20,0.1,1.5
1985,8,0.23087614566764164,0,1.2892644696144084,0,13.046562126589178,638.1237499810571,638.9448356285236,20,0.1,1.5
1985,7,0.23087614566764164,0,1.2866883888085348,0,13.020801318530442,651.1445512995875,651.965636947054,20,0.1,1.5
1985,6,0.23087614566764164,0,1.2841174552726553,0,12.995091983171648,664.1396432827592,664.9607289302256,20,0.1,1.5
1985,5,0.23087614566764164,0,1.281551658722003,0,12.969434017665124,677.1090773004242,677.9301629478907,20,0.1,1.5
1985,4,0.23087614566764164,0,1.278990988892362,0,12.943827319368715,690.0529046197929,690.8739902672594,20,0.1,1.5
1985,3,0.23087614566764164,0,1.2764354355400263,0,12.918271785845356,702.9711764056383,703.7922620531048,20,0.1,1.5
1985,2,0.011543807283382081,0,5.423750316898733e-4,0,0.013119621839153453,702.9842960274775,703.8053816749439,1,0.1,1.5
1985,1,150,0,1.2886842811040071,0,112.88684281104007,815.8711388385176,816.692224485984,99999,0.1,1.5
1986,111,9.284534809936176e-5,0.025357056760001384,0.025357056760001384,0,0.5072030320987606,0,0,1,0.1,1.5
1986,110,9.357403999398109e-5,2.558667867444138e-4,0.02558412000657392,7.667202915485414e-4,0.26941539764863465,0.2584622506265126,0.26941539764863465,1,0.1,1.5
1986,109,9.461904786567915e-5,1.9912446704844288e-4,0.026251329724001193,7.792400451587807e-4,0.27569962192086556,0.5230298719022527,0.5451150195695003,1,0.1,1.5
1986,108,9.680993256055058e-5,2.036649905079415e-4,0.027189187613735004,8.010435899496366e-4,0.28543654585389316,0.7970229378997226,0.8305515654233935,1,0.1,1.5
1986,107,1.002973031437515e-4,2.1122379344716745e-4,0.028417587618943436,8.307124620669814e-4,0.2982222998793397,1.0833779168923912,1.1287738653027333,1,0.1,1.5
1986,106,1.052787964286831e-4,2.2082256323620666e-4,0.029950535845323308,8.683187073945429e-4,0.31418832291266013,1.385161686842272,1.4429621882153933,1,0.1,1.5
1986,105,1.1200539294907983e-4,2.3239037076327164e-4,0.03179256737811967,9.136426455271296e-4,0.33337628554404014,1.7054859345930675,1.7763384737594334,1,0.1,1.5
1986,104,1.2078554187489775e-4,2.457576695439591e-4,0.033933862751369774,9.660113370268667e-4,0.35567688986124724,2.0473626624967882,2.1320153636206807,1,0.1,1.5
1986,103,1.3198617346202014e-4,2.6059982811600684e-4,0.03634402882630857,0.0010241409021897745,0.38076486164355056,2.4134969398233417,2.512780225264231,1,0.1,1.5
1986,102,1.4602202388434211e-4,2.764120732848862e-4,0.03896733798867957,0.0010860398982985393,0.4080497043255466,2.806031788458909,2.9208299295897775,1,0.1,1.5
1986,101,1.6334010276924227e-4,2.924766779800222e-4,0.04171602028198261,0.0011488816442211574,0.43660645791891756,3.2262256514603815,3.357436387508695,1,0.1,1.5
1986,100,1.8435643015790414e-4,3.07936442636439e-4,0.0444778731317857,0.0012092944911417012,0.4652566356187319,3.674206651491375,3.822693023127427,1,0.1,1.5
1986,99,2.0946298636496464e-4,3.217173405429222e-4,0.047101739048133834,0.0012630598439632417,0.49241791793429524,4.148580857369052,4.3151109410617225,1,0.1,1.5
1986,98,2.386986777674896e-4,3.3334316679637044e-4,0.04951461322665817,0.0013083115378961045,0.5173288612134775,4.647219553755442,4.8324398022752,1,0.1,1.5
1986,97,2.735450781808852e-4,3.4181349885826037e-4,0.05155673517309394,0.0013411307415834006,0.5383268606990246,5.166387403860418,5.370766662974225,1,0.1,1.5
1986,96,3.15752856364506e-4,3.454536714829556e-4,0.052949231663500136,0.0013549623174677018,0.5525139597893267,5.699544759114492,5.923280622763551,1,0.1,1.5
1986,95,3.6499349100483974e-4,3.443032472110952e-4,0.05365688648077338,0.0013499845084039282,0.559540719251047,6.2397999853883395,6.482821342014598,1,0.1,1.5
1986,94,4.1905823642545445e-4,3.4249763814184875e-4,0.05429474118541586,0.0013424282878506664,0.5658293073624892,6.786451745781533,7.0486506493770875,1,0.1,1.5
1986,93,4.8244847594487646e-4,3.4041198892266966e-4,0.05491895616702739,0.0013337661252081432,0.5719691156654849,7.33936705965833,7.620619765042573,1,0.1,1.5
1986,92,6.029918506527495e-4,3.3806291132509934e-4,0.05552842568153626,0.0013240639118429313,0.5779820792363287,7.898433940154045,8.198601844278901,1,0.1,1.5
1986,91,7.907735232346679e-4,3.354579689696712e-4,0.0561232024167012,0.001313352022342055,0.5838759579532754,8.463547726359577,8.782477802232176,1,0.1,1.5
1986,90,0.0010414617850304983,3.326001471988242e-4,0.05670355967379522,0.0013016428854266604,0.5896508044298655,9.034603632426204,9.372128606662042,1,0.1,1.5
1986,89,0.0013484144448885575,3.294936454921057e-4,0.05727011585233291,0.0012889536825522203,0.5953086619779694,9.611498670367714,9.96743726864001,1,0.1,1.5
1986,88,0.0017028060738419133,3.2614364442423916e-4,0.057823808460185915,0.0012753054247230313,0.6008533740199442,10.194133395463044,10.568290642659955,1,0.1,1.5
1986,87,0.0020938867977229147,3.225381649980487e-4,0.058362574658996046,0.0012606520540728217,0.6062563678299393,10.7823804482348,11.174547010489894,1,0.1,1.5
1986,86,0.0025291127635232425,3.186689818809351e-4,0.05888351624543821,0.001244962315253073,0.6114931033810603,11.376088375683674,11.786040113870953,1,0.1,1.5
1986,85,0.003022913070043806,3.1454764265688033e-4,0.059386762674639784,0.0012282822647095271,0.6165752680488462,11.975116754236671,12.4026153819198,1,0.1,1.5
1986,84,0.003572266014939471,3.101793264831388e-4,0.05987245792150599,0.0012106330458479244,0.621502640954345,12.579324637393189,13.024118022874145,1,0.1,1.5
1986,83,0.004172172715696933,3.0557033179001345e-4,0.060341070349908515,0.0011920401643951395,0.6262770004997613,13.188572492687305,13.650395023373907,1,0.1,1.5
1986,82,0.004815657340267675,3.0072797233058175e-4,0.06079340089004446,0.0011725330697038557,0.6309021992749363,13.8027242195379,14.281297222648844,1,0.1,1.5
1986,81,0.0054937872513675535,2.9566038258828684e-4,0.061230572837392645,0.0011521443828077789,0.6353840625027368,14.421649076571954,14.916681285151581,1,0.1,1.5
1986,80,0.0061734616341954885,2.903670901710922e-4,0.06165350298894201,0.0011308731743858592,0.6397096729432497,15.045203418452548,15.55639095809483,1,0.1,1.5
1986,79,0.006844604556394974,2.848590668547106e-4,0.06206392151231956,0.0011087631104720066,0.643890348502749,15.673254293948554,16.200281306597578,1,0.1,1.5
1986,78,0.00751361466098227,2.7915460006057864e-4,0.06246425927044222,0.0010858862371878105,0.6479558756769371,16.305697509094237,16.848237182274516,1,0.1,1.5
1986,77,0.008166211697511217,2.732635332843448e-4,0.06285673250228141,0.0010622816122799117,0.6519195530913303,16.94244161058157,17.500156735365845,1,0.1,1.5
1986,76,0.008787170376952902,2.6719526750592027e-4,0.06324368656633073,0.0010379864942191104,0.6557953104118461,17.583408542504575,18.155952045777692,1,0.1,1.5
1986,75,0.009360877582253783,2.609360402366599e-4,0.06362189306656804,0.001012948169728838,0.6595395642618663,18.22847741862746,18.815491610039558,1,0.1,1.5
1986,74,0.00990134123530219,2.5447977128461723e-4,0.06398742822523648,9.87143966296205e-4,0.6631220307834534,18.87749739274954,19.47861364082301,1,0.1,1.5
1986,73,0.010430239219584653,2.4784350552164866e-4,0.06434150613132289,9.606409779173758e-4,0.6665704317231786,19.53034438193104,20.14518407254619,1,0.1,1.5
1986,72,0.01094333046363602,2.4103382258196915e-4,0.06468462025232266,9.334656010112166e-4,0.6698873172630591,20.186896476322513,20.815071389809248,1,0.1,1.5
1986,71,0.011436329974013604,2.340573279969537e-4,0.06501729421621809,9.056443045384552e-4,0.6730755112039469,20.847034211747342,21.488146901013195,1,0.1,1.5
1986,70,0.01190494062748788,2.2692061366249205e-4,0.0653400756402053,8.772034746735032e-4,0.6761380678332912,21.51064080137101,22.164284968846488,1,0.1,1.5
1986,69,0.012344886190564777,2.196302197759522e-4,0.06565352921116799,8.481692656925382e-4,0.6790782222320901,22.177602319807495,22.843363191078577,1,0.1,1.5
1986,68,0.012751945479591274,2.1219259999521163e-4,0.0659582293433864,8.185674638862947e-4,0.6818993373328716,22.847807836227705,23.52526252841145,1,0.1,1.5
1986,67,0.013121987590356252,2.0461409032510413e-4,0.06625475244567247,7.884233664742408e-4,0.6846048480365119,23.521149493314585,24.20986737644796,1,0.1,1.5
1986,66,0.01345100817199879,1.9690088429546025e-4,0.06654366956093559,7.577616853884942e-4,0.6871982101677643,24.197522536548227,24.897065586615724,1,0.1,1.5
1986,65,0.013735163050711197,1.890589994473769e-4,0.06682553427704,7.26606418313554e-4,0.689682799822208,24.876825244680244,25.586748386437932,1,0.1,1.5
1986,64,0.01397082421089456,1.8109321849454479e-4,0.06710047086243119,6.94976789114405e-4,0.692057763461012,25.558954768296765,26.278806149898944,1,0.1,1.5
1986,63,0.014156619385626764,1.730078304794154e-4,0.06736820960585498,6.628901268017654e-4,0.6943197795747392,26.243804688917194,26.973125929473685,1,0.1,1.5
1986,62,0.014293555797178744,1.648082630879117e-4,0.06762869648578193,6.303681275130857e-4,0.6964693436512902,26.931268773604014,27.669595273124976,1,0.1,1.5
1986,61,0.014381997663121843,1.5649969499027783e-4,0.06788179895942828,5.97431520173217e-4,0.6985057209887413,27.62123975859028,28.368100994113718,1,0.1,1.5
1986,60,0.014422593205688047,1.4808735243850693e-4,0.06812734257597208,5.64101208469084e-4,0.7004279501136467,28.313609120011513,29.068528944227364,1,0.1,1.5
1986,59,0.014416253186073598,1.3957652715911682e-4,0.06836511355654223,5.303983407048531e-4,0.7022348554473222,29.00826685630591,29.770763799674686,1,0.1,1.5
1986,58,0.014364130186678955,1.3097259739792936e-4,0.06859486362503228,4.963443913466256e-4,0.703925083177516,29.70510130532133,30.474688882852202,1,0.1,1.5
1986,57,0.014267588057521598,1.2228104906046705e-4,0.06881631742568795,0.00046196124230597183,0.7054971564378218,30.403999015440498,31.180186039290025,1,0.1,1.5
1986,56,0.014128158199904888,1.1350632152797243e-4,0.06902842912531157,4.27266847971693e-4,0.7069419387155466,31.10483714204216,31.88712797800557,1,0.1,1.5
1986,55,0.013951118016842803,1.046624163670628e-4,0.06923616605645024,3.923150266667186e-4,0.7083135304536878,31.807546172114893,32.59544150845926,1,0.1,1.5
1986,54,0.013713438286392123,9.625491993600386e-5,0.06982856686714171,3.5898688424721575e-4,0.7135188941223798,32.5159366821766,33.30896040258164,1,0.1,1.5
1986,53,0.011543807283382081,8.686184718799914e-5,0.0698802587586684,0.00032198067499581893,0.7119668015093303,33.223303759757414,34.02092720409097,1,0.1,1.5
1986,52,0.23087614566764164,3.683951406984524e-4,1.2576181874074106,0.001276019401869121,12.752012104524317,45.9570870156836,46.772939308615285,20,0.1,1.5
1986,51,0.23087614566764164,4.98945343336916e-34,1.0665904529890642,0,10.819821960335736,56.77690897601933,57.59276126895102,20,0.1,1.5
1986,50,0.23087614566764164,5.409732407192024e-64,1.1824404961953028,0,11.978322392398121,68.75523136841744,69.57108366134915,20,0.1,1.5
1986,49,0.23087614566764164,7.758434509465664e-98,1.3034819477149966,0,13.18873690759506,81.9439682760125,82.7598205689442,20,0.1,1.5
1986,48,0.23087614566764164,4.0336267244207247e-120,1.389831025878151,0,14.052227689226603,95.9961959652391,96.8120482581708,20,0.1,1.5
1986,47,0.23087614566764164,3.56754758476514e-122,1.3937190816714948,0,14.091108247160042,110.08730421239913,110.90315650533084,20,0.1,1.5
1986,46,0.23087614566764164,3.567547584765186e-162,1.390934289986243,0,14.063260330307523,124.15056454270665,124.96641683563837,20,0.1,1.5
1986,45,0.23087614566764164,3.567547584765231e-202,1.38815506259643,0,14.035468056409394,138.18603259911603,139.00188489204777,20,0.1,1.5
1986,44,0.23087614566764164,3.5675475847652768e-242,1.3853813883840316,0,14.00773131428541,152.19376391340143,153.0096162063332,20,0.1,1.5
1986,43,0.23087614566764164,3.567547584765321e-282,1.3826132562532372,0,13.980049992977465,166.17381390637888,166.98966619931065,20,0.1,1.5
1986,42,0.23087614566764164,3.56e-322,1.3798506551304084,0,13.952423981749178,180.12623788812806,180.94209018105983,20,0.1,1.5
1986,41,0.23087614566764164,0,1.377093573964032,0,13.924853170085413,194.05109105821347,194.86694335114524,20,0.1,1.5
1986,40,0.23087614566764164,0,1.3743420017246752,0,13.897337447691847,207.94842850590533,208.7642807988371,20,0.1,1.5
1986,39,0.23087614566764164,0,1.3715959274049452,0,13.869876704494546,221.81830521039987,222.63415750333164,20,0.1,1.5
1986,38,0.23087614566764164,0,1.3688553400194428,0,13.842470830639522,235.66077604103938,236.47662833397115,20,0.1,1.5
1986,37,0.23087614566764164,0,1.366120228604718,0,13.815119716492275,249.47589575753165,250.2917480504634,20,0.1,1.5
1986,36,0.23087614566764164,0,1.3633905822192274,0,13.787823252637368,263.26371901016904,264.0795713031008,20,0.1,1.5
1986,35,0.23087614566764164,0,1.3606663899432905,0,13.760581329877999,277.0243003400471,277.8401526329788,20,0.1,1.5
1986,34,0.23087614566764164,0,1.3579476408790454,0,13.733393839235548,290.7576941792827,291.57354647221433,20,0.1,1.5
1986,33,0.23087614566764164,0,1.3552343241504028,0,13.706260671949122,304.46395485123185,305.27980714416344,20,0.1,1.5
1986,32,0.23087614566764164,0,1.3525264289030066,0,13.67918171947516,318.14313657070704,318.9589888636386,20,0.1,1.5
1986,31,0.23087614566764164,0,1.3498239443041902,0,13.652156873486996,331.79529344419404,332.6111457371256,20,0.1,1.5
1986,30,0.23087614566764164,0,1.3471268595429304,0,13.625186025874399,345.42047947006847,346.23633176299995,20,0.1,1.5
1986,29,0.23087614566764164,0,1.344435163829806,0,13.598269068743154,359.0187485388116,359.8346008317431,20,0.1,1.5
1986,28,0.23087614566764164,0,1.3417488463969531,0,13.571405894414625,372.59015443322625,373.4060067261577,20,0.1,1.5
1986,27,0.23087614566764164,0,1.339067896498024,0,13.544596395425334,386.1347508286516,386.9506031215831,20,0.1,1.5
1986,26,0.23087614566764164,0,1.336392303408143,0,13.517840464526525,399.65259129317815,400.4684435861096,20,0.1,1.5
1986,25,0.23087614566764164,0,1.3337220564238628,0,13.491137994683722,413.1437292878619,413.95958158079327,20,0.1,1.5
1986,24,0.23087614566764164,0,1.3310571448631248,0,13.464488879076342,426.6082181669383,427.4240704598696,20,0.1,1.5
1986,23,0.23087614566764164,0,1.3283975580652132,0,13.437893011097225,440.0461111780355,440.8619634709668,20,0.1,1.5
1986,22,0.23087614566764164,0,1.3257432853907138,0,13.411350284352233,453.45746146238776,454.27331375531907,20,0.1,1.5
1986,21,0.23087614566764164,0,1.3230943162214692,0,13.384860592659786,466.8423220550476,467.65817434797884,20,0.1,1.5
1986,20,0.23087614566764164,0,1.3204506399605414,0,13.358423830050507,480.2007458850981,481.01659817802937,20,0.1,1.5
1986,19,0.23087614566764164,0,1.3178122460321624,0,13.332039890766717,493.53278577586485,494.3486380687961,20,0.1,1.5
1986,18,0.23087614566764164,0,1.315179123881698,0,13.305708669262074,506.83849444512697,507.65434673805817,20,0.1,1.5
1986,17,0.23087614566764164,0,1.3125512629756027,0,13.27943006020112,520.117924505328,520.9337767982593,20,0.1,1.5
1986,16,0.23087614566764164,0,1.3099286528013783,0,13.253203958458876,533.3711284637868,534.1869807567182,20,0.1,1.5
1986,15,0.23087614566764164,0,1.3073112828675324,0,13.227030259120419,546.5981587229072,547.4140110158386,20,0.1,1.5
1986,14,0.23087614566764164,0,1.3046991427035335,0,13.200908857480428,559.7990675803876,560.614919873319,20,0.1,1.5
1986,13,0.23087614566764164,0,1.3020922218597732,0,13.174839649042827,572.9739072294304,573.7897595223618,20,0.1,1.5
1986,12,0.23087614566764164,0,1.2994905099075214,0,13.148822529520308,586.1227297589508,586.9385820518821,20,0.1,1.5
1986,11,0.23087614566764164,0,1.2968939964388855,0,13.122857394833948,599.2455871537846,600.0614394467161,20,0.1,1.5
1986,10,0.23087614566764164,0,1.29430267106677,0,13.096944141112793,612.3425312948974,613.1583835878289,20,0.1,1.5
1986,9,0.23087614566764164,0,1.291716523424833,0,13.071082664693423,625.4136139595907,626.2294662525223,20,0.1,1.5
1986,8,0.23087614566764164,0,1.289135543167447,0,13.045272862119564,638.4588868217103,639.2747391146419,20,0.1,1.5
1986,7,0.23087614566764164,0,1.286559719969654,0,13.019514630141632,651.4784014518518,652.2942537447835,20,0.1,1.5
1986,6,0.23087614566764164,0,1.283989043527128,0,12.993807865716374,664.4722093175682,665.2880616104999,20,0.1,1.5
1986,5,0.23087614566764164,0,1.2814235035561308,0,12.968152466006401,677.4403617835745,678.2562140765062,20,0.1,1.5
1986,4,0.23087614566764164,0,1.2788630897934727,0,12.942548328379821,690.3829101119543,691.1987624048861,20,0.1,1.5
1986,3,0.23087614566764164,0,1.2763077919964723,0,12.916995350409817,703.2999054623641,704.1157577552959,20,0.1,1.5
1986,2,0.011543807283382081,0,5.423207941867042e-4,0,0.013119079464121764,703.3130245418282,704.12887683476,1,0.1,1.5
1986,1,150,0,1.2885554126758967,0,112.88555412675896,816.1985786685872,817.014430961519,99999,0.1,1.5
1987,112,9.200910956291632e-5,0.025195438458184782,0.025195438458184782,0,0.503970108570071,0,0,1,0.1,1.5
1987,111,9.284534809936176e-5,2.53570567600014e-4,0.025354521054325386,7.539873421889941e-4,0.26691406086354397,0.2561428131179869,0.26691406086354397,1,0.1,1.5
1987,110,9.357403999398109e-5,1.9423874075457948e-4,0.025773241667460402,7.591984915881815e-4,0.2705828795124531,0.5158799998934661,0.537496940375997,1,0.1,1.5
1987,109,9.461904786567915e-5,1.9680125596017962e-4,0.026443514602318488,7.73253331528624e-4,0.2775127141127251,0.7823462378414966,0.8150096544887222,1,0.1,1.5
1987,108,9.680993256055058e-5,2.022975473924886e-4,0.027386729592461037,7.94800404555039e-4,0.287309102847219,1.0583010491950722,1.1023187573359412,1,0.1,1.5
1987,107,1.002973031437515e-4,2.0979035345121703e-4,0.028622423975698287,8.241087629616714e-4,0.3001619904882814,1.3466900573553298,1.4024807478242227,1,0.1,1.5
1987,106,1.052787964286831e-4,2.192879024809978e-4,0.03016462046858741,8.612727705713611e-4,0.3162131662974179,1.6505993269302996,1.7186939141216406,1,0.1,1.5
1987,105,1.1200539294907983e-4,2.307345650894151e-4,0.03201779878276364,9.060683628232363e-4,0.33550383749511425,1.9731593306707962,2.054197751616755,1,0.1,1.5
1987,104,1.2078554187489775e-4,2.4396041095215627e-4,0.03417197219935136,9.578208682597488e-4,0.35792300505847197,2.3173991804684144,2.4121207566752267,1,0.1,1.5
1987,103,1.3198617346202014e-4,2.586412238286037e-4,0.03659642964897338,0.0010152495750186507,0.3831422648677372,2.686037879978742,2.795263021542964,1,0.1,1.5
1987,102,1.4602202388434211e-4,2.7427409530748366e-4,0.03923495122945534,0.001076372750650481,0.41056635484427223,3.0812274812422933,3.2058293763872365,1,0.1,1.5
1987,101,1.6334010276924227e-4,2.9014517783508954e-4,0.04199906909100971,0.0011383823143609553,0.43926364058116496,3.5042285173325873,3.6450930169684015,1,0.1,1.5
1987,100,1.8435643015790414e-4,3.0540298721178967e-4,0.04477574896725795,0.0011979330569005238,0.46804775321576253,3.9551629411640565,4.113140770184164,1,0.1,1.5
1987,99,2.0946298636496464e-4,3.189821343962397e-4,0.04741279383521983,0.0012508452693589696,0.49532661982077025,4.432620342851127,4.608467390004934,1,0.1,1.5
1987,98,2.386986777674896e-4,3.3041131614198983e-4,0.04983673964980953,0.0012952742300615864,0.5203345596836685,4.934450984962488,5.128801949688603,1,0.1,1.5
1987,97,2.735450781808852e-4,3.3870082038443274e-4,0.05188686218497248,0.0013273477229633537,0.541400103767071,5.45688897840151,5.670202053455673,1,0.1,1.5
1987,96,3.15752856364506e-4,3.42195116081755e-4,0.05328267731970071,0.001340593307218462,0.5556105592223313,5.993348204663578,6.225812612678005,1,0.1,1.5
1987,95,3.6499349100483974e-4,3.40939159573093e-4,0.053989016919226286,0.0013352100697672112,0.5626173193501001,6.536891094445575,6.788429932028105,1,0.1,1.5
1987,94,4.1905823642545445e-4,3.390320483440851e-4,0.05462491878325998,0.0013272674748479318,0.5688798444000566,7.086809974919232,7.357309776428162,1,0.1,1.5
1987,93,4.8244847594487646e-4,3.368456511912625e-4,0.05524690580271272,0.001318223417509582,0.5749909099636161,7.642969121775569,7.932300686391778,1,0.1,1.5
1987,92,6.029918506527495e-4,3.3439660707398384e-4,0.055853888816928834,0.0013081438197365643,0.5809726176605096,8.2052539705827,8.513273304052287,1,0.1,1.5
1987,91,7.907735232346679e-4,3.316925852752104e-4,0.056445928102045045,0.0012970594357676912,0.5868328097329927,8.773557359804727,9.10010611378528,1,0.1,1.5
1987,90,0.0010414617850304983,3.287367228286533e-4,0.05702330003918451,0.0012849832748603551,0.5925715794033951,9.347772035281546,9.692677693188676,1,0.1,1.5
1987,89,0.0013484144448885575,3.2553335709297615e-4,0.057586627261385734,0.0012719330386720563,0.5981910211290754,9.927792584429591,10.290868714317751,1,0.1,1.5
1987,88,0.0017028060738419133,3.2208779262500023e-4,0.05813685243552066,0.0012579301988896955,0.6036950377433944,10.513517190760277,10.894563752061146,1,0.1,1.5
1987,87,0.0020938867977229147,3.183883951681859e-4,0.058671901415048355,0.0012429301004335783,0.6090549669258889,11.104816013394258,11.503618718987035,1,0.1,1.5
1987,86,0.0025291127635232425,3.144272686320776e-4,0.05918886847262693,0.0012269028110726487,0.6142462156035958,11.70153504598253,12.11786493459063,1,0.1,1.5
1987,85,0.003022913070043806,3.1021604260395057e-4,0.059687894564549704,0.0012098946508965333,0.6192805907500877,12.303531427434097,12.737145525340717,1,0.1,1.5
1987,84,0.003572266014939471,3.057600547268125e-4,0.06016912893717582,0.0011919273549053837,0.624157934237158,12.910661828029749,13.361303459577874,1,0.1,1.5
1987,83,0.004172172715696933,3.01065744416685e-4,0.060633046283972314,0.0011730269460753862,0.6288800965620982,13.52278439679077,13.990183556139971,1,0.1,1.5
1987,82,0.004815657340267675,2.9614054714926976e-4,0.06108045481738142,0.0011532233103565604,0.6334510105915313,14.139760788662922,14.623634566731504,1,0.1,1.5
1987,81,0.0054937872513675535,2.909926995278276e-4,0.06151248587581085,0.0011325494244150813,0.6378765880792758,14.761458099250556,15.26151115481078,1,0.1,1.5
1987,80,0.0061734616341954885,2.856219644981757e-4,0.06193005593223958,0.0011110052739239434,0.6421439239700403,15.387730519307397,15.90365507878082,1,0.1,1.5
1987,79,0.006844604556394974,2.8003936828654877e-4,0.062334905897786334,0.0010886346797676877,0.6462644463616734,16.01844304167239,16.549919525142492,1,0.1,1.5
1987,78,0.00751361466098227,2.742631052975584e-4,0.06272948440381212,0.0010655092334215205,0.6502681120092019,16.653489593204142,17.200187637151693,1,0.1,1.5
1987,77,0.008166211697511217,2.6830303840282135e-4,0.06311601723210115,0.0010416680159785778,0.6541683154935506,17.29277693704086,17.854355952645243,1,0.1,1.5
1987,76,0.008787170376952902,2.621685762298368e-4,0.06349685882122887,0.001017148265502796,0.6579790770664051,17.936225324600084,18.512335029711647,1,0.1,1.5
1987,75,0.009360877582253783,2.558464028345761e-4,0.0638687679196936,9.918990662688741e-4,0.6616567149411015,18.583712052880202,19.17399174465275,1,0.1,1.5
1987,74,0.00990134123530219,2.493307892868974e-4,0.06422781547398801,9.658991339290186e-4,0.665170915845746,19.23508440966982,19.839162660498495,1,0.1,1.5
1987,73,0.010430239219584653,2.4263867953456045e-4,0.0645752322251891,9.392150800932363e-4,0.6685495601473392,19.890216611530114,20.507712220645836,1,0.1,1.5
1987,72,0.01094333046363602,2.3577673847862383e-4,0.06491151819055023,9.118735929888586e-4,0.6717952685468389,20.548985114462827,21.179507489192673,1,0.1,1.5
1987,71,0.011436329974013604,2.2875164941458333e-4,0.06523720356293107,8.839014035769207e-4,0.6749109350143738,21.21126888656896,21.854418424207047,1,0.1,1.5
1987,70,0.01190494062748788,2.2157007480500072e-4,0.06555284250130966,8.553251316460002e-4,0.6778996832982241,21.8769496394151,22.532318107505272,1,0.1,1.5
1987,69,0.012344886190564777,2.142386186208941e-4,0.06585900617467,8.261711384934523e-4,0.6807648168955728,22.54591201147505,23.213082924400844,1,0.1,1.5
1987,68,0.012751945479591274,2.067637919715258e-4,0.06615627538642363,7.964653928812743e-4,0.6835097658115068,23.218043700245396,23.89659269021235,1,0.1,1.5
1987,67,0.013121987590356252,1.9915198252181126e-4,0.06644523281204646,7.662333521970463e-4,0.6861380304182589,23.89323553991798,24.58273072063061,1,0.1,1.5
1987,66,0.01345100817199879,1.9140943019007816e-4,0.06672645561532661,7.354998684161846e-4,0.6886531302138734,24.57138152915448,25.271383850844483,1,0.1,1.5
1987,65,0.013735163050711197,1.8354219457286227e-4,0.06700050332819069,7.042890629790164e-4,0.6910585029230479,25.252378759749256,25.962442353767532,1,0.1,1.5
1987,64,0.01397082421089456,1.7555512946354672e-4,0.06726750501262355,6.726204017383937e-4,0.693353347110111,25.936123243977388,26.655795700877643,1,0.1,1.5
1987,63,0.014156619385626764,1.6745261000523551e-4,0.06752719531659483,6.405115158845177e-4,0.6955343900357212,26.622507469500473,27.351330090913365,1,0.1,1.5
1987,62,0.014293555797178744,1.5924011450915053e-4,0.06777952564801162,6.079842602012772e-4,0.6976021842547738,27.311424164323803,28.048932275168138,1,0.1,1.5
1987,61,0.014381997663121843,1.5092287699320703e-4,0.06802436865957565,5.750595414306032e-4,0.6995560501139212,28.002765078131574,28.748488325282057,1,0.1,1.5
1987,60,0.014422593205688047,1.4250617564165607e-4,0.06826155514383175,5.417584272518932e-4,0.7013950814354579,28.696420753463435,29.449883406717515,1,0.1,1.5
1987,59,0.014416253186073598,1.3399535044780444e-4,0.0684908766303628,5.081022151016451e-4,0.703118158338369,29.392280308728925,30.153001565055884,1,0.1,1.5
1987,58,0.014364130186678955,1.253958238106357e-4,0.06871209023650643,4.741125119000593e-4,0.7047239832785764,30.090231256123218,30.85772554833446,1,0.1,1.5
1987,57,0.014267588057521598,1.1671312106709762e-4,0.06892492610452187,4.3981131290034433e-4,0.7062111363832899,30.79015937375079,31.56393668471775,1,0.1,1.5
1987,56,0.014128158199904888,1.0795177520820298e-4,0.06912834299439195,4.052169002922985e-4,0.70757053269059,31.49194109358006,32.27150721740834,1,0.1,1.5
1987,55,0.013951118016842803,9.912538083035028e-5,0.06932732119651126,3.70381436466868e-4,0.708856374496076,32.195506304698036,32.98036359190442,1,0.1,1.5
1987,54,0.013713438286392123,9.070927026116398e-5,0.06991133073151681,3.370665410831969e-4,0.7139779285098964,32.90466899690674,33.69434152041432,1,0.1,1.5
1987,53,0.011543807283382081,8.136378722083473e-5,0.0699537659015415,3.002958481668279e-4,0.7123371090979754,33.61271616531662,34.40667862951229,1,0.1,1.5
1987,52,0.23087614566764164,3.226888018742648e-4,1.2578114304391372,0.0011083924914080858,12.751092801303896,46.347974788171825,47.15777143081619,20,0.1,1.5
1987,51,0.23087614566764164,4.9894534333691625e-36,1.0664837939437652,0,10.818755369882746,57.16673015805457,57.976526800698934,20,0.1,1.5
1987,50,0.23087614566764164,5.409732407192027e-66,1.1823222521456833,0,11.977139951901927,69.1438701099565,69.95366675260087,20,0.1,1.5
1987,49,0.23087614566764164,7.758434509465669e-100,1.3033515995202252,0,13.187433425647345,82.33130353560384,83.14110017824821,20,0.1,1.5
1987,48,0.23087614566764164,4.033626724420727e-122,1.3896920427755632,0,14.050837858200726,96.38214139380456,97.19193803644893,20,0.1,1.5
1987,47,0.23087614566764164,3.567547584765142e-124,1.3935797097633278,0,14.089714528078371,110.47185592188293,111.2816525645273,20,0.1,1.5
1987,46,0.23087614566764164,3.567547584765188e-164,1.3907951965572443,0,14.061869396017537,124.53372531790046,125.34352196054485,20,0.1,1.5
1987,45,0.23087614566764164,3.567547584765233e-204,1.3880162470901705,0,14.034079901346798,138.56780521924725,139.37760186189163,20,0.1,1.5
1987,44,0.23087614566764164,3.567547584765279e-244,1.3852428502451932,0,14.006345932897027,152.57415115214428,153.38394779478867,20,0.1,1.5
1987,43,0.23087614566764164,3.5675475847653226e-284,1.3824749949276118,0,13.978667379721212,166.55281853186548,167.36261517450987,20,0.1,1.5
1987,42,0.23087614566764164,5e-324,1.3797126700648954,0,13.951044131094047,180.50386266295953,181.31365930560392,20,0.1,1.5
1987,41,0.23087614566764164,0,1.3769558646066355,0,13.923476076511449,194.42733873947097,195.23713538211535,20,0.1,1.5
1987,40,0.23087614566764164,0,1.3742045675245027,0,13.895963105690122,208.3233018451611,209.13309848780548,20,0.1,1.5
1987,39,0.23087614566764164,0,1.3714587678122048,0,13.868505108567142,222.19180695372825,223.00160359637263,20,0.1,1.5
1987,38,0.23087614566764164,0,1.368718454485441,0,13.841101975299503,236.03290892902774,236.84270557167213,20,0.1,1.5
1987,37,0.23087614566764164,0,1.3659836165818575,0,13.81375359626367,249.8466625252914,250.6564591679358,20,0.1,1.5
1987,36,0.23087614566764164,0,1.3632542431610055,0,13.78645986205515,263.6331223873466,264.44291902999095,20,0.1,1.5
1987,35,0.23087614566764164,0,1.3605303233042962,0,13.759220663488057,277.39234305083465,278.202139693479,20,0.1,1.5
1987,34,0.23087614566764164,0,1.3578118461149575,0,13.73203589159467,291.12437894242936,291.93417558507366,20,0.1,1.5
1987,33,0.23087614566764164,0,1.3550988007179878,0,13.704905437624973,304.82928438005433,305.63908102269863,20,0.1,1.5
1987,32,0.23087614566764164,0,1.3523911762601162,0,13.677829193046255,318.50711357310064,319.3169102157449,20,0.1,1.5
1987,31,0.23087614566764164,0,1.3496889619097598,0,13.650807049542692,332.15792062264336,332.96771726528755,20,0.1,1.5
1987,30,0.23087614566764164,0,1.346992146856976,0,13.623838899014855,345.7817595216582,346.5915561643024,20,0.1,1.5
1987,29,0.23087614566764164,0,1.344300720313423,0,13.596924633579324,359.3786841552376,360.1884807978817,20,0.1,1.5
1987,28,0.23087614566764164,0,1.3416146715123134,0,13.570064145568228,372.94874830080585,373.7585449434499,20,0.1,1.5
1987,27,0.23087614566764164,0,1.3389339897083743,0,13.543257327528837,386.4920056283347,387.3018022709788,20,0.1,1.5
1987,26,0.23087614566764164,0,1.3362586641778023,0,13.516504072223116,400.00850970055785,400.8183063432019,20,0.1,1.5
1987,25,0.23087614566764164,0,1.3335886842182203,0,13.489804272627296,413.4983139731852,414.3081106158292,20,0.1,1.5
1987,24,0.23087614566764164,0,1.3309240391486385,0,13.46315782193148,426.9614717951167,427.7712684377607,20,0.1,1.5
1987,23,0.23087614566764164,0,1.3282647183094067,0,13.436564613539161,440.3980364086559,441.2078330512999,20,0.1,1.5
1987,22,0.23087614566764164,0,1.3256107110621749,0,13.410024541066843,453.8080609497228,454.6178575923667,20,0.1,1.5
1987,21,0.23087614566764164,0,1.322962006789847,0,13.383537498343564,467.1915984480664,468.0013950907103,20,0.1,1.5
1987,20,0.23087614566764164,0,1.3203185948965452,0,13.357103379410546,480.5487018274769,481.3584984701208,20,0.1,1.5
1987,19,0.23087614566764164,0,1.3176804648075593,0,13.330722078520687,493.8794239059976,494.6892205486415,20,0.1,1.5
1987,18,0.23087614566764164,0,1.31504760596931,0,13.304393490138192,507.18381739613585,507.9936140387797,20,0.1,1.5
1987,17,0.23087614566764164,0,1.3124200078493051,0,13.278117508938145,520.4619349050739,521.2717315477179,20,0.1,1.5
1987,16,0.23087614566764164,0,1.309797659936098,0,13.251894029806074,533.71382893488,534.523625577524,20,0.1,1.5
1987,15,0.23087614566764164,0,1.3071805517392456,0,13.22572294783755,546.9395518827175,547.7493485253615,20,0.1,1.5
1987,14,0.23087614566764164,0,1.3045686727892631,0,13.199604158337726,560.1391560410552,560.9489526836992,20,0.1,1.5
1987,13,0.23087614566764164,0,1.3019620126375873,0,13.173537556820966,573.3126935978762,574.1224902405202,20,0.1,1.5
1987,12,0.23087614566764164,0,1.2993605608565306,0,13.1475230390104,586.4602166368866,587.2700132795305,20,0.1,1.5
1987,11,0.23087614566764164,0,1.2967643070392416,0,13.12156050083751,599.5817771377241,600.391573780368,20,0.1,1.5
1987,10,0.23087614566764164,0,1.2941732407996633,0,13.095649838441727,612.6774269761657,613.4872236188098,20,0.1,1.5
1987,9,0.23087614566764164,0,1.2915873517724905,0,13.069790948169999,625.7472179243357,626.5570145669798,20,0.1,1.5
1987,8,0.23087614566764164,0,1.2890066296131302,0,13.043983726576396,638.7912016509121,639.6009982935561,20,0.1,1.5
1987,7,0.23087614566764164,0,1.286431063997657,0,13.018228070421664,651.8094297213337,652.6192263639778,20,0.1,1.5
1987,6,0.23087614566764164,0,1.2838606446227752,0,12.992523876672845,664.8019535980065,665.6117502406506,20,0.1,1.5
1987,5,0.23087614566764164,0,1.2812953612057751,0,12.966871042502845,677.7688246405094,678.5786212831534,20,0.1,1.5
1987,4,0.23087614566764164,0,1.2787352034844934,0,12.941269465290029,690.7100941057994,691.5198907484435,20,0.1,1.5
1987,3,0.23087614566764164,0,1.2761801612172727,0,12.915719042617821,703.6258131484171,704.4356097910613,20,0.1,1.5
1987,2,0.011543807283382081,0,5.422665621072855e-4,0,0.013118537143327575,703.6389316855605,704.4487283282047,1,0.1,1.5
1987,1,150,0,1.2884265571346292,0,112.88426557134629,816.5231972569068,817.332993899551,99999,0.1,1.5
1988,113,9.13426677909883e-5,0.02500842572872347,0.02500842572872347,0,0.5002294096863301,0,0,1,0.1,1.5
1988,112,9.200910956291632e-5,2.5195438458184796e-4,0.025192918914338964,7.445097164929626e-4,0.26514592548834,0.2545100723955834,0.26514592548834,1,0.1,1.5
1988,111,9.284534809936176e-5,1.9103254122324867e-4,0.025540482437767204,7.47652667744072e-4,0.2680577990849813,0.5118871190842208,0.5332037245733212,1,0.1,1.5
1988,110,9.357403999398109e-5,1.9174201030459117e-4,0.0259604639661907,7.544761740710635e-4,0.2723626735164403,0.7734715615425031,0.8055663980897615,1,0.1,1.5
1988,109,9.461904786567915e-5,1.952813454417578e-4,0.026634183583740412,7.683614149359831e-4,0.27933432029900807,1.0418292901995685,1.0849007183887696,1,0.1,1.5
1988,108,9.680993256055058e-5,2.0072307661268463e-4,0.02758269102064055,7.896526842535237e-4,0.2891794335597659,1.3197279711271412,1.3740801519485355,1,0.1,1.5
1988,107,1.002973031437515e-4,2.0812509427493002e-4,0.028825588924041134,8.186409774416761e-4,0.30209887615823283,1.6101319761790645,1.6761790281067683,1,0.1,1.5
1988,106,1.052787964286831e-4,2.1751107166765026e-4,0.030376922199183396,8.554146200616648e-4,0.31823472743082004,1.9161464947518607,1.9944137555375883,1,0.1,1.5
1988,105,1.1200539294907983e-4,2.2882443635670322e-4,0.03224111409359117,8.997444189773267e-4,0.3376275472611209,2.2409205503133056,2.332041302798709,1,0.1,1.5
1988,104,1.2078554187489775e-4,2.4189482117445877e-4,0.03440801021919636,9.509530809322646e-4,0.3601646181116095,2.587500124411597,2.6922059209103186,1,0.1,1.5
1988,103,1.3198617346202014e-4,2.5639880599294873e-4,0.03684658239976314,0.0010077613502495271,0.3855143935577193,2.9586179272514657,3.077720314468038,1,0.1,1.5
1988,102,1.4602202388434211e-4,2.718359286156951e-4,0.039500120921995015,0.0010681945291436837,0.4130768383669397,3.3564348437734957,3.4907971528349777,1,0.1,1.5
1988,101,1.6334010276924227e-4,2.874970303685897e-4,0.042279464762690844,0.0011294593176105286,0.44191364444116227,3.7822133551059363,3.93271079727614,1,0.1,1.5
1988,100,1.8435643015790414e-4,3.0253729409724885e-4,0.04507075465658636,0.001188232372543123,0.4708305719727955,4.236069178899545,4.403541369248935,1,0.1,1.5
1988,99,2.0946298636496464e-4,3.159011386837048e-4,0.04772076387317606,0.001240367117792966,0.4982258223636928,4.716575471009052,4.9017671916126275,1,0.1,1.5
1988,98,2.386986777674896e-4,3.271226706768165e-4,0.05015557453335995,0.0012840377296255824,0.523329500629721,5.221561575501265,5.425096692242349,1,0.1,1.5
1988,97,2.735450781808852e-4,3.3522393894468275e-4,0.052213510429494826,0.0013154132080368084,0.5444613243275177,5.747231282571113,5.9695580165698665,1,0.1,1.5
1988,96,3.15752856364506e-4,3.3857027796543307e-4,0.05361249737877336,0.0013280947136578786,0.5586939600953149,6.286952461042744,6.528251976665182,1,0.1,1.5
1988,95,3.6499349100483974e-4,0.00033721190903753374,0.05431742053497617,0.001322302299768526,0.5656796862879764,6.833742114476884,7.093931662953158,1,0.1,1.5
1988,94,4.1905823642545445e-4,3.3520718919542383e-4,0.054951273160093635,0.001313966267205557,0.5719151223248726,7.386886290127391,7.66584678527803,1,0.1,1.5
1988,93,4.8244847594487646e-4,3.329243108893081e-4,0.055570936966509846,0.0013045319691706633,0.5779964160794403,7.9462465352186795,8.243843201357471,1,0.1,1.5
1988,92,6.029918506527495e-4,3.303799210048809e-4,0.05617533938298128,0.0012940654503658432,0.583945836897904,8.511705722825644,8.827789038255375,1,0.1,1.5
1988,91,7.907735232346679e-4,3.275817847946749e-4,0.056764548368176765,0.0012825978874253486,0.5897713108417567,9.083154206704181,9.417560349097132,1,0.1,1.5
1988,90,0.0010414617850304983,3.2453318594337534e-4,0.05733884352789568,0.0012701428874309383,0.595472973386948,9.66048228169926,10.01303332248408,1,0.1,1.5
1988,89,0.0013484144448885575,3.212385932389438e-4,0.05789885185832761,0.0012567186955181305,0.6010529717006121,10.243582129178185,10.614086294184693,1,0.1,1.5
1988,88,0.0017028060738419133,3.1770342764867387e-4,0.05844552129999953,0.0012423472721183485,0.6065152694988292,10.832349580503895,11.220601563683521,1,0.1,1.5
1988,87,0.0020938867977229147,3.139164090600764e-4,0.058976766750015244,0.0012269852977825413,0.6118311175194618,11.426652336626463,11.832432681202983,1,0.1,1.5
1988,86,0.0025291127635232425,3.0986997545448297e-4,0.05948967528854783,0.001210604115023434,0.61697587231604,12.026333864442167,12.449408553519023,1,0.1,1.5
1988,85,0.003022913070043806,3.0557582315017285e-4,0.05998439943781738,0.0011932503670480793,0.6219614618046773,12.631248892431872,13.0713700153237,1,0.1,1.5
1988,84,0.003572266014939471,0.00030103943927361403,0.06046109386300845,0.0011749464042340558,0.626787792331362,13.241251736131318,13.698157807655061,1,0.1,1.5
1988,83,0.004172172715696933,2.962673939630134e-4,0.06092023971586276,0.0011557187960410651,0.6314567880902613,13.856198255706706,14.329614595745323,1,0.1,1.5
1988,82,0.004815657340267675,2.912672330606328e-4,0.06136265259948882,0.001135597899249181,0.6359724636844708,14.475947892259045,14.965587059429794,1,0.1,1.5
1988,81,0.0054937872513675535,2.860472830990486e-4,0.06178947198332704,0.0011146170844588443,0.6403408187050609,15.100365609757551,15.605927878134855,1,0.1,1.5
1988,80,0.0061734616341954885,2.806075381259676e-4,0.062201614245127344,0.001092777241598896,0.6445489623734095,15.729303468679547,16.250476840508263,1,0.1,1.5
1988,79,0.006844604556394974,2.749590636247874e-4,0.06260083107713847,0.0010701223991495374,0.6486084339568893,16.362624439791443,16.89908527446515,1,0.1,1.5
1988,78,0.00751361466098227,2.691199394083557e-4,0.06298958876372712,0.0010467237884047593,0.6525493604492204,17.00022060326345,17.55163463491437,1,0.1,1.5
1988,77,0.008166211697511217,2.6310003437867265e-4,0.0633701226343726,0.0010226205610928867,0.6563852329776566,17.64199697108264,18.208019867892027,1,0.1,1.5
1988,76,0.008787170376952902,2.5690875213799737e-4,0.06374479620172245,9.978499799097986e-4,0.6601301628362368,18.28787213420588,18.868150030728263,1,0.1,1.5
1988,75,0.009360877582253783,2.505332305955643e-4,0.06411035580946886,9.723628374211355e-4,0.6637403731329249,18.937721609661363,19.531890403861187,1,0.1,1.5
1988,74,0.00990134123530219,2.4396809137512362e-4,0.06446286747592286,9.461391892317558e-4,0.6671855239617303,19.59139085949121,20.199075927822918,1,0.1,1.5
1988,73,0.010430239219584653,2.3723015681865466e-4,0.06480357847198989,9.192452496979864e-4,0.6704936540968274,20.24875243859235,20.869569581919745,1,0.1,1.5
1988,72,0.01094333046363602,2.303261656320009e-4,0.06513299543697838,8.917080235742452e-4,0.6736674557195885,20.90968120826088,21.543237037639333,1,0.1,1.5
1988,71,0.011436329974013604,2.23262867388376e-4,0.065451655193469,8.635545283664137e-4,0.6767098938536267,21.574054608852133,22.21994693149296,1,0.1,1.5
1988,70,0.01190494062748788,2.1604698365955007e-4,0.06576011849997103,8.3481164167302e-4,0.6796241625166265,22.24175289077343,22.899571094009588,1,0.1,1.5
1988,69,0.012344886190564777,2.08685170809572e-4,0.06605896305867588,8.055059554963086e-4,0.6824136343575592,22.91265929719533,23.581984728367146,1,0.1,1.5
1988,68,0.012751945479591274,2.0118398614003382e-4,0.0663487761071053,7.756636440789406e-4,0.6850818071199752,23.586660195114177,24.26706653548712,1,0.1,1.5
1988,67,0.013121987590356252,1.935498578744797e-4,0.06663014662681452,7.453103471761469e-4,0.6876322472477392,24.26364515168797,24.95469878273486,1,0.1,1.5
1988,66,0.01345100817199879,1.8578906140594693e-4,0.06690365793686913,7.144710780843928e-4,0.6900685384510031,24.943506960452055,25.644767321185864,1,0.1,1.5
1988,65,0.013735163050711197,1.7790768769048273e-4,0.06716987554360263,6.831701021813318e-4,0.6923941805683765,25.626141568132127,26.33716150175424,1,0.1,1.5
1988,64,0.01397082421089456,1.699106517292339e-4,0.06742893336255688,6.514271395699613e-4,0.6946084249439809,26.311443891082252,27.03176992669822,1,0.1,1.5
1988,63,0.014156619385626764,1.618024050711818e-4,0.0676805704760343,6.192601322214727e-4,0.696708048385589,26.99930536615039,27.72847797508381,1,0.1,1.5
1988,62,0.014293555797178744,1.535884661954108e-4,0.06792474376049713,5.866911090463241e-4,0.6986936610228491,27.689617725615438,28.427171636106657,1,0.1,1.5
1988,61,0.014381997663121843,1.4527411412758288e-4,0.06816133110806734,5.537411682124092e-4,0.7005646387813506,28.38227177627947,29.127736274888008,1,0.1,1.5
1988,60,0.014422593205688047,1.3686466856938987e-4,0.06839016859513035,5.204315550012208e-4,0.7023201312741403,29.077157171053592,29.83005640616215,1,0.1,1.5
1988,59,0.014416253186073598,0.00012836550727988931,0.06861105309647518,4.8678372970953386e-4,0.7039590747764978,29.774162192548527,30.53401548093865,1,0.1,1.5
1988,58,0.014364130186678955,1.1978208621312118e-4,0.06882374715545779,4.5281944570598116e-4,0.7054802284321996,30.473173571756355,31.23949570937085,1,0.1,1.5
1988,57,0.014267588057521598,1.1111995943575706e-4,0.06902798644013651,4.1856082600323944e-4,0.7068822297388786,31.17407636112376,31.946377939109727,1,0.1,1.5
1988,56,0.014128158199904888,1.0238374282515666e-4,0.06922273438516559,3.8402648656237436e-4,0.7081560460783541,31.876746314536938,32.65453398518808,1,0.1,1.5
1988,55,0.013951118016842803,9.35866129250205e-5,0.06941298382350834,3.4926701400113044e-4,0.7093559784803402,32.58111276424583,33.36388996366842,1,0.1,1.5
1988,54,0.013713438286392123,8.517372797341087e-5,0.06998860623371446,3.1592871665280615e-4,0.7143933591885612,33.29099285605364,34.07828332285698,1,0.1,1.5
1988,53,0.011543807283382081,7.588759991391532e-5,0.07002184448699304,2.793490200045383e-4,0.7126638926771034,33.999666048444965,34.79094721553409,1,0.1,1.5
1988,52,0.23087614566764164,2.803250108707641e-4,1.2579627474189452,9.555528785669329e-4,12.749998910151351,46.73601420318821,47.54094612568544,20,0.1,1.5
1988,51,0.23087614566764164,4.989453433369165e-38,1.066377145564371,0,10.817688886088803,57.55370308927701,58.35863501177424,20,0.1,1.5
1988,50,0.23087614566764164,5.40973240719203e-68,1.1822040199204689,0,11.975957629649782,69.52966071892679,70.33459264142402,20,0.1,1.5
1988,49,0.23087614566764164,7.758434509465672e-102,1.3032212643602732,0,13.186130074047826,82.71579079297462,83.52072271547185,20,0.1,1.5
1988,48,0.23087614566764164,4.033626724420729e-124,1.3895530735712858,0,14.049448166157951,96.76523895913256,97.57017088162979,20,0.1,1.5
1988,47,0.23087614566764164,3.567547584765144e-126,1.3934403517923515,0,14.088320948368608,110.85355990750116,111.6584918299984,20,0.1,1.5
1988,46,0.23087614566764164,3.56754758476519e-166,1.3906561170375886,0,14.06047860082098,124.91403850832214,125.71897043081938,20,0.1,1.5
1988,45,0.23087614566764164,3.567547584765235e-206,1.3878774454654614,0,14.032691885099709,138.94673039342183,139.75166231591908,20,0.1,1.5
1988,44,0.23087614566764164,3.567547584765281e-246,1.3851043259601687,0,14.004960690046781,152.9516910834686,153.75662300596585,20,0.1,1.5
1988,43,0.23087614566764164,3.5675475847653247e-286,1.3823367474281192,0,13.977284904726286,166.92897598819488,167.73390791069212,20,0.1,1.5
1988,42,0.23087614566764164,0,1.379574698797889,0,13.949664418423984,180.87864040661887,181.68357232911612,20,0.1,1.5
1988,41,0.23087614566764164,0,1.3768181690201748,0,13.922099120646843,194.8007395272657,195.60567144976295,20,0.1,1.5
1988,40,0.23087614566764164,0,1.3740671470677503,0,13.894588901122598,208.6953284283883,209.50026035088555,20,0.1,1.5
1988,39,0.23087614566764164,0,1.3713216219354236,0,13.86713364979933,222.56246207818762,223.3673940006849,20,0.1,1.5
1988,38,0.23087614566764164,0,1.3685815826399923,0,13.839733256845017,236.40219533503264,237.20712725752992,20,0.1,1.5
1988,37,0.23087614566764164,0,1.3658470182201994,0,13.812387612647088,250.21458294767973,251.019514870177,20,0.1,1.5
1988,36,0.23087614566764164,0,1.3631179177366894,0,13.785096607811989,263.99967955549175,264.804611477989,20,0.1,1.5
1988,35,0.23087614566764164,0,1.3603942702719658,0,13.757860133164751,277.75753968865655,278.56247161115374,20,0.1,1.5
1988,34,0.23087614566764164,0,1.357676064930346,0,13.730678079748555,291.48821776840515,292.2931496909023,20,0.1,1.5
1988,33,0.23087614566764164,0,1.3549632908379161,0,13.703550338824256,305.19176810722945,305.9967000297265,20,0.1,1.5
1988,32,0.23087614566764164,0,1.3522559371424903,0,13.676476801869997,318.8682449090995,319.67317683159655,20,0.1,1.5
1988,31,0.23087614566764164,0,1.349553993013569,0,13.649457360580783,332.5177022696803,333.32263419217736,20,0.1,1.5
1988,30,0.23087614566764164,0,1.3468574476422903,0,13.622491906867998,346.14019417654833,346.94512609904535,20,0.1,1.5
1988,29,0.23087614566764164,0,1.3441662902413916,0,13.59558033285901,359.73577450940735,360.54070643190437,20,0.1,1.5
1988,28,0.23087614566764164,0,1.3414805100451621,0,13.568722530896714,373.3044970403041,374.1094289628011,20,0.1,1.5
1988,27,0.23087614566764164,0,1.3388000963094036,0,13.54191839353913,386.8464154338433,387.6513473563402,20,0.1,1.5
1988,26,0.23087614566764164,0,1.3361250383113845,0,13.51516781355894,400.3615832474022,401.1665151698991,20,0.1,1.5
1988,25,0.23087614566764164,0,1.3334553253497985,0,13.48847068394308,413.8500539313453,414.6549858538422,20,0.1,1.5
1988,24,0.23087614566764164,0,1.3307909467447236,0,13.46182689789233,427.3118808292377,428.11681275173453,20,0.1,1.5
1988,23,0.23087614566764164,0,1.3281318918375757,0,13.435236348820851,440.74711717805855,441.5520491005554,20,0.1,1.5
1988,22,0.23087614566764164,0,1.3254781499910686,0,13.40869893035578,454.15581610841434,454.9607480309112,20,0.1,1.5
1988,21,0.23087614566764164,0,1.3228297105891682,0,13.382214536336775,467.53803064475113,468.342962567248,20,0.1,1.5
1988,20,0.23087614566764164,0,1.3201865630370555,0,13.355783060815648,480.8938137055668,481.69874562806365,20,0.1,1.5
1988,19,0.23087614566764164,0,1.3175486967610786,0,13.32940439805588,494.2232181036227,495.02815002611953,20,0.1,1.5
1988,18,0.23087614566764164,0,1.314916101208713,0,13.303078442532223,507.5262965461549,508.3312284686518,20,0.1,1.5
1988,17,0.23087614566764164,0,1.3122887658485203,0,13.276805088930297,520.8031016350852,521.6080335575821,20,0.1,1.5
1988,16,0.23087614566764164,0,1.3096666801701045,0,13.250584232146139,534.0536858672314,534.8586177897282,20,0.1,1.5
1988,15,0.23087614566764164,0,1.3070498336840717,0,13.22441576728581,547.2781016345172,548.083033557014,20,0.1,1.5
1988,14,0.23087614566764164,0,1.3044382159219843,0,13.198299589664936,560.476401224182,561.2813331466789,20,0.1,1.5
1988,13,0.23087614566764164,0,1.3018318164363236,0,13.17223559480833,573.6486368189903,574.4535687414872,20,0.1,1.5
1988,12,0.23087614566764164,0,1.299230624800445,0,13.146223678449545,586.7948604974398,587.5997924199368,20,0.1,1.5
1988,11,0.23087614566764164,0,1.2966346306085377,0,13.12026373653047,599.9151242339702,600.7200561564672,20,0.1,1.5
1988,10,0.23087614566764164,0,1.2940438234755833,0,13.094355665200927,613.0094798991711,613.8144118216682,20,0.1,1.5
1988,9,0.23087614566764164,0,1.2914581930373132,0,13.068499360818226,626.0779792599893,626.8829111824864,20,0.1,1.5
1988,8,0.23087614566764164,0,1.288877728950169,0,13.042694719946784,639.1206739799361,639.9256059024332,20,0.1,1.5
1988,7,0.23087614566764164,0,1.2863024208912572,0,13.016941639357666,652.1376156192937,652.9425475417909,20,0.1,1.5
1988,6,0.23087614566764164,0,1.2837322585583129,0,12.991240016028222,665.1288556353219,665.9337875578191,20,0.1,1.5
1988,5,0.23087614566764164,0,1.2811672316696545,0,12.965589747141639,678.0944453824635,678.8993773049607,20,0.1,1.5
1988,4,0.23087614566764164,0,1.278607329964145,0,12.939990730086544,691.03443611255,691.8393680350472,20,0.1,1.5
1988,3,0.23087614566764164,0,1.276052543201151,0,12.914442862456603,703.9488789750066,704.7538108975037,20,0.1,1.5
1988,2,0.011543807283382081,0,5.422123354510748e-4,0,0.01311799487676547,703.9619969698833,704.7669288923805,1,0.1,1.5
1988,1,150,0,1.2882977144789156,0,112.88297714478915,816.8449741146725,817.6499060371697,99999,0.1,1.5
1989,114,9.091815117761276e-5,0.024858191724179413,0.024858191724179413,0,0.4972244465843733,0,0,1,0.1,1.5
1989,113,9.13426677909883e-5,2.5008425728723484e-4,0.0250059248861506,7.360223888116233e-4,0.2631355921006907,0.25262098654623893,0.2631355921006907,1,0.1,1.5
1989,112,9.200910956291632e-5,1.8864697296905913e-4,0.02537652705157077,7.398801839805161e-4,0.2662827965657809,0.5083340661980125,0.5294183886664716,1,0.1,1.5
1989,111,9.284534809936176e-5,1.8882349234825048e-4,0.025724841556459446,7.44680517531264e-4,0.2698368404943993,0.7675326135848224,0.799255229160871,1,0.1,1.5
1989,110,9.357403999398109e-5,1.9053646362081176e-4,0.026146486963311847,7.513982952737765e-4,0.27416687832370984,1.0309652305474781,1.073422107484581,1,0.1,1.5
1989,109,9.461904786567915e-5,1.9404316718841337e-4,0.026823610519116036,7.651135143663954e-4,0.2811698092906654,1.3012048467757664,1.3545919167752463,1,0.1,1.5
1989,108,9.680993256055058e-5,1.9942040182950778e-4,0.027777345922601872,7.861934302794357e-4,0.2910635379176318,1.5810370499751205,1.645655454692878,1,0.1,1.5
1989,107,1.002973031437515e-4,2.0674149530316833e-4,0.02902736660950915,8.149230294176251e-4,0.3040497034799946,1.873444995892006,1.9497051581728728,1,0.1,1.5
1989,106,1.052787964286831e-4,2.160287657320927e-4,0.030587738161978895,8.513842815784755e-4,0.32027048773537387,2.181552851033402,2.2699756459082465,1,0.1,1.5
1989,105,1.1200539294907983e-4,2.2722434910789872e-4,0.03246282608692615,8.953423496553004e-4,0.33976577961738225,2.5085280256557083,2.6097414255256286,1,0.1,1.5
1989,104,1.2078554187489775e-4,2.4015721844481075e-4,0.03464230768840751,9.461158572088574e-4,0.3624211135803758,2.857433198418815,2.9721625391060043,1,0.1,1.5
1989,103,1.3198617346202014e-4,2.5450432562231125e-4,0.03709483807908555,0.001002424263989886,0.3879017614578136,3.2310146132482016,3.3600643005638178,1,0.1,1.5
1989,102,1.4602202388434211e-4,2.6976699157207787e-4,0.03976321954218874,0.0010622956909623776,0.415602866081565,3.6314418266017325,3.7756671666453827,1,0.1,1.5
1989,101,1.6334010276924227e-4,2.8523979970631805e-4,0.042557601645617206,0.0011229456692649167,0.4445793888445802,4.059979134456814,4.220246555489963,1,0.1,1.5
1989,100,1.8435643015790414e-4,3.000834660767533e-4,0.045363305674256484,0.0011810656576679917,0.47362916222821844,4.516735930146918,4.693875717718181,1,0.1,1.5
1989,99,2.0946298636496464e-4,3.132507908350785e-4,0.04802608357623698,0.0012325334099141808,0.5011406058032617,5.000268915808549,5.195016323521443,1,0.1,1.5
1989,98,2.386986777674896e-4,3.2428065911316377e-4,0.050471568408313,0.0012755381585254047,0.5263395968193266,5.508386538934656,5.72135592034077,1,0.1,1.5
1989,97,2.735450781808852e-4,3.322055413986489e-4,0.052537142380461074,0.0013062820091134294,0.5475370141628144,6.0372623815387065,6.268892934503584,1,0.1,1.5
1989,96,3.15752856364506e-4,3.35409381194124e-4,0.053939159807449955,0.0013184261422765197,0.5617908529660626,6.58021857532939,6.830683787469646,1,0.1,1.5
1989,95,3.6499349100483974e-4,3.3394769403250683e-4,0.054642564367864806,0.0013122120887527442,0.5687543365951584,7.130227024942366,7.399438124064805,1,0.1,1.5
1989,94,4.1905823642545445e-4,3.3184363869334345e-4,0.05527426959957902,0.00130346494943855,0.5749614323894627,7.686567529482706,7.974399556454268,1,0.1,1.5
1989,93,4.8244847594487646e-4,3.294622354015589e-4,0.05589151286510586,0.0012936206243647675,0.5810116779561532,8.249098912805076,8.555411234410421,1,0.1,1.5
1989,92,6.029918506527495e-4,3.268201618015096e-4,0.05649323821163445,0.0012827454294411953,0.5869275130077642,8.817701491106538,9.142338747418185,1,0.1,1.5
1989,91,7.907735232346679e-4,3.239252897042839e-4,0.057079521385196286,0.001270871037351223,0.5927169496314177,9.392263140204367,9.735055697049603,1,0.1,1.5
1989,90,0.0010414617850304983,3.207810537171683e-4,0.05765064536540063,0.001258011688575311,0.5983801675989407,9.972671712252232,10.333435864648544,1,0.1,1.5
1989,89,0.0013484144448885575,3.1739205981192207e-4,0.05820724164702131,0.0012441862164881087,0.6039193688385642,10.558816992283823,10.937355233487109,1,0.1,1.5
1989,88,0.0017028060738419133,3.1376385230607386e-4,0.05875026356589912,0.0012294171222696822,0.6093385799779896,11.150592470515104,11.5466938134651,1,0.1,1.5
1989,87,0.0020938867977229147,3.0988548853623613e-4,0.05927761539778588,0.0012136623338879437,0.6146089667362927,11.74786340391014,12.161302780201392,1,0.1,1.5
1989,86,0.0025291127635232425,3.0574972851040333e-4,0.059786377349774836,0.0011968944103951267,0.6197058375356078,12.350470749868673,12.781008617737001,1,0.1,1.5
1989,85,0.003022913070043806,3.0136834999352157e-4,0.060276713589635614,0.0011791604197709294,0.624641243630191,12.958266844644994,13.405649861367191,1,0.1,1.5
1989,84,0.003572266014939471,2.967469954512501e-4,0.06074878435468066,0.0011604833767270913,0.6294151581311895,13.57110366882294,14.035065019498381,1,0.1,1.5
1989,83,0.004172172715696933,2.918923729498964e-4,0.06120307739090144,0.0011408904543075472,0.6340295811771809,14.188834814938584,14.669094600675562,1,0.1,1.5
1989,82,0.004815657340267675,2.868121471429016e-4,0.06164041580904117,0.0011204125445182823,0.6384886112818041,14.81131753272727,15.307583211957366,1,0.1,1.5
1989,81,0.0054937872513675535,2.8151474394570155e-4,0.062061947307243424,0.0010990834820028494,0.6427983379461769,15.438414678073405,15.950381549903543,1,0.1,1.5
1989,80,0.0061734616341954885,2.7600038578098364e-4,0.062468588394102555,0.0010769050603845693,0.6469458868937928,16.069976206961705,16.597327436797336,1,0.1,1.5
1989,79,0.006844604556394974,2.7028019042363223e-4,0.06286210159381815,0.0010539216070313117,0.6509429105042712,16.705863094508388,17.248270347301606,1,0.1,1.5
1989,78,0.00751361466098227,2.643721464952734e-4,0.06324497075195194,0.0010302041427944267,0.6548197074650473,17.345965599933514,17.903090054766654,1,0.1,1.5
1989,77,0.008166211697511217,2.582861406170084e-4,0.06361944076238238,0.0010057919706143643,0.6585898668847303,17.990187010095184,18.561679921651383,1,0.1,1.5
1989,76,0.008787170376952902,2.520315824988296e-4,0.06398788421707974,9.807224541671963e-4,0.662267592354238,18.638444281675607,19.22394751400562,1,0.1,1.5
1989,75,0.009360877582253783,2.455960416612395e-4,0.06434703548324319,9.549479817373394e-4,0.6658090143286993,19.29061118197949,19.889756528334317,1,0.1,1.5
1989,74,0.00990134123530219,2.389744782216902e-4,0.06469295598648321,9.284498974432829e-4,0.6691837687673925,19.946531380783405,20.55894029710171,1,0.1,1.5
1989,73,0.010430239219584653,2.3218361399268315e-4,0.06502690942656719,9.012941540657447e-4,0.672420053991023,20.60607580400206,21.231360351092732,1,0.1,1.5
1989,72,0.01094333046363602,2.252302675498813e-4,0.06534940914332825,8.735081228996903e-4,0.6755206352212009,21.269117751753267,21.906880986313933,1,0.1,1.5
1989,71,0.011436329974013604,2.181212607654872e-4,0.06566099866004126,8.451191575025857e-4,0.6784885500122085,21.935533170944012,22.58536953632614,1,0.1,1.5
1989,70,0.01190494062748788,2.1086338025485052e-4,0.06596224539853929,8.161544420052561e-4,0.6813270640444369,22.605200885816945,23.26669660037058,1,0.1,1.5
1989,69,0.012344886190564777,2.0346334058217287e-4,0.0662537336512441,7.866408467800505e-4,0.6840396204278779,23.278002779862252,23.950736220798458,1,0.1,1.5
1989,68,0.012751945479591274,1.959277508811355e-4,0.06653605714051432,7.566047979201251e-4,0.6866297858706362,23.953823925762602,24.637366006669094,1,0.1,1.5
1989,67,0.013121987590356252,1.8826308537278153e-4,0.06680981119894587,7.260721624094593e-4,0.689101194033083,24.632552660332692,25.326467200702176,1,0.1,1.5
1989,66,0.01345100817199879,1.8047566013515767e-4,0.06707558534059653,6.950681580565013e-4,0.6914574939037422,25.31408060912134,26.017924694605917,1,0.1,1.5
1989,65,0.013735163050711197,1.725716024222378e-4,0.0673339510815936,6.636172354597364e-4,0.6937022484281524,25.99830261132864,26.71162694303407,1,0.1,1.5
1989,64,0.01397082421089456,1.6455589140978264e-4,0.06758504725411311,6.317393995655565e-4,0.6958347628277142,26.68511252559113,27.407461705861785,1,0.1,1.5
1989,63,0.014156619385626764,1.5643305710608e-4,0.06782861745204206,5.994529290256417e-4,0.6978518646203608,27.374400776939694,28.105313570482146,1,0.1,1.5
1989,62,0.014293555797178744,1.4820866192353515e-4,0.06806462406338266,5.667800616811147e-4,0.6997542224751971,28.066058141390876,28.80506779295734,1,0.1,1.5
1989,61,0.014381997663121843,1.3988803319437814e-4,0.06829295026700963,5.337421193791676e-4,0.7015412688638236,28.759974522834998,29.506609061821166,1,0.1,1.5
1989,60,0.014422593205688047,1.3147653543599909e-4,0.06851343746702114,5.003605571671881e-4,0.7032122101212279,29.456038724996695,30.209821271942396,1,0.1,1.5
1989,59,0.014416253186073598,1.2297958750018235e-4,0.06872588792359292,4.66657030443556e-4,0.7047660395746499,30.15413823556501,30.914587311517046,1,0.1,1.5
1989,58,0.014364130186678955,1.144026822886265e-4,0.06893006964216873,4.3265347153394695e-4,0.7062015739147492,30.854159045600706,31.620788885431796,1,0.1,1.5
1989,57,0.014267588057521598,1.0575140609516743e-4,0.0691257238479933,3.9837216418392484e-4,0.7075175088294791,31.55598552351327,32.328306394261276,1,0.1,1.5
1989,56,0.014128158199904888,9.703045906884515e-5,0.06931181873336767,3.6383208139406957e-4,0.7087048652204075,32.25949278757091,33.03701125948168,1,0.1,1.5
1989,55,0.013951118016842803,8.825261962953282e-5,0.06949335927862627,3.2908234165022316e-4,0.7098180406364087,32.96460965189803,33.74682930011809,1,0.1,1.5
1989,54,0.013713438286392123,7.983391644293565e-5,0.07006058955225429,2.9565852323771864e-4,0.7147702200670106,33.675156178775936,34.461599520185096,1,0.1,1.5
1989,53,0.011543807283382081,7.059613100027373e-5,0.07008467955754548,2.59199012941495e-4,0.7129514714497336,34.38440480718364,35.17455099163483,1,0.1,1.5
1989,52,0.23087614566764164,2.4169146975044087e-4,1.2580758393638451,8.168225858429471e-4,12.748761632864522,47.12149754596469,47.92331262449935,20,0.1,1.5
1989,51,0.23087614566764164,4.989453433369168e-40,1.0662705078498145,0,10.816622508943238,57.93812005490792,58.73993513344259,20,0.1,1.5
1989,50,0.23087614566764164,5.409732407192033e-70,1.1820857995184768,0,11.974775425629861,69.91289548053777,70.71471055907246,20,0.1,1.5
1989,49,0.23087614566764164,7.758434509465677e-104,1.3030909422338373,0,13.184826852783466,83.09772233332123,83.89953741185593,20,0.1,1.5
1989,48,0.23087614566764164,4.033626724420731e-126,1.3894141182639286,0,14.048058613084379,97.14578094640561,97.94759602494031,20,0.1,1.5
1989,47,0.23087614566764164,3.567547584765146e-128,1.3933010077571724,0,14.086927508016817,111.23270845442242,112.03452353295712,20,0.1,1.5
1989,46,0.23087614566764164,3.567547584765192e-168,1.3905170514258849,0,14.059087944703943,125.29179639912635,126.09361147766107,20,0.1,1.5
1989,45,0.23087614566764164,3.5675475847652367e-208,1.387738657720915,0,14.031304007654244,139.32310040678058,140.1249154853153,20,0.1,1.5
1989,44,0.23087614566764164,3.567547584765283e-248,1.3849658155275728,0,14.003575585720823,153.3266759925014,154.12849107103614,20,0.1,1.5
1989,43,0.23087614566764164,3.567547584765327e-288,1.3821985137533763,0,13.975902567978856,167.30257856048027,168.104393639015,20,0.1,1.5
1989,42,0.23087614566764164,0,1.379436741328009,0,13.948284843725185,181.25086340420546,182.0526784827402,20,0.1,1.5
1989,41,0.23087614566764164,0,1.3766804872032727,0,13.920722302477822,195.1715857066833,195.97340078521802,20,0.1,1.5
1989,40,0.23087614566764164,0,1.3739297403530435,0,13.893214833975529,209.0648005406588,209.86661561919354,20,0.1,1.5
1989,39,0.23087614566764164,0,1.3711844897732302,0,13.865762328177395,222.9305628688362,223.73237794737094,20,0.1,1.5
1989,38,0.23087614566764164,0,1.3684447244817284,0,13.838364675262378,236.76892754409857,237.5707426226333,20,0.1,1.5
1989,37,0.23087614566764164,0,1.3657104335183774,0,13.811021765628867,250.57994930972743,251.38176438826218,20,0.1,1.5
1989,36,0.23087614566764164,0,1.3629816059449158,0,13.783733489894251,264.3636827996217,265.16549787815643,20,0.1,1.5
1989,35,0.23087614566764164,0,1.3602582308449387,0,13.756499738894481,278.1201825385162,278.9219976170509,20,0.1,1.5
1989,34,0.23087614566764164,0,1.357540297323853,0,13.729320403683625,291.8495029421998,292.65131802073455,20,0.1,1.5
1989,33,0.23087614566764164,0,1.3548277945088323,0,13.702195375533417,305.55169831773327,306.35351339626794,20,0.1,1.5
1989,32,0.23087614566764164,0,1.3521207115487761,0,13.675124545932855,319.22682286366614,320.0286379422008,20,0.1,1.5
1989,31,0.23087614566764164,0,1.3494190376142676,0,13.64810780658777,332.87493067025395,333.67674574878856,20,0.1,1.5
1989,30,0.23087614566764164,0,1.3467227618975262,0,13.621145049420356,346.4960757196743,347.2978907982089,20,0.1,1.5
1989,29,0.23087614566764164,0,1.3440318736123675,0,13.59423616656877,360.0903118862431,360.8921269647777,20,0.1,1.5
1989,28,0.23087614566764164,0,1.3413463619941577,0,13.56738105038667,373.6576929366298,374.4595080151643,20,0.1,1.5
1989,27,0.23087614566764164,0,1.3386662162997727,0,13.540579593442821,387.19827253007264,388.00008760860715,20,0.1,1.5
1989,26,0.23087614566764164,0,1.3359914258075534,0,13.513831688520627,400.7121042185933,401.51391929712776,20,0.1,1.5
1989,25,0.23087614566764164,0,1.3333219798172635,0,13.48713722861773,414.1992414472111,415.00105652574547,20,0.1,1.5
1989,24,0.23087614566764164,0,1.3306578676500491,0,13.460496106945586,427.65973755415666,428.46155263269105,20,0.1,1.5
1989,23,0.23087614566764164,0,1.327999078648392,0,13.433908216929014,441.0936457710857,441.89546084962006,20,0.1,1.5
1989,22,0.23087614566764164,0,1.3253456021760694,0,13.407373452205789,454.5010192232915,455.30283430182584,20,0.1,1.5
1989,21,0.23087614566764164,0,1.3226974276181094,0,13.380891706626187,467.8819109299177,468.683726008452,20,0.1,1.5
1989,20,0.23087614566764164,0,1.3200545443807519,0,13.354462874252613,481.23637380417034,482.0381888827046,20,0.1,1.5
1989,19,0.23087614566764164,0,1.3174169418914023,0,13.328086849359117,494.56446065352947,495.36627573206374,20,0.1,1.5
1989,18,0.23087614566764164,0,1.314784609598592,0,13.301763526431014,507.8662241799605,508.66803925849473,20,0.1,1.5
1989,17,0.23087614566764164,0,1.3121575369719354,0,13.275492800164448,521.1417169801249,521.9435320586592,20,0.1,1.5
1989,16,0.23087614566764164,0,1.3095357135020875,0,13.249274565465969,534.3909915455909,535.1928066241252,20,0.1,1.5
1989,15,0.23087614566764164,0,1.3069191287007034,0,13.223108717452128,547.6141002630429,548.4159153415773,20,0.1,1.5
1989,14,0.23087614566764164,0,1.3043077721003922,0,13.196995151449016,560.8110954144919,561.6129104930262,20,0.1,1.5
1989,13,0.23087614566764164,0,1.30170163325468,0,13.170933762991893,573.9820291774837,574.7838442560181,20,0.1,1.5
1989,12,0.23087614566764164,0,1.299100701737965,0,13.144924447824744,587.1269536253084,587.9287687038429,20,0.1,1.5
1989,11,0.23087614566764164,0,1.296504967145477,0,13.118967101899862,600.2459207272082,601.0477358057428,20,0.1,1.5
1989,10,0.23087614566764164,0,1.2939144190932357,0,13.093061621377451,613.3389823485855,614.1407974271203,20,0.1,1.5
1989,9,0.23087614566764164,0,1.2913290472180095,0,13.067207902625189,626.4061902512107,627.2080053297456,20,0.1,1.5
1989,8,0.23087614566764164,0,1.2887488411772738,0,13.041405842217833,639.4475960934285,640.2494111719634,20,0.1,1.5
1989,7,0.23087614566764164,0,1.2861737906491681,0,13.015655336936776,652.4632514303653,653.2650665089002,20,0.1,1.5
1989,6,0.23087614566764164,0,1.283603885332457,0,12.989956283769663,665.4532077141349,666.2550227926698,20,0.1,1.5
1989,5,0.23087614566764164,0,1.2810391149464875,0,12.964308579909968,678.4175162940448,679.2193313725797,20,0.1,1.5
1989,4,0.23087614566764164,0,1.2784794692311485,0,12.938712122756579,691.3562284168014,692.1580434953363,20,0.1,1.5
1989,3,0.23087614566764164,0,1.2759249379468307,0,12.9131668099134,704.2693952267148,705.0712103052497,20,0.1,1.5
1989,2,0.011543807283382081,0,5.421581142175297e-4,0,0.013117452664430018,704.2825126793792,705.0843277579141,1,0.1,1.5
1989,1,150,0,1.2881688847074677,0,112.88168884707467,817.1642015264539,817.9660166049888,99999,0.1,1.5
1990,115,9.087992059173088e-5,0.02476193624886508,0.02476193624886508,0,0.4952993115910294,0,0,1,0.1,1.5
1990,114,9.091815117761276e-5,2.4858191724179423e-4,0.024855705905006995,7.313488028841394e-4,0.2615513303644749,0.25110349032327295,0.2615513303644749,1,0.1,1.5
1990,113,9.13426677909883e-5,1.8650643977577818e-4,0.02518742989086489,7.341271012364265e-4,0.26428778843593054,0.5049037487415403,0.5258391188004055,1,0.1,1.5
1990,112,9.200910956291632e-5,1.8685651572481962e-4,0.02555895944486074,7.396734861581095e-4,0.26808626310020384,0.7624232477537712,0.7939253819006094,1,0.1,1.5
1990,111,9.284534809936176e-5,1.8805836430629851e-4,0.025908439201686617,7.443949033535727e-4,0.27166108546371315,1.0234501203124333,1.0655864673643225,1,0.1,1.5
1990,110,9.357403999398109e-5,1.8975493845465224e-4,0.02633172188843396,7.509991584122292e-4,0.27600571036810445,1.2887272712746487,1.341592177732427,1,0.1,1.5
1990,109,9.461904786567915e-5,1.9321881026348298e-4,0.027012206536655724,7.64590545122587e-4,0.28304005490761563,1.5608446041090847,1.6246322326400424,1,0.1,1.5
1990,108,9.680993256055058e-5,1.98542561588154e-4,0.02797111654557947,7.855318723219606e-4,0.29298301491703027,1.8426057351358012,1.9176152475570727,1,0.1,1.5
1990,107,1.002973031437515e-4,2.0579817230743794e-4,0.029228194630202608,8.141025520564493e-4,0.30603682935181226,2.137012528029664,2.223652076908885,1,0.1,1.5
1990,106,1.052787964286831e-4,2.150063580519398e-4,0.030797525458557316,8.503783797694463e-4,0.32234376659851327,2.447208032060042,2.545995843507398,1,0.1,1.5
1990,105,1.1200539294907983e-4,2.261078309049041e-4,0.03268341539173128,8.941179296756492e-4,0.3419430157694086,2.77637793454837,2.8879388592768067,1,0.1,1.5
1990,104,1.2078554187489775e-4,2.3893053648666246e-4,0.03487537242194088,9.446332079809302e-4,0.36471831339287203,3.1276014878272287,3.2526571726696787,1,0.1,1.5
1990,103,1.3198617346202014e-4,2.531511092536946e-4,0.03734173466127511,0.001000637734530234,0.39033167326659945,3.503638336314825,3.6429888459362783,1,0.1,1.5
1990,102,1.4602202388434211e-4,2.682715926563152e-4,0.04002481714297512,0.001060155361400503,0.41817331196367297,3.906666571687062,4.061162157899951,1,0.1,1.5
1990,101,1.6334010276924227e-4,2.8358881531329234e-4,0.042834082302768875,0.0011204005233203945,0.44729132634438773,4.33795217626973,4.508453484244339,1,0.1,1.5
1990,100,1.8435643015790414e-4,2.982672490777655e-4,0.04565403575810605,0.0011780677589992867,0.47647547377288557,4.79759811062834,4.984928958017225,1,0.1,1.5
1990,99,2.0946298636496464e-4,3.11265860386896e-4,0.0483294143203579,0.001229044638890539,0.5041042243539371,5.284144554426698,5.489033182371162,1,0.1,1.5
1990,98,2.386986777674896e-4,3.221273462224828e-4,0.05078540579110352,0.0012715291748330256,0.5293991663227197,5.795379018251803,6.0184323486938816,1,0.1,1.5
1990,97,2.735450781808852e-4,3.2989255769234384e-4,0.05285845916850138,0.001301743375664326,0.550662214585453,6.327444898899194,6.569094563279334,1,0.1,1.5
1990,96,3.15752856364506e-4,3.3296062938107117e-4,0.05426337242703834,0.0013133864299324667,0.5649364957531865,6.873618731367631,7.13403105903252,1,0.1,1.5
1990,95,3.6499349100483974e-4,3.313924991285111e-4,0.054965153133616204,0.0013067225529809889,0.5718762503640359,7.426827516689081,7.705907309396556,1,0.1,1.5
1990,94,4.1905823642545445e-4,3.2918467374657096e-4,0.0555946084099787,0.001297527371676064,0.5780534083045278,7.986344819683951,8.283960717701085,1,0.1,1.5
1990,93,4.8244847594487646e-4,3.2669977844520745e-4,0.05620932886991054,0.0012872323991061278,0.5840709530737987,8.552026738484805,8.868031670774883,1,0.1,1.5
1990,92,6.029918506527495e-4,3.2395455897831394e-4,0.05680827524517359,0.001275904474709075,0.5899514993901791,9.123751031093427,9.457983170165061,1,0.1,1.5
1990,91,7.907735232346679e-4,3.2095701223484863e-4,0.05739153119239557,0.0012635758969586713,0.5957031486373939,9.701403095488555,10.053686318802455,1,0.1,1.5
1990,90,0.0010414617850304983,3.1771073268099944e-4,0.057959383223007914,0.0012502616077031507,0.6013261275236211,10.284868342902131,10.655012446326076,1,0.1,1.5
1990,89,0.0013484144448885575,3.1422047472014637e-4,0.058512467476978636,0.0012359811117383288,0.6068226955050802,10.874034165382378,11.261835141831156,1,0.1,1.5
1990,88,0.0017028060738419133,3.104919190904813e-4,0.059051742820109956,0.001220757546027964,0.6121969449559175,11.468791716823612,11.874032086787073,1,0.1,1.5
1990,87,0.0020938867977229147,3.065144383573483e-4,0.05957510321971809,0.00120454995614016,0.6174199576288576,12.069003817936181,12.491452044415931,1,0.1,1.5
1990,86,0.0025291127635232425,3.022810998838857e-4,0.06007962231463864,0.001187332038829377,0.6224669955898985,12.674508927257088,13.113919040005829,1,0.1,1.5
1990,85,0.003022913070043806,2.9780378844266757e-4,0.060565476023219385,0.001169151465681706,0.6273502372921026,13.285157000753738,13.741269277297931,1,0.1,1.5
1990,84,0.003572266014939471,2.9308831413628534e-4,0.061032830320426966,0.0011500320099268563,0.6320697257354996,13.900797697775998,14.373339003033431,1,0.1,1.5
1990,83,0.004172172715696933,2.8814153730638575e-4,0.061482179696739234,0.0011300015556317958,0.6366275401837559,14.521282358593586,15.009966543217187,1,0.1,1.5
1990,82,0.004815657340267675,2.829712576009996e-4,0.06191435490358984,0.0011090916491013226,0.6410278662544866,15.146466058432338,15.650994409471673,1,0.1,1.5
1990,81,0.0054937872513675535,2.7758601794016934e-4,0.06233051198301341,0.0010873367169873466,0.6452768865150287,15.77620956327612,16.296271295986703,1,0.1,1.5
1990,80,0.0061734616341954885,2.7198626895395215e-4,0.06273156780035928,0.0010647394731381282,0.6493617456845693,16.410360745058718,16.94563304167127,1,0.1,1.5
1990,79,0.006844604556394974,2.6618320366206423e-4,0.0631192957854166,0.0010413447057127032,0.6532942125338028,17.04877860465377,17.598927254205073,1,0.1,1.5
1990,78,0.00751361466098227,2.6019475716355944e-4,0.06349619729057536,0.0010172234771729837,0.6571047608776581,17.691351601571814,18.25603201508273,1,0.1,1.5
1990,77,0.008166211697511217,2.5403085405976115e-4,0.06386452681095972,9.92415383179316e-4,0.6608070803987162,18.337981319353684,18.916839095481446,1,0.1,1.5
1990,76,0.008787170376952902,2.4770092936678736e-4,0.06422666604219983,9.669580220397787e-4,0.6644154693294411,18.988583102653987,19.581254564810887,1,0.1,1.5
1990,75,0.009360877582253783,2.4119295585094724e-4,0.0645793377751292,9.408052192297947e-4,0.6678859669250627,19.643028995018625,20.24914053173595,1,0.1,1.5
1990,74,0.00990134123530219,2.3450221914303763e-4,0.06491859916524538,9.139395478374309e-4,0.6711881872555727,20.301160903019376,20.920328718991524,1,0.1,1.5
1990,73,0.010430239219584653,2.2764537465636301e-4,0.06524573027414098,8.864269283599961e-4,0.674350491134744,20.962848152320408,21.594679210126266,1,0.1,1.5
1990,72,0.01094333046363602,2.2062933340042138e-4,0.06556125123313884,8.582951946153848e-4,0.6773757192308936,21.627962511628226,22.27205492935716,1,0.1,1.5
1990,71,0.011436329974013604,2.134610019833013e-4,0.0658657123495509,8.295721311236863e-4,0.6802669839426417,22.296378465126246,22.9523219132998,1,0.1,1.5
1990,70,0.01190494062748788,2.0614724430386254e-4,0.06615968778450075,8.002853219004206e-4,0.6830276248287582,22.967973442499282,23.63534953812856,1,0.1,1.5
1990,69,0.012344886190564777,1.9869484510083436e-4,0.06644376848957398,7.704620070286394e-4,0.6856611575742003,23.642627999973072,24.321010695702757,1,0.1,1.5
1990,68,0.012751945479591274,1.9111047698884263e-4,0.06671855473428029,7.401289533771546e-4,0.6881712198616163,24.32022594907216,25.009181915564373,1,0.1,1.5
1990,67,0.013121987590356252,1.8340067145609264e-4,0.06698464825842834,7.093123413189082e-4,0.6905615144731616,25.000654430097907,25.699743430037536,1,0.1,1.5
1990,66,0.01345100817199879,1.7557179611547692e-4,0.06724264482157659,6.780376763100967e-4,0.6928357574769688,25.683803935056158,26.392579187514507,1,0.1,1.5
1990,65,0.013735163050711197,1.6763002488915648e-4,0.06749312199535036,6.463296739244232e-4,0.6949975766255991,26.369568230625696,27.087576764140106,1,0.1,1.5
1990,64,0.01397082421089456,1.5958040880548695e-4,0.0677362235992791,6.14208687806936e-4,0.6970463327139221,27.057840153513805,27.784623096854027,1,0.1,1.5
1990,63,0.014156619385626764,1.5142756282747122e-4,0.06797169782255327,5.816933905389071e-4,0.6989789056900192,27.748509153624696,28.483602002544046,1,0.1,1.5
1990,62,0.014293555797178744,1.4317710203951402e-4,0.0681995126163966,5.488062989611573e-4,0.7007960243676397,28.441465088007178,29.184398026911687,1,0.1,1.5
1990,61,0.014381997663121843,1.348344101767357e-4,0.06841955650182772,5.15569024881424e-4,0.7024971793461462,29.136596995569306,29.886895206257833,1,0.1,1.5
1990,60,0.014422593205688047,1.2640490464615702e-4,0.06863167626256624,4.820032992073559e-4,0.7040816352264972,29.833792869378556,30.59097684148433,1,0.1,1.5
1990,59,0.014416253186073598,1.1789405348589081e-4,0.06883567959241146,4.481310385927742e-4,0.7055484438962526,30.532939441294914,31.296525285380582,1,0.1,1.5
1990,58,0.014364130186678955,1.09307394706373e-4,0.069031340003088,4.1397442081813045e-4,0.7068964810664649,31.233922002063977,32.00342176644705,1,0.1,1.5
1990,57,0.014267588057521598,1.0065055510693288e-4,0.06921840431665448,3.7955595747858747e-4,0.7081245020532749,31.93662427615327,32.71154626850032,1,0.1,1.5
1990,56,0.014128158199904888,9.192832493920585e-5,0.06939584557184285,0.00034489503368971205,0.7092235830109433,32.640920787254366,33.42076985151127,1,0.1,1.5
1990,55,0.013951118016842803,8.315311160885112e-5,0.06956868052811097,3.1003945886423113e-4,0.7102482168683918,33.346739868996124,34.13101806837966,1,0.1,1.5
1990,54,0.013713438286392123,7.471296997385902e-5,0.0701274981241085,2.764194428827912e-4,0.7151132523157915,34.05790427212788,34.84613132069545,1,0.1,1.5
1990,53,0.011543807283382081,6.550571454537649e-5,0.07014247084282509,2.3995911697232558e-4,0.7132036244812782,34.76767990922384,35.55933494517673,1,0.1,1.5
1990,52,0.23087614566764164,2.066225611582412e-4,1.2581542374263697,6.915058735410262e-4,12.747404685656674,47.50520593954421,48.306739630833405,20,0.1,1.5
1990,51,0.23087614566764164,4.9894534333691704e-42,1.0661638807990295,0,10.815556238435388,58.320762177979596,59.1222958692688,20,0.1,1.5
1990,50,0.23087614566764164,5.409732407192036e-72,1.181967590938525,0,11.973593339830344,70.29435551780993,71.09588920909914,20,0.1,1.5
1990,49,0.23087614566764164,7.758434509465681e-106,1.302960633139614,0,13.183523761841233,83.47787927965116,84.27941297094037,20,0.1,1.5
1990,48,0.23087614566764164,4.033626724420733e-128,1.3892751768521021,0,14.046669198966114,97.52454847861728,98.32608216990648,20,0.1,1.5
1990,47,0.23087614566764164,3.567547584765148e-130,1.3931616776563966,0,14.08553420700906,111.61008268562634,112.41161637691555,20,0.1,1.5
1990,46,0.23087614566764164,3.567547584765194e-170,1.3903779997207424,0,14.057697427652517,125.66778011327885,126.46931380456806,20,0.1,1.5
1990,45,0.23087614566764164,3.567547584765239e-210,1.3875998838551429,0,14.029916268996523,139.69769638227538,140.49923007356458,20,0.1,1.5
1990,44,0.23087614566764164,3.567547584765285e-250,1.38482731894602,0,14.002190619905294,153.69988700218067,154.50142069346987,20,0.1,1.5
1990,43,0.23087614566764164,3.567547584765329e-290,1.382060293902001,0,13.974520369465104,167.67440737164577,168.47594106293496,20,0.1,1.5
1990,42,0.23087614566764164,0,1.3792987976538762,0,13.946905406983856,181.62131277862963,182.42284646991882,20,0.1,1.5
1990,41,0.23087614566764164,0,1.3765428191545523,0,13.919345621990617,195.54065840062023,196.34219209190945,20,0.1,1.5
1990,40,0.23087614566764164,0,1.3737923473790081,0,13.891840904235176,209.4324993048554,210.23403299614463,20,0.1,1.5
1990,39,0.23087614566764164,0,1.3710473713242528,0,13.864391143687621,223.29689044854302,224.09842413983225,20,0.1,1.5
1990,38,0.23087614566764164,0,1.3683078800092803,0,13.836996230537897,237.13388667908092,237.93542037037014,20,0.1,1.5
1990,37,0.23087614566764164,0,1.3655738624750255,0,13.809656055195349,250.94354273427626,251.7450764255655,20,0.1,1.5
1990,36,0.23087614566764164,0,1.3628453077843212,0,13.782370508288306,264.7259132425646,265.5274469338538,20,0.1,1.5
1990,35,0.23087614566764164,0,1.3601222050218542,0,13.755139480663637,278.4810527232283,279.2825864145174,20,0.1,1.5
1990,34,0.23087614566764164,0,1.3574045432941206,0,13.727962863386301,292.2090155866146,293.01054927790375,20,0.1,1.5
1990,33,0.23087614566764164,0,1.3546923117293814,0,13.700840547738908,305.90985613435356,306.71138982564264,20,0.1,1.5
1990,32,0.23087614566764164,0,1.3519854994776213,0,13.673772425221307,319.5836285595749,320.38516225086397,20,0.1,1.5
1990,31,0.23087614566764164,0,1.3492840957105061,0,13.646758387550156,333.23038694712506,334.03192063841414,20,0.1,1.5
1990,30,0.23087614566764164,0,1.3465880896213365,0,13.619798326658458,346.85018527378355,347.6517189650726,20,0.1,1.5
1990,29,0.23087614566764164,0,1.3438974704250064,0,13.592892134695157,360.44307740847876,361.2446110997677,20,0.1,1.5
1990,28,0.23087614566764164,0,1.3412122273579583,0,13.566039704024677,374.0091171125035,374.8106508037924,20,0.1,1.5
1990,27,0.23087614566764164,0,1.3385323496781427,0,13.53924092722652,387.54835803973003,388.3498917310189,20,0.1,1.5
1990,26,0.23087614566764164,0,1.3358578266649725,0,13.512495697094819,401.06085373682487,401.8623874281137,20,0.1,1.5
1990,25,0.23087614566764164,0,1.3331886476192818,0,13.485803906637912,414.5466576434628,415.3481913347516,20,0.1,1.5
1990,24,0.23087614566764164,0,1.330524801863284,0,13.459165449077934,428.00582309254077,428.80735678382956,20,0.1,1.5
1990,23,0.23087614566764164,0,1.327866278740527,0,13.432580217850365,441.43840331039115,442.23993700167995,20,0.1,1.5
1990,22,0.23087614566764164,0,1.3252130676158518,0,13.406048106603611,454.8444514169948,455.6459851082836,20,0.1,1.5
1990,21,0.23087614566764164,0,1.3225651578753477,0,13.37956900919857,468.22402042619336,469.02555411748216,20,0.1,1.5
1990,20,0.23087614566764164,0,1.3199225389263138,0,13.353142819708232,481.5771632459016,482.3786969371904,20,0.1,1.5
1990,19,0.23087614566764164,0,1.3172852001972133,0,13.326769432417226,494.9039326783189,495.7054663696076,20,0.1,1.5
1990,18,0.23087614566764164,0,1.3146531311376322,0,13.300448741821416,508.20438142014035,509.00591511142903,20,0.1,1.5
1990,17,0.23087614566764164,0,1.3120263212182381,0,13.274180642627476,521.4785620627678,522.2800957540566,20,0.1,1.5
1990,16,0.23087614566764164,0,1.3094047599307372,0,13.247965029752466,534.7265270925202,535.528060783809,20,0.1,1.5
1990,15,0.23087614566764164,0,1.3067884367878333,0,13.221801798323426,547.9483288908436,548.7498625821324,20,0.1,1.5
1990,14,0.23087614566764164,0,1.304177341323182,0,13.195690843676914,561.1440197345205,561.9455534258093,20,0.1,1.5
1990,13,0.23087614566764164,0,1.3015714630913546,0,13.16963206135864,574.3136517958791,575.115185487168,20,0.1,1.5
1990,12,0.23087614566764164,0,1.2989707916677913,0,13.143625347123006,587.4572771430021,588.258810834291,20,0.1,1.5
1990,11,0.23087614566764164,0,1.2963753166487624,0,13.117670596932717,600.5749477399348,601.3764814312237,20,0.1,1.5
1990,10,0.23087614566764164,0,1.2937850276513263,0,13.091767706958358,613.6667154468931,614.468249138182,20,0.1,1.5
1990,9,0.23087614566764164,0,1.2911999143132877,0,13.06591657357797,626.7326320204711,627.53416571176,20,0.1,1.5
1990,8,0.23087614566764164,0,1.2886199662931561,0,13.040117093376654,639.7727491138477,640.5742828051367,20,0.1,1.5
1990,7,0.23087614566764164,0,1.2860451732701033,0,13.014369163146126,652.7871182769937,653.5886519682829,20,0.1,1.5
1990,6,0.23087614566764164,0,1.2834755249439238,0,12.988672679884331,665.775790956878,666.5773246481672,20,0.1,1.5
1990,5,0.23087614566764164,0,1.2809110110349928,0,12.963027540795022,678.738818497673,679.5403521889622,20,0.1,1.5
1990,4,0.23087614566764164,0,1.2783516212842254,0,12.937433643287347,691.6762521409604,692.4777858322495,20,0.1,1.5
1990,3,0.23087614566764164,0,1.275797345453036,0,12.911890884975454,704.5881430259358,705.389676717225,20,0.1,1.5
1990,2,0.011543807283382081,0,5.421038984061079e-4,0,0.0131169105063158,704.6012599364421,705.4027936277314,1,0.1,1.5
1990,1,150,0,1.288040067818997,0,112.88040067818997,817.4816606146321,818.2831943059214,99999,0.1,1.5
1991,116,9.130967607481812e-5,0.02475324634863768,0.02475324634863768,0,0.49512580009013685,0,0,1,0.1,1.5
1991,115,9.087992059173088e-5,2.4761936248865094e-4,0.024759460055240195,7.31515588592042e-4,0.2605816034851883,0.25013138079101627,0.2605816034851883,1,0.1,1.5
1991,114,9.091815117761276e-5,1.853230198934528e-4,0.02503605753513753,7.327400295987317e-4,0.26274213235964816,0.5024057984421112,0.5233237358448364,1,0.1,1.5
1991,113,9.13426677909883e-5,1.853968397068644e-4,0.02536844292318491,7.372365211897319e-4,0.26613124304348884,0.7580050911828896,0.7894549788883252,1,0.1,1.5
1991,112,9.200910956291632e-5,1.8678693669677557e-4,0.025741321920455782,7.427282782543112e-4,0.26995283195296244,1.0173475191607906,1.0594078108412877,1,0.1,1.5
1991,111,9.284534809936176e-5,1.8797930948145618e-4,0.02609194708360484,7.473576291884007e-4,0.27353769838943015,1.2802086799903865,1.3329455092307179,1,0.1,1.5
1991,110,9.357403999398109e-5,1.8964733898760384e-4,0.026516838505848177,7.538727637671952e-4,0.27789685205264697,1.5473359211320734,1.6108423612833649,1,0.1,1.5
1991,109,9.461904786567915e-5,1.9307982438328158e-4,0.027200652952282703,7.673954876927478e-4,0.28496319981322865,1.8213363282639772,1.8958055610965936,1,0.1,1.5
1991,108,9.680993256055058e-5,1.9836839369637168e-4,0.028164702402005404,7.882850960561158e-4,0.2949564635700026,2.105031576176035,2.190762024666596,1,0.1,1.5
1991,107,1.002973031437515e-4,2.055836197371867e-4,0.0294287974487537,8.16816456502388e-4,0.308079482075134,2.4014422517297063,2.49884150674173,1,0.1,1.5
1991,106,1.052787964286831e-4,2.1474465852288098e-4,0.031007040300953824,8.530593220415725e-4,0.3244745972025039,2.713730287188759,2.823316103944234,1,0.1,1.5
1991,105,1.1200539294907983e-4,2.2579056072796134e-4,0.03290367653261102,8.967644144353547e-4,0.3441802614015752,3.045099628384115,3.167496365345809,1,0.1,1.5
1991,104,1.2078554187489775e-4,2.3854760736009918e-4,0.03510804318669392,9.472339115603834e-4,0.3670783446574146,3.3986460600192383,3.5345747100032234,1,0.1,1.5
1991,103,1.3198617346202014e-4,2.5269094472509543e-4,0.037588159921441544,0.0010031695956571535,0.392827493667648,3.7771425594632126,3.9274022036708716,1,0.1,1.5
1991,102,1.4602202388434211e-4,2.677215562766889e-4,0.04028585350161095,0.0010625823005535112,0.42081284574556366,4.182775658058012,4.348215049416435,1,0.1,1.5
1991,101,1.6334010276924227e-4,2.8293601898323156e-4,0.0431098990253687,0.0011226731887903278,0.45007543225665586,4.616812901903377,4.798290481673091,1,0.1,1.5
1991,100,1.8435643015790414e-4,2.974996122405993e-4,0.045943987294280064,0.001180125573407967,0.4793967101149495,5.079350675255355,5.277687191788041,1,0.1,1.5
1991,99,2.0946298636496464e-4,3.1037381832650375e-4,0.0486318425386485,0.0012308192274685533,0.5071449373816393,5.5689124808160155,5.78483212916968,1,0.1,1.5
1991,98,2.386986777674896e-4,3.2110356717048125e-4,0.05109820954423267,0.0012729533960041434,0.5325373120802214,6.083264744381892,6.317369441249902,1,0.1,1.5
1991,97,2.735450781808852e-4,3.287347694930049e-4,0.053178609166500614,0.001302754146761822,0.5538665762705591,6.618520547127282,6.871236017520461,1,0.1,1.5
1991,96,3.15752856364506e-4,3.316762137769274e-4,0.05458629269727876,0.0013139323415126242,0.5681606530364087,7.167910738142082,7.43939667055687,1,0.1,1.5
1991,95,3.6499349100483974e-4,3.2999456323653235e-4,0.055286337256548086,0.0013067767288093665,0.5750748861748404,7.724317385333931,8.01447155673171,1,0.1,1.5
1991,94,4.1905823642545445e-4,3.276736896564817e-4,0.05591343079205672,0.0012970808887618128,0.5812201439570605,8.28700780230868,8.59569170068877,1,0.1,1.5
1991,93,4.8244847594487646e-4,3.2507509756098406e-4,0.05652551603680009,0.0012862780788697383,0.5872029447876177,8.855835345969588,9.182894645476388,1,0.1,1.5
1991,92,6.029918506527495e-4,3.222156642670519e-4,0.05712157053632634,0.0012744359791617896,0.5930460848467757,9.430675202542625,9.775940730323164,1,0.1,1.5
1991,91,7.907735232346679e-4,3.191035443620163e-4,0.057701686013515996,0.0012615876826076163,0.598757759107712,10.01141028047023,10.374698489430877,1,0.1,1.5
1991,90,0.0010414617850304983,3.1574250925259765e-4,0.0582661526866114,0.0012477489267909516,0.6043382444837692,10.597923540285556,10.979036733914645,1,0.1,1.5
1991,89,0.0013484144448885575,3.121374826817837e-4,0.05881561150816552,0.001232940000495356,0.6097898614502371,11.190099973157288,11.588826595364882,1,0.1,1.5
1991,88,0.0017028060738419133,3.082943056978958e-4,0.059351027032334934,0.0012171848030368467,0.6151167717586541,11.787828390586846,12.203943367123536,1,0.1,1.5
1991,87,0.0020938867977229147,3.0420263341861346e-4,0.05987028319843116,0.0012004433568216103,0.6202899736620502,12.390969173437158,12.824233340785586,1,0.1,1.5
1991,86,0.0025291127635232425,2.998558207061831e-4,0.06037044736211452,0.0011826904184182418,0.6252846844098642,12.999358280441047,13.44951802519545,1,0.1,1.5
1991,85,0.003022913070043806,2.952659043048532e-4,0.06085170734203749,0.001163974491940668,0.6301132148711764,13.6128432882845,14.079631240066627,1,0.1,1.5
1991,84,0.003572266014939471,2.904388856230769e-4,0.06131423503987664,0.001144320237043354,0.6347756818893856,14.231271538216124,14.714406921956012,1,0.1,1.5
1991,83,0.004172172715696933,2.853818042810128e-4,0.061758531867677505,0.0011237563922473018,0.6392742479431064,14.854492123412841,15.353681169899119,1,0.1,1.5
1991,82,0.004815657340267675,2.8010262485134065e-4,0.06218543638037481,0.00110231531498668,0.6436131899217734,15.482357951691947,15.997294359820891,1,0.1,1.5
1991,81,0.0054937872513675535,2.7461003942623837e-4,0.06259611311106195,0.0010800321906781242,0.6477987876345285,16.114727708031072,16.64509314745542,1,0.1,1.5
1991,80,0.0061734616341954885,2.6890473097407157e-4,0.06299147951186378,0.0010569106892230166,0.6518182076495994,16.751447191548912,17.29691135510502,1,0.1,1.5
1991,79,0.006844604556394974,2.6299800846479643e-4,0.06337332003226624,0.001032996265885294,0.6556833396242208,17.39237344166049,17.952594694729243,1,0.1,1.5
1991,78,0.00751361466098227,2.569078168648815e-4,0.06374415354013954,0.0010083603345231924,0.6594248376467446,18.037393131671188,18.61201953237599,1,0.1,1.5
1991,77,0.008166211697511217,2.506441543354266e-4,0.06410624420407345,9.830429621477646e-4,0.663056495603588,18.68640615638695,19.275076027979576,1,0.1,1.5
1991,76,0.008787170376952902,2.4421651480361256e-4,0.06446198288110555,9.570821497843139e-4,0.6665927096835028,19.33932626393068,19.94166873766308,1,0.1,1.5
1991,75,0.009360877582253783,2.3761323436595814e-4,0.06480808114615913,9.304329905437397e-4,0.6699894287249971,19.996023792790766,20.611658166388075,1,0.1,1.5
1991,74,0.00990134123530219,2.308299091507881e-4,0.06514059219228821,9.030792348237917e-4,0.6732162470973122,20.656338907962024,21.284874413485387,1,0.1,1.5
1991,73,0.010430239219584653,2.2388318583656266e-4,0.06546081243320356,8.750870518853236e-4,0.6763016926018195,21.32013935696548,21.961176106087205,1,0.1,1.5
1991,72,0.01094333046363602,2.167800919878504e-4,0.06576926890666937,8.46484864184188e-4,0.6792486845459131,21.987295400594476,22.64042479063312,1,0.1,1.5
1991,71,0.011436329974013604,2.095276428007546e-4,0.06606651881109686,8.173010115404904e-4,0.6820604132579446,22.65768008511613,23.322485203891063,1,0.1,1.5
1991,70,0.01190494062748788,2.0213280291814378e-4,0.0663531431461974,7.87563599827364e-4,0.6847402951451097,23.331169471692277,24.00722549903617,1,0.1,1.5
1991,69,0.012344886190564777,1.9460245020816818e-4,0.06662973961448218,7.573003578984793e-4,0.6872919213153534,24.007642816466223,24.694517420351524,1,0.1,1.5
1991,68,0.012751945479591274,1.869433431141771e-4,0.06689691511715115,7.265385090697116e-4,0.6897190031471861,24.68698269805527,25.38423642349871,1,0.1,1.5
1991,67,0.013121987590356252,1.7916209204428798e-4,0.06715527787893223,6.953046589806132e-4,0.6920253151363924,25.36907508949194,26.0762617386351,1,0.1,1.5
1991,66,0.01345100817199879,1.7126513703867894e-4,0.06740542997617195,6.636247085231514e-4,0.6942146428923409,26.05380937940538,26.77047638152744,1,0.1,1.5
1991,65,0.013735163050711197,1.6325871872999737e-4,0.06764795510163193,6.31523741557216e-4,0.6962906813072917,26.74107829297614,27.466767062834734,1,0.1,1.5
1991,64,0.01397082421089456,1.5514797603978885e-4,0.0678830021488709,5.990225457324762e-4,0.6982528489954053,27.430773677032512,28.16501991183014,1,0.1,1.5
1991,63,0.014156619385626764,1.469376232630015e-4,0.06811032400040574,5.661402655939645e-4,0.7000980805736857,28.122784039526284,28.865117992403825,1,0.1,1.5
1991,62,0.014293555797178744,1.3863334576068445e-4,0.06832989423987525,5.328997888225798e-4,0.7018271671805153,28.816998352580764,29.56694515958434,1,0.1,1.5
1991,61,0.014381997663121843,1.3024060032212334e-4,0.0685416068023979,4.993231046179136e-4,0.703439659678109,29.513304825050046,30.270384819262446,1,0.1,1.5
1991,60,0.014422593205688047,1.2176487384830055e-4,0.06874531391974181,4.6543230675162844e-4,0.7049348830266211,30.211590675123073,30.975319702289067,1,0.1,1.5
1991,59,0.014416253186073598,1.1321170018305246e-4,0.06894082878410042,4.3124966000410354e-4,0.706311949728847,30.911741915423292,31.681631652017913,1,0.1,1.5
1991,58,0.014364130186678955,1.0458667915159635e-4,0.06912793047429222,3.967976746701335e-4,0.7075697965351309,31.61364317374885,32.389201448553045,1,0.1,1.5
1991,57,0.014267588057521598,9.58954949207162e-5,0.06930637146559246,3.620991777459504e-4,0.7087072403731836,32.31717756872566,33.09790868892623,1,0.1,1.5
1991,56,0.014128158199904888,8.714304167182008e-5,0.0694751297457081,3.271740424516587e-4,0.7097154148992356,33.02221906873273,33.80762410382547,1,0.1,1.5
1991,55,0.013951118016842803,7.834139583214629e-5,0.0696392335247742,2.9206894303277723e-4,0.710648908022522,33.72869556328335,34.51827301184799,1,0.1,1.5
1991,54,0.013713438286392123,6.985199042043638e-5,0.0701895902350168,2.5811348220320545e-4,0.7154240499053461,34.440432277728654,35.23369706175333,1,0.1,1.5
1991,53,0.011543807283382081,6.064483638853516e-5,0.07019544637498389,2.2150379655686914e-4,0.7134211235867913,35.15068906136463,35.94711818534012,1,0.1,1.5
1991,52,0.23087614566764164,1.7494269399683898e-4,1.2582012984710123,5.782753080143515e-4,12.745940917923962,47.88836890345981,48.69305910326408,20,0.1,1.5
1991,51,0.23087614566764164,4.989453433369173e-44,1.0660572644109496,0,10.81449007455459,58.7028589780144,59.507549177818674,20,0.1,1.5
1991,50,0.23087614566764164,5.4097324071920386e-74,1.1818493941794312,0,11.972411372239407,70.6752703502538,71.47996055005808,20,0.1,1.5
1991,49,0.23087614566764164,7.758434509465686e-108,1.3028303370763,0,13.182220801208093,83.85749115146189,84.66218135126617,20,0.1,1.5
1991,48,0.23087614566764164,4.033626724420735e-130,1.3891362493344168,0,14.045279923789263,97.90277107525114,98.70746127505544,20,0.1,1.5
1991,47,0.23087614566764164,3.56754758476515e-132,1.393022361488631,0,14.084141045331403,111.98691212058253,112.79160232038684,20,0.1,1.5
1991,46,0.23087614566764164,3.567547584765196e-172,1.3902389619207702,0,14.056307049652796,126.04321917023532,126.84790937003964,20,0.1,1.5
1991,45,0.23087614566764164,3.567547584765241e-212,1.3874611238667574,0,14.028528669112667,140.07174783934798,140.8764380391523,20,0.1,1.5
1991,44,0.23087614566764164,3.567547584765287e-252,1.3846888362141254,0,14.000805792586348,154.0725536319343,154.87724383173867,20,0.1,1.5
1991,43,0.23087614566764164,3.567547584765331e-292,1.3819220878726108,0,13.973138309171203,168.0456919411055,168.85038214090986,20,0.1,1.5
1991,42,0.23087614566764164,0,1.3791608677741107,0,13.9455261081862,181.9912180492917,182.79590824909604,20,0.1,1.5
1991,41,0.23087614566764164,0,1.376405164872637,0,13.917969079171463,195.90918712846315,196.7138773282675,20,0.1,1.5
1991,40,0.23087614566764164,0,1.3736549681442702,0,13.890467111887796,209.79965424035095,210.6043444401553,20,0.1,1.5
1991,39,0.23087614566764164,0,1.3709102665871205,0,13.863020096316298,223.66267433666724,224.4673645364716,20,0.1,1.5
1991,38,0.23087614566764164,0,1.3681710492212793,0,13.835627922657887,237.49830225932513,238.30299245912948,20,0.1,1.5
1991,37,0.23087614566764164,0,1.365437305088778,0,13.808290481332874,251.306592740658,252.11128294046236,20,0.1,1.5
1991,36,0.23087614566764164,0,1.3627090232535428,0,13.781007662980523,265.08760040363853,265.89229060344286,20,0.1,1.5
1991,35,0.23087614566764164,0,1.3599861928013521,0,13.753779358458615,278.8413797620972,279.6460699619015,20,0.1,1.5
1991,34,0.23087614566764164,0,1.3572688028397912,0,13.726605458843006,292.5679852209402,293.3726754207445,20,0.1,1.5
1991,33,0.23087614566764164,0,1.3545568424982084,0,13.699485855427177,306.26747107636743,307.07216127617164,20,0.1,1.5
1991,32,0.23087614566764164,0,1.3518503009276734,0,13.672420439721828,319.9398915160893,320.74458171589345,20,0.1,1.5
1991,31,0.23087614566764164,0,1.349149167300935,0,13.645409103454444,333.5853006195438,334.3899908193479,20,0.1,1.5
1991,30,0.23087614566764164,0,1.3464534308123743,0,13.618451738568837,347.20375235811264,348.00844255791674,20,0.1,1.5
1991,29,0.23087614566764164,0,1.343763080677964,0,13.591548237224734,360.7953005953374,361.5999907951415,20,0.1,1.5
1991,28,0.23087614566764164,0,1.3410781061352226,0,13.56469849179732,374.3599990871347,375.1646892869388,20,0.1,1.5
1991,27,0.23087614566764164,0,1.338398496443175,0,13.537902394876843,387.8979014820116,388.70259168181565,20,0.1,1.5
1991,26,0.23087614566764164,0,1.335724240882306,0,13.511159839268155,401.4090613212798,402.2137515210838,20,0.1,1.5
1991,25,0.23087614566764164,0,1.33305532875452,0,13.484470717990293,414.8935320392701,415.6982222390741,20,0.1,1.5
1991,24,0.23087614566764164,0,1.3303917493830977,0,13.45783492427607,428.3513669635462,429.15605716335017,20,0.1,1.5
1991,23,0.23087614566764164,0,1.3277334921126531,0,13.431252351571626,441.7826193151178,442.5873095149218,20,0.1,1.5
1991,22,0.23087614566764164,0,1.3250805463090902,0,13.404722893535997,455.18734220865383,455.9920324084578,20,0.1,1.5
1991,21,0.23087614566764164,0,1.3224329013595602,0,13.378246444040695,468.56558865269454,469.37027885249853,20,0.1,1.5
1991,20,0.23087614566764164,0,1.3197905466724211,0,13.351822897169304,481.91741154986386,482.72210174966784,20,0.1,1.5
1991,19,0.23087614566764164,0,1.3171534716771935,0,13.32545214721703,495.2428636970809,496.0475538968849,20,0.1,1.5
1991,18,0.23087614566764164,0,1.3145216658245185,0,13.299134088690279,508.54199778577123,509.34668798557516,20,0.1,1.5
1991,17,0.23087614566764164,0,1.3118951185861163,0,13.272868616306257,521.8148664020774,522.6195566018814,20,0.1,1.5
1991,16,0.23087614566764164,0,1.3092738194547442,0,13.246655624992536,535.0615220270699,535.8662122268739,20,0.1,1.5
1991,15,0.23087614566764164,0,1.3066577579441545,0,13.220495009886639,548.2820170369565,549.0867072367606,20,0.1,1.5
1991,14,0.23087614566764164,0,1.3040469235890497,0,13.19438666633559,561.476403703292,562.2810939030962,20,0.1,1.5
1991,13,0.23087614566764164,0,1.3014413059450456,0,13.168330489895549,574.6447341931876,575.4494243929918,20,0.1,1.5
1991,12,0.23087614566764164,0,1.2988408945886245,0,13.142326376331338,587.7870605695189,588.5917507693231,20,0.1,1.5
1991,11,0.23087614566764164,0,1.2962456791170975,0,13.11637422161607,600.9034347911349,601.7081249909392,20,0.1,1.5
1991,10,0.23087614566764164,0,1.2936556491485611,0,13.090473921930705,613.9939087130656,614.7985989128698,20,0.1,1.5
1991,9,0.23087614566764164,0,1.2910707943218565,0,13.064625373663658,627.0585340867292,627.8632242865334,20,0.1,1.5
1991,8,0.23087614566764164,0,1.2884911042965268,0,13.038828473410362,640.0973625601396,640.9020527599438,20,0.1,1.5
1991,7,0.23087614566764164,0,1.2859165687527763,0,13.013083117972856,653.1104456781123,653.9151358779167,20,0.1,1.5
1991,6,0.23087614566764164,0,1.2833471773914293,0,12.987389204359387,666.0978348824717,666.902525082276,20,0.1,1.5
1991,5,0.23087614566764164,0,1.2807829199338894,0,12.961746629783988,679.0595815122557,679.86427171206,20,0.1,1.5
1991,4,0.23087614566764164,0,1.278223786122097,0,12.936155291666065,691.9957368039218,692.8004270037261,20,0.1,1.5
1991,3,0.23087614566764164,0,1.2756697657184908,0,12.910615087630001,704.9063518915517,705.7110420913561,20,0.1,1.5
1991,2,0.011543807283382081,0,5.420496880162673e-4,0,0.013116368402417394,704.9194682599541,705.7241584597585,1,0.1,1.5
1991,1,150,0,1.287911263812215,0,112.87911263812215,817.7985808980762,818.6032710978807,99999,0.1,1.5
1992,117,9.22954497642281e-5,0.02485072675866168,0.02485072675866168,0,0.49707606547307637,0,0,1,0.1,1.5
1992,116,9.130967607481812e-5,2.4753246348637695e-4,0.02475077102400282,7.38065365839628e-4,0.2605876989328413,0.25004390799227516,0.2605876989328413,1,0.1,1.5
1992,115,9.087992059173088e-5,1.8535509077289701e-4,0.024939863006382682,7.367470823997877e-4,0.26183772590528054,0.5013566755775588,0.5224254248381218,1,0.1,1.5
1992,114,9.091815117761276e-5,1.8503823759861746e-4,0.025216738936783698,7.396984895840227e-4,0.26464550512437995,0.755435059422167,0.7870709299625018,1,0.1,1.5
1992,113,9.13426677909883e-5,1.8616309869450164e-4,0.025550215209190024,7.441576509178961e-4,0.26805550177524723,1.0128597376128727,1.0551264317377491,1,0.1,1.5
1992,112,9.200910956291632e-5,1.8754993893054555e-4,0.025924429857827315,7.495869336127135e-4,0.2718895221398498,1.2740408749868266,1.327015953877599,1,0.1,1.5
1992,111,9.284534809936176e-5,1.8871920039191474e-4,0.026276177296193578,7.541415026012849e-4,0.2754843119017491,1.5387517368514145,1.6025002657793481,1,0.1,1.5
1992,110,9.357403999398109e-5,1.9036466433167482e-4,0.02670265501293939,7.60594770737882e-4,0.27985821904800967,1.8077443163174545,1.8823584848273578,1,0.1,1.5
1992,109,9.461904786567915e-5,1.9377967016701977e-4,0.027389781758910662,7.741115785172509e-4,0.2869574304919813,2.083643009973475,2.169315915319339,1,0.1,1.5
1992,108,9.680993256055058e-5,1.9905495795099267e-4,0.028358957205779235,7.95049283087914e-4,0.29700250849359855,2.3692876715658175,2.466318423812938,1,0.1,1.5
1992,107,1.002973031437515e-4,2.0625995032296887e-4,0.02963005868313442,8.236793289433034e-4,0.31019689875966927,2.6677177227691535,2.776515322572607,1,0.1,1.5
1992,106,1.052787964286831e-4,2.1541227709562195e-4,0.031217204427434125,8.600654697198329e-4,0.32668300247700943,2.9821140756787368,3.1031983250496165,1,0.1,1.5
1992,105,1.1200539294907983e-4,2.264490092161183e-4,0.033124577268566595,9.039489658364317e-4,0.3464984896945993,3.31569900871853,3.4496968147442155,1,0.1,1.5
1992,104,1.2078554187489775e-4,2.3919395396369684e-4,0.035341340860265344,9.54618263456259e-4,0.36952327560053455,3.6715848805554034,3.81922009034475,1,0.1,1.5
1992,103,1.3198617346202014e-4,2.533193083615393e-4,0.03783519350436369,0.0010107564687943755,0.39541249703519427,4.052557999464964,4.214632587379945,1,0.1,1.5
1992,102,1.4602202388434211e-4,2.683227907011447e-4,0.04054747049139917,0.0010703510121350176,0.42354600958171196,4.46081328030189,4.638178596961657,1,0.1,1.5
1992,101,1.6334010276924227e-4,2.8349765738741427e-4,0.04338625633266375,0.0011305754197149748,0.4529575107268574,4.897619713604247,5.091136107688515,1,0.1,1.5
1992,100,1.8435643015790414e-4,2.9800638947439774e-4,0.04623442428890263,0.0011880849817505245,0.4824198536669782,5.363066924674789,5.573555961355493,1,0.1,1.5
1992,99,2.0946298636496464e-4,3.1080854505040334e-4,0.04893468416126178,0.0012387311017160551,0.5102907276499754,5.855661493728821,6.083846689005468,1,0.1,1.5
1992,98,2.386986777674896e-4,3.214493846727407e-4,0.05141133807227928,0.001280705527920034,0.5357828002773656,6.373148500750186,6.619629489282834,1,0.1,1.5
1992,97,2.735450781808852e-4,3.289758843853856e-4,0.05349897984227442,0.0013102200833807602,0.5571793504146343,6.911610421402238,7.176808839697468,1,0.1,1.5
1992,96,3.15752856364506e-4,3.3179984751592536e-4,0.054909317153387184,0.0013209669700778907,0.57149262862867245,7.464232093315512,7.748301468326141,1,0.1,1.5
1992,95,3.6499349100483974e-4,3.2999412783470697e-4,0.05560750280502477,0.0013132620605140212,0.5783791849013697,8.02385039163811,8.32668065322751,1,0.1,1.5
1992,94,4.1905823642545445e-4,3.27546959087018e-4,0.05623210967116797,0.0013029954237974506,0.5844901588001304,8.589726330098276,8.911170812027642,1,0.1,1.5
1992,93,4.8244847594487646e-4,3.248202706930444e-4,0.056841433004913844,0.0012916092052686096,0.5904357251486313,9.161710495171642,9.501606537176274,1,0.1,1.5
1992,92,6.029918506527495e-4,3.218311514331179e-4,0.05743446737406316,0.0012791723084946568,0.5962388699434169,9.739675474993707,10.09784540711969,1,0.1,1.5
1992,91,7.907735232346679e-4,3.185879560955242e-4,0.05801131276556655,0.0012657188309719888,0.6019078871507579,10.323501664559151,10.699753294270447,1,0.1,1.5
1992,90,0.0010414617850304983,3.1509465679026386e-4,0.058572263303040474,0.0012512654298442068,0.6074431078813401,10.913069552014145,11.307196402151787,1,0.1,1.5
1992,89,0.0013484144448885575,3.1135637495065683e-4,0.05911796494713855,0.001235833322598869,0.6128469179355635,11.508261708198296,11.92004332008735,1,0.1,1.5
1992,88,0.0017028060738419133,3.0737914381619066e-4,0.05964938813039091,0.0012194473314596727,0.6181235529550085,12.108964584989595,12.538166873042359,1,0.1,1.5
1992,87,0.0020938867977229147,3.031528655395887e-4,0.06016440700931672,0.0012020683100420187,0.62324392770955,12.715036108269972,13.16141080075191,1,0.1,1.5
1992,86,0.0025291127635232425,2.986711628116223e-4,0.06066008292198287,0.001183672003527135,0.6281832160740147,13.3263097242936,13.789594016825925,1,0.1,1.5
1992,85,0.003022913070043806,2.939462820282155e-4,0.06113661579428845,0.0011643080290910485,0.6329538679873536,13.942630620436796,14.422547884813278,1,0.1,1.5
1992,84,0.003572266014939471,2.8898444811706927e-4,0.06159418367563349,0.0011440020971579781,0.6375560790163887,14.563843812350928,15.060103963829667,1,0.1,1.5
1992,83,0.004172172715696933,2.8379291610463556e-4,0.06203329511255256,0.0011227839824806424,0.641992099941998,15.189796141114632,15.702096063771664,1,0.1,1.5
1992,82,0.004815657340267675,2.783798549951834e-4,0.06245479666548344,0.0011006870501496556,0.6462663041480549,15.820338344546263,16.34836236791972,1,0.1,1.5
1992,81,0.0054937872513675535,2.7275414806379343e-4,0.06285986154742038,0.0010777474514418691,0.650385073952542,16.45532702633535,16.99874744187226,1,0.1,1.5
1992,80,0.0061734616341954885,2.6691671961549487e-4,0.06324940803621835,0.0010539698711359829,0.6543356010926019,17.094605914983152,17.653083042964862,1,0.1,1.5
1992,79,0.006844604556394974,2.608790465559715e-4,0.06362523176673433,0.0010294006829154724,0.6581299018788159,17.73803009282032,18.31121294484368,1,0.1,1.5
1992,78,0.00751361466098227,2.546591617994469e-4,0.06398986920841632,0.0010041120176399387,0.6617988175376688,18.385484452963134,18.973011762381347,1,0.1,1.5
1992,77,0.008166211697511217,2.4826718208029543e-4,0.06434559432018998,9.781446293373984e-4,0.6653562508591968,19.036867209117514,19.638368013240544,1,0.1,1.5
1992,76,0.008787170376952902,2.417127025941146e-4,0.06469480722026351,9.515371239451163e-4,0.6688167002981417,19.692090521930727,20.307184713538685,1,0.1,1.5
1992,75,0.009360877582253783,0.00023498437997959451,0.06503420858568044,9.242456885043863e-4,0.6721360245472131,20.351023036642164,20.9793207380859,1,0.1,1.5
1992,74,0.00990134123530219,2.280781077974558e-4,0.06535984794177493,8.962552121343067e-4,0.675283800540225,21.013503191294756,21.654604538626124,1,0.1,1.5
1992,73,0.010430239219584653,2.2101059482969654e-4,0.06567303811493158,8.676324433143383e-4,0.6782887291008739,21.679397171205427,22.332893267727,1,0.1,1.5
1992,72,0.01094333046363602,2.137890169659255e-4,0.06597431319582475,8.384065500798609e-4,0.6811538122000429,22.34857374697576,23.014047079927042,1,0.1,1.5
1992,71,0.011436329974013604,2.0642052931313016e-4,0.06626423741210087,8.086065818396998e-4,0.6838823219945257,23.020904546372577,23.697929401921566,1,0.1,1.5
1992,70,0.01190494062748788,1.9891222798602243e-4,0.06654339873183962,7.782613172758069e-4,0.6864777555014742,23.696264283055825,24.38440715742304,1,0.1,1.5
1992,69,0.012344886190564777,1.9127111397670152e-4,0.06681240172999536,7.473991210012925e-4,0.6889437828667822,24.374530935622587,25.073350940289824,1,0.1,1.5
1992,68,0.012751945479591274,1.8350406069856968e-4,0.06707186005290687,7.160478152634252e-4,0.6912841926262119,25.055585873745038,25.764635132916037,1,0.1,1.5
1992,67,0.013121987590356252,1.756177856655962e-4,0.0673223885158895,6.842345685033684e-4,0.6935028342925031,25.73931392848749,26.45813796720854,1,0.1,1.5
1992,66,0.01345100817199879,1.6761882850117464e-4,0.06756459561030513,6.519858093145671e-4,0.6956035661596036,26.425603411656887,27.153741533368144,1,0.1,1.5
1992,65,0.013735163050711197,1.5951352257660397e-4,0.06779907124151108,6.193271164381619e-4,0.6975901532428485,27.114346034664905,27.851331686610994,1,0.1,1.5
1992,64,0.01397082421089456,1.5130711619351693e-4,0.06802596948508913,5.862798184524183e-4,0.6994620747979812,27.805432683484995,28.550793761408976,1,0.1,1.5
1992,63,0.014156619385626764,1.4300444263112114e-4,0.0682450480344042,5.528636310640747e-4,0.7012163228997815,28.49875095451243,29.252010084308758,1,0.1,1.5
1992,62,0.014293555797178744,1.346112806632518e-4,0.06845628619765691,5.191019261833252e-4,0.7028537537839397,29.194188966493755,29.9548638380927,1,0.1,1.5
1992,61,0.014381997663121843,1.2613318215769963e-4,0.06865958341787215,4.8501717881601703e-4,0.7043739812826086,29.891634130936136,30.659237819375306,1,0.1,1.5
1992,60,0.014422593205688047,1.1757572542639011e-4,0.06885479746503774,4.5063195326844395e-4,0.7057763933741731,30.590972924977905,31.36501421274948,1,0.1,1.5
1992,59,0.014416253186073598,1.089445320028564e-4,0.06904174711622305,4.159689697145752e-4,0.7070601657927068,31.292090676917546,32.07207437854218,1,0.1,1.5
1992,58,0.014364130186678955,1.0024528545904934e-4,0.06922021709991233,3.8105117818163815e-4,0.7082242989045707,31.99487138756238,32.78029867744675,1,0.1,1.5
1992,57,0.014267588057521598,9.148374938569477e-5,0.06938996562288238,3.45901828561855e-4,0.7092676737881026,32.69919760665674,33.489566351234856,1,0.1,1.5
1992,56,0.014128158199904888,8.266494102963287e-5,0.06954997574334644,3.1054137941953475e-4,0.7101814843973098,33.40494278563377,34.19974783563217,1,0.1,1.5
1992,55,0.013951118016842803,7.380064971651577e-5,0.06970528683717993,2.750155511507715e-4,0.7110204138013944,34.1120344058473,34.91076824943356,1,0.1,1.5
1992,54,0.013713438286392123,6.522689045500573e-5,0.0702470996465441,2.4055703297903418e-4,0.7157020866034768,34.824299963408215,35.62647033603704,1,0.1,1.5
1992,53,0.011543807283382081,5.598239750310264e-5,0.07024380277948561,2.0362297577348923e-4,0.7136026229460487,35.53499368670035,36.340072958983086,1,0.1,1.5
1992,52,0.23087614566764164,1.4631825394355625e-4,1.2582200471681688,4.757871854876288e-4,12.744378044458898,48.272574771366564,49.084451003441984,20,0.1,1.5
1992,51,0.23087614566764164,4.989453433369176e-46,1.0659506586845084,0,10.813424017290178,59.08599878865674,59.89787502073216,20,0.1,1.5
1992,50,0.23087614566764164,5.4097324071920416e-76,1.1817312092400134,0,11.971229522845228,71.05722831150196,71.86910454357738,20,0.1,1.5
1992,49,0.23087614566764164,7.75843450946569e-110,1.3027000540425924,0,13.180917970871018,84.23814628237298,85.0500225144484,20,0.1,1.5
1992,48,0.23087614566764164,4.0336267244207374e-132,1.3889973357094834,0,14.043890787539928,98.2820370699129,99.09391330198832,20,0.1,1.5
1992,47,0.23087614566764164,3.5675475847651517e-134,1.3928830592524821,0,14.082748022969914,112.36478509288281,113.17666132495823,20,0.1,1.5
1992,46,0.23087614566764164,3.5675475847651977e-174,1.3900999380245782,0,14.054916810690877,126.41970190357368,127.2315781356491,20,0.1,1.5
1992,45,0.23087614566764164,3.5675475847652427e-214,1.3873223777543706,0,14.0271412079888,140.4468431115625,141.2587193436379,20,0.1,1.5
1992,44,0.23087614566764164,3.567547584765289e-254,1.384550367330504,0,13.999421103750134,154.44626421531262,155.25814044738803,20,0.1,1.5
1992,43,0.23087614566764164,3.567547584765333e-294,1.3817838956638235,0,13.97175638708333,168.41802060239596,169.22989683447136,20,0.1,1.5
1992,42,0.23087614566764164,0,1.3790229516873334,0,13.944146947318428,182.36216754971437,183.17404378178978,20,0.1,1.5
1992,41,0.23087614566764164,0,1.3762675243561497,0,13.91659267400659,196.27876022372095,197.09063645579636,20,0.1,1.5
1992,40,0.23087614566764164,0,1.3735176026474558,0,13.889093456919651,210.1678536806406,210.979729912716,20,0.1,1.5
1992,39,0.23087614566764164,0,1.3707731755604617,0,13.86164918604971,224.0295028666903,224.8413790987657,20,0.1,1.5
1992,38,0.23087614566764164,0,1.3680342321163572,0,13.834259751608666,237.86376261829898,238.67563885037438,20,0.1,1.5
1992,37,0.23087614566764164,0,1.3653007613582693,0,13.806925044027787,251.67068766232677,252.48256389440218,20,0.1,1.5
1992,36,0.23087614566764164,0,1.3625727523512174,0,13.779644953957268,265.4503326162841,266.2622088483594,20,0.1,1.5
1992,35,0.23087614566764164,0,1.359850194182072,0,13.752419372265814,279.2027519885499,280.01462822062524,20,0.1,1.5
1992,34,0.23087614566764164,0,1.3571330759595073,0,13.725248190040167,292.9280001785901,293.73987641066543,20,0.1,1.5
1992,33,0.23087614566764164,0,1.3544213868139585,0,13.698131298584679,306.6261314771748,307.4380077092501,20,0.1,1.5
1992,32,0.23087614566764164,0,1.3517151158975806,0,13.6710685894209,320.29720006659574,321.10907629867097,20,0.1,1.5
1992,31,0.23087614566764164,0,1.349014252384205,0,13.644059954287144,333.9412600208829,334.75313625295814,20,0.1,1.5
1992,30,0.23087614566764164,0,1.346318785469293,0,13.617105285138024,347.55836530602096,348.37024153809614,20,0.1,1.5
1992,29,0.23087614566764164,0,1.3436287043698962,0,13.590204474144056,361.148569780165,361.9604460122402,20,0.1,1.5
1992,28,0.23087614566764164,0,1.3409439983246092,0,13.563357413691186,374.71192719385624,375.52380342593136,20,0.1,1.5
1992,27,0.23087614566764164,0,1.3382646565935308,0,13.536563996380401,388.2484911902367,389.06036742231174,20,0.1,1.5
1992,26,0.23087614566764164,0,1.3355906684582177,0,13.509824115027271,401.758315305264,402.57019153733904,20,0.1,1.5
1992,25,0.23087614566764164,0,1.3329220232216445,0,13.48313766266154,415.24145296792557,416.0533292000006,20,0.1,1.5
1992,24,0.23087614566764164,0,1.3302587102081593,0,13.456504532526687,428.6979575004523,429.5098337325273,20,0.1,1.5
1992,23,0.23087614566764164,0,1.3276007187634418,0,13.42992461807951,442.12788211853183,442.9397583506068,20,0.1,1.5
1992,22,0.23087614566764164,0,1.3249480382544594,0,13.403397812989688,455.53127993152157,456.34315616359646,20,0.1,1.5
1992,21,0.23087614566764164,0,1.3223006580694243,0,13.376924011139337,468.9082039426609,469.7200801747358,20,0.1,1.5
1992,20,0.23087614566764164,0,1.319658567617754,0,13.350503106622632,482.2587070492836,483.07058328135844,20,0.1,1.5
1992,19,0.23087614566764164,0,1.317021756330026,0,13.324134993745353,495.58284204302896,496.3947182751038,20,0.1,1.5
1992,18,0.23087614566764164,0,1.314390213657936,0,13.297819567024453,508.88066161005344,509.6925378421283,20,0.1,1.5
1992,17,0.23087614566764164,0,1.3117639290742578,0,13.271556721187672,522.1522183312411,522.9640945633159,20,0.1,1.5
1992,16,0.23087614566764164,0,1.3091428920727988,0,13.245346351173081,535.3975646824141,536.209440914489,20,0.1,1.5
1992,15,0.23087614566764164,0,1.30652709216836,0,13.219188352128695,548.6167530345427,549.4286292666177,20,0.1,1.5
1992,14,0.23087614566764164,0,1.3039165188966908,0,13.193082619412001,561.8098356539547,562.6217118860297,20,0.1,1.5
1992,13,0.23087614566764164,0,1.301311161814451,0,13.167029048589605,574.9768647025443,575.7887409346193,20,0.1,1.5
1992,12,0.23087614566764164,0,1.2987110104991657,0,13.14102753543675,588.117892237981,588.929768470056,20,0.1,1.5
1992,11,0.23087614566764164,0,1.2961160545491859,0,13.115077975936952,601.232970213918,602.044846445993,20,0.1,1.5
1992,10,0.23087614566764164,0,1.2935262835836463,0,13.089180266281558,614.3221504801995,615.1340267122746,20,0.1,1.5
1992,9,0.23087614566764164,0,1.2909416872424242,0,13.063334302869336,627.3854847830688,628.1973610151439,20,0.1,1.5
1992,8,0.23087614566764164,0,1.2883622551860971,0,13.037539982306065,640.4230247653749,641.2349009974499,20,0.1,1.5
1992,7,0.23087614566764164,0,1.285787977095901,0,13.011797201404105,653.4348219667789,654.246698198854,20,0.1,1.5
1992,6,0.23087614566764164,0,1.2832188426736901,0,12.986105857181995,666.4209278239609,667.232804056036,20,0.1,1.5
1992,5,0.23087614566764164,0,1.280654841641896,0,12.960465846864054,679.381393670825,680.1932699029,20,0.1,1.5
1992,4,0.23087614566764164,0,1.278095963743485,0,12.934877067879944,692.3162707387049,693.12814697078,20,0.1,1.5
1992,3,0.23087614566764164,0,1.2755421987419189,0,12.909339417864283,705.2256101565691,706.0374863886443,20,0.1,1.5
1992,2,0.011543807283382081,0,5.419954830474657e-4,0,0.013115826352729378,705.2387259829219,706.0506022149971,1,0.1,1.5
1992,1,150,0,1.2877824726858338,0,112.87782472685834,818.1165507097802,818.9284269418554,99999,0.1,1.5
1993,118,9.390931573591983e-5,0.0250726483435057,0.0250726483435057,0,0.5015155730806046,0,0,1,0.1,1.5
1993,117,9.22954497642281e-5,2.485072675866169e-4,0.024848241685985813,7.520052042843869e-4,0.26177195132534403,0.2510290198355671,0.26177195132534403,1,0.1,1.5
1993,116,9.130967607481812e-5,1.8699166609477077e-4,0.024932812288360327,7.475401839412692e-4,0.2619380581468094,0.5022879324975013,0.5237100094721534,1,0.1,1.5
1993,115,9.087992059173088e-5,1.860403215076759e-4,0.025121555790681992,7.479168813875998e-4,0.2638210746125902,0.7554244802331258,0.7875310840847436,1,0.1,1.5
1993,114,9.091815117761276e-5,1.8677500477199186e-4,0.025399141885286025,7.508291844456273e-4,0.2666459122077313,1.0113442612344912,1.054176996292475,1,0.1,1.5
1993,113,9.13426677909883e-5,1.8790104371641905e-4,0.02573369960039858,7.55237525348886e-4,0.2700660090579947,1.2706211627875017,1.3242430053504697,1,0.1,1.5
1993,112,9.200910956291632e-5,1.8927223279248384e-4,0.02610923414824471,7.606260269162629e-4,0.2739124893155509,1.533667566004249,1.5981554946660206,1,0.1,1.5
1993,111,9.284534809936176e-5,1.9042256765424036e-4,0.02646208505411428,7.651229084970114e-4,0.27751730038066114,1.800254539120667,1.8756727950466816,1,0.1,1.5
1993,110,9.357403999398109e-5,1.9205233932778726e-4,0.026890133440122567,7.7154172808947e-4,0.28190626517482525,2.0711387796085,2.157579060221507,1,0.1,1.5
1993,109,9.461904786567915e-5,1.954656913309829e-4,0.027580570675364086,7.851188606212133e-4,0.28903942675535466,2.348962222640694,2.4466184869768615,1,0.1,1.5
1993,108,9.680993256055058e-5,2.0075287035148845e-4,0.028554883630830637,8.062113572234181e-4,0.2991382100700533,2.6365831276075555,2.745756697046915,1,0.1,1.5
1993,107,1.002973031437515e-4,2.0798243173905553e-4,0.02983301550950193,8.350883484107168e-4,0.3124066778298969,2.937059971888728,3.058163374876812,1,0.1,1.5
1993,106,1.052787964286831e-4,2.1717049020091446e-4,0.03142909907442134,8.718074986932234e-4,0.32898727434898295,3.253592853399236,3.3871506492257946,1,0.1,1.5
1993,105,1.1200539294907983e-4,2.282517315512691e-4,0.03334725205229885,9.1609869154202e-4,0.3489168322653532,3.589422561499703,3.7360674814911476,1,0.1,1.5
1993,104,1.2078554187489775e-4,2.4104650540370174e-4,0.03557646129204338,9.672322019167169e-4,0.3720732045535786,3.9476781631687574,4.1081406860447265,1,0.1,1.5
1993,103,1.3198617346202014e-4,2.5522231028220926e-4,0.038084099102211846,0.001023864697893995,0.39810784344859135,4.3311593680760065,4.506248529493318,1,0.1,1.5
1993,102,1.4602202388434211e-4,2.7027098094076587e-4,0.04081100349738378,0.001083948690717833,0.4263950740951374,4.742069460875175,4.932643603588455,1,0.1,1.5
1993,101,1.6334010276924227e-4,2.854788315026178e-4,0.04366456156195923,0.0011446142496100533,0.45596092947375105,5.181678758211639,5.388604533062207,1,0.1,1.5
1993,100,1.8435643015790414e-4,3.000013093323751e-4,0.04652682209191137,0.0012024702385573416,0.4855692845643142,5.650069896510848,5.874173817626521,1,0.1,1.5
1993,99,2.0946298636496464e-4,3.127908608795178e-4,0.04923947346827467,0.0012533172850276565,0.5135668179257041,6.1457321817933,6.387740635552225,1,0.1,1.5
1993,98,2.386986777674896e-4,3.233908758267359e-4,0.05172637332045206,0.0012953302383713959,0.5391614921056528,6.666388956207933,6.926902127657878,1,0.1,1.5
1993,97,2.735450781808852e-4,3.308447796890439e-4,0.05382118496513538,0.0013246869873602945,0.560626760653131,7.208091617041631,7.487528888311009,1,0.1,1.5
1993,96,3.15752856364506e-4,3.335597409946319e-4,0.055234067964191315,0.0013350285474034757,0.5749586153475806,7.763978395997733,8.06248750365859,1,0.1,1.5
1993,95,3.6499349100483974e-4,3.3161545640685236e-4,0.05593025756987278,0.0013267012630185802,0.5818149344427793,8.326840455254532,8.644302438101368,1,0.1,1.5
1993,94,4.1905823642545445e-4,3.290243255402328e-4,0.056552235316150216,0.0013157769950824939,0.5878887827899856,8.895932423829054,9.232191220891353,1,0.1,1.5
1993,93,4.8244847594487646e-4,3.2615050402408287e-4,0.05715865116293051,0.0013037145390731972,0.5937941424021738,9.471102072815896,9.825985363293528,1,0.1,1.5
1993,92,6.029918506527495e-4,3.230113886379954e-4,0.05774851700444942,0.0012905844555476504,0.5995541992915139,10.052219351313873,10.425539562585042,1,0.1,1.5
1993,91,7.907735232346679e-4,3.1961558730395247e-4,0.05832194134203299,0.0012764220919320459,0.6051773529555073,10.639162102956066,11.03071691554055,1,0.1,1.5
1993,90,0.0010414617850304983,3.159673040289543e-4,0.05887922243417122,0.001261245177044964,0.6106639934821882,11.231808308194754,11.641380909022738,1,0.1,1.5
1993,89,0.0013484144448885575,3.120718943992238e-4,0.05942101148129355,0.0012450760313831033,0.6160165771685168,11.830038084914941,12.257397486191255,1,0.1,1.5
1993,88,0.0017028060738419133,3.0793562430308006e-4,0.05994828502444279,0.001227940590903608,0.6212394189781667,12.433735495451629,12.878636905169422,1,0.1,1.5
1993,87,0.0020938867977229147,3.0354860616590057e-4,0.06045890764612629,0.00120980040477189,0.6263033499800498,13.042755982506366,13.504940255149473,1,0.1,1.5
1993,86,0.0025291127635232425,2.9890471250989994e-4,0.06094993491457246,0.001190632153186853,0.6311835022063179,13.65693045395287,14.13612375735579,1,0.1,1.5
1993,85,0.003022913070043806,2.9401647009304427e-4,0.06142157913998179,0.0011704868879458322,0.6358924727371464,14.27610168543365,14.772016230092937,1,0.1,1.5
1993,84,0.003572266014939471,2.8889036877066524e-4,0.061874024781555424,0.0011493915672235668,0.6404305417116525,14.900112347613536,15.41244677180459,1,0.1,1.5
1993,83,0.004172172715696933,2.8353392478120695e-4,0.062307787778661465,0.001127377216984669,0.6448000543256246,15.528807013125094,16.057246826130214,1,0.1,1.5
1993,82,0.004815657340267675,2.7795556108736573e-4,0.06272372294835431,0.0011044784398209163,0.6490054867472749,16.162034236446356,16.70625231287749,1,0.1,1.5
1993,81,0.0054937872513675535,2.721644043411052e-4,0.0631230124241261,0.0010807325928765185,0.6530533301600102,16.79964852956527,17.359305643037498,1,0.1,1.5
1993,80,0.0061734616341954885,2.6616163498015066e-4,0.06350657556319873,0.0010561454596265992,0.6569308053516325,17.441491542636523,18.01623644838913,1,0.1,1.5
1993,79,0.006844604556394974,2.5995896119442784e-4,0.06387621941428652,0.001030764617730674,0.6606500622837967,18.0874163960956,18.676886510672926,1,0.1,1.5
1993,78,0.00751361466098227,2.5357459602797915e-4,0.06423449822590546,0.0010046633172926312,0.6642421377641697,18.737306200755587,19.341128648437095,1,0.1,1.5
1993,77,0.008166211697511217,2.470188291551526e-4,0.06458369591809231,9.778832420261484e-4,0.6677210492045222,19.39105748935974,20.00884969764162,1,0.1,1.5
1993,76,0.008787170376952902,2.4030140801222023e-4,0.06492622202052777,9.504638293482252e-4,0.6711014025750097,20.048580837229775,20.679951100216627,1,0.1,1.5
1993,75,0.009360877582253783,2.3341126592589252e-4,0.06525876658694799,9.223621987261078e-4,0.674338966422519,20.70974320081335,21.354290066639145,1,0.1,1.5
1993,74,0.00990134123530219,2.2634458411155124e-4,0.06557737576001434,8.935643604074785e-4,0.6774033027468053,21.37438129841148,22.03169336938595,1,0.1,1.5
1993,73,0.010430239219584653,2.1911821677688155e-4,0.06588337892194868,8.641380036124261e-4,0.6803232928233466,22.04235976261179,22.712016662209294,1,0.1,1.5
1993,72,0.01094333046363602,2.1173952768962449e-4,0.06617731740202513,8.341132230564184e-4,0.6831020261260918,22.713545885551365,23.395118688335387,1,0.1,1.5
1993,71,0.011436329974013604,2.0421585075305624e-4,0.06645976263381959,8.035199551769414e-4,0.6857428613309299,23.38780989037977,24.080861549666317,1,0.1,1.5
1993,70,0.01190494062748788,1.9655445159881194e-4,0.0667313097212854,7.723878245051742e-4,0.6882493805924793,24.065025159193603,24.769110930258798,1,0.1,1.5
1993,69,0.012344886190564777,1.8876249139009014e-4,0.06699257027007269,7.407459993966433e-4,0.6906253374473372,24.745068410935275,25.459736267706134,1,0.1,1.5
1993,68,0.012751945479591274,1.80846994422842e-4,0.06724416482071743,7.086230633941701e-4,0.6928746017577138,25.427819826073073,26.15261086946385,1,0.1,1.5
1993,67,0.013121987590356252,1.7281481998249808e-4,0.06748671491916375,6.760469040363877e-4,0.6950011020331721,26.113163115191437,26.84761197149702,1,0.1,1.5
1993,66,0.01345100817199879,1.6467264061365353e-4,0.06772083560307275,6.430446275354875e-4,0.697008773040132,26.800985536409634,27.544620744537152,1,0.1,1.5
1993,65,0.013735163050711197,1.564269143353065e-4,0.06794712311349646,6.096424506844052e-4,0.6989014535123784,27.491177812055092,28.24352219804953,1,0.1,1.5
1993,64,0.01397082421089456,1.4808302577503976e-4,0.06816573684275373,5.758623662132274e-4,0.7006786867241683,28.183629893547643,28.944200884773696,1,0.1,1.5
1993,63,0.014156619385626764,1.3964595219232988e-4,0.06837643943736678,5.417247765903746e-4,0.7023375255325381,28.87822849370032,29.646538410306235,1,0.1,1.5
1993,62,0.014293555797178744,1.3112159435246383e-4,0.06857921605058298,5.07253666736034e-4,0.7038788946008455,29.574860907347794,30.35041730490708,1,0.1,1.5
1993,61,0.014381997663121843,1.2251562652558124e-4,0.06877397175423436,4.72472120951771e-4,0.7053024739775631,30.273413779597476,31.055719778884644,1,0.1,1.5
1993,60,0.014422593205688047,1.138337455713749e-4,0.06896056997360835,4.374032964202092e-4,0.7066077178492113,30.9737728789264,31.762327496733857,1,0.1,1.5
1993,59,0.014416253186073598,1.0508168774867236e-4,0.06913883518394007,4.02070490263516e-4,0.7077938683208914,31.675822883100672,32.47012136505475,1,0.1,1.5
1993,58,0.014364130186678955,9.626524740000004e-5,0.06930855787274776,3.6649721338135786e-4,0.7088599924694734,32.37944720109327,33.17898135752422,1,0.1,1.5
1993,57,0.014267588057521598,8.73902946343207e-5,0.06946950208346056,3.3070725961032235e-4,0.7098050385756345,33.0845278502459,33.88878639609986,1,0.1,1.5
1993,56,0.014128158199904888,7.846199426518001e-5,0.069620656090627,2.947217863249452e-4,0.7106202642154051,33.79093780322809,34.59940666031527,1,0.1,1.5
1993,55,0.013951118016842803,6.949189428485803e-5,0.0697670701962839,2.5858573115893025e-4,0.7113604481239485,34.49860416947834,35.310767108439215,1,0.1,1.5
1993,54,0.013713438286392123,6.07915271493086e-5,0.07030021419482421,2.2343680771025548e-4,0.7159443038065242,35.211356518889005,36.02671141224574,1,0.1,1.5
1993,53,0.011543807283382081,5.1465567918403334e-5,0.07028768414315104,1.8598685536539415e-4,0.7137443237095976,35.92244388752195,36.74045573595534,1,0.1,1.5
1993,52,0.23087614566764164,1.2040997891134277e-4,1.2582131719598237,3.827761953598841e-4,12.74272148119473,48.65969713735439,49.483177217150065,20,0.1,1.5
1993,51,0.23087614566764164,4.989453433369179e-48,1.06584406361864,0,10.812358066631493,59.47205520398588,60.29553528378156,20,0.1,1.5
1993,50,0.23087614566764164,5.409732407192044e-78,1.1816130361190895,0,11.97004779163599,71.44210299562187,72.26558307541755,20,0.1,1.5
1993,49,0.23087614566764164,7.758434509465695e-112,1.3025697840371881,0,13.179615270816976,84.62171826643883,85.44519834623453,20,0.1,1.5
1993,48,0.23087614566764164,4.0336267244207395e-134,1.3888584359759124,0,14.042501790204218,98.66422005664305,99.48770013643875,20,0.1,1.5
1993,47,0.23087614566764164,3.567547584765154e-136,1.3927437709465569,0,14.081355139910663,112.7455751965537,113.56905527634942,20,0.1,1.5
1993,46,0.23087614566764164,3.5675475847651994e-176,1.3899609280307759,0,14.053526710752852,126.79910190730655,127.62258198710227,20,0.1,1.5
1993,45,0.23087614566764164,3.5675475847652444e-216,1.3871836455165951,0,14.025753885611046,140.8248557929176,141.64833587271332,20,0.1,1.5
1993,44,0.23087614566764164,3.567547584765291e-256,1.384411912293771,0,13.998036553382804,154.8228923463004,155.64637242609612,20,0.1,1.5
1993,43,0.23087614566764164,3.567547584765335e-296,1.3816457172742571,0,13.970374603187665,168.79326694948804,169.61674702928377,20,0.1,1.5
1993,42,0.23087614566764164,0,1.3788850493921647,0,13.942767924366741,182.73603487385478,183.5595149536505,20,0.1,1.5
1993,41,0.23087614566764164,0,1.3761298976037142,0,13.915216406482235,196.65125128033702,197.47473136013275,20,0.1,1.5
1993,40,0.23087614566764164,0,1.373380250887191,0,13.887719939317005,210.53897121965403,211.36245129944976,20,0.1,1.5
1993,39,0.23087614566764164,0,1.3706360982429058,0,13.860278412874152,224.39924963252818,225.2227297123239,20,0.1,1.5
1993,38,0.23087614566764164,0,1.3678974286931456,0,13.83289171737655,238.23214134990474,239.05562142970047,20,0.1,1.5
1993,37,0.23087614566764164,0,1.3651642312821335,0,13.805559743266429,252.03770109317117,252.8611811729669,20,0.1,1.5
1993,36,0.23087614566764164,0,1.3624364950759824,0,13.778282381204917,265.8159834743761,266.6394635541718,20,0.1,1.5
1993,35,0.23087614566764164,0,1.3597142091626537,0,13.751059522071632,279.56704299644775,280.3905230762434,20,0.1,1.5
1993,34,0.23087614566764164,0,1.3569973626519114,0,13.723891056964208,293.290934053412,294.1144141332076,20,0.1,1.5
1993,33,0.23087614566764164,0,1.354285944675277,0,13.696776877197864,306.98771093060986,307.8111910104055,20,0.1,1.5
1993,32,0.23087614566764164,0,1.3515799443859908,0,13.669716874305003,320.6574278049149,321.48090788471046,20,0.1,1.5
1993,31,0.23087614566764164,0,1.3488793509589667,0,13.64271094003476,334.30013874494966,335.1236188247452,20,0.1,1.5
1993,30,0.23087614566764164,0,1.3461841535907462,0,13.615758966352555,347.91589771130225,348.73937779109775,20,0.1,1.5
1993,29,0.23087614566764164,0,1.3434943414994593,0,13.588860845439687,361.50475855674193,362.32823863653744,20,0.1,1.5
1993,28,0.23087614566764164,0,1.3408099039247767,0,13.56201646969286,375.0667750264348,375.8902551062303,20,0.1,1.5
1993,27,0.23087614566764164,0,1.3381308301278714,0,13.535225731723807,388.6020007581586,389.4254808379541,20,0.1,1.5
1993,26,0.23087614566764164,0,1.3354571093913719,0,13.508488524358812,402.11048928251745,402.93396936231295,20,0.1,1.5
1993,25,0.23087614566764164,0,1.3327887310193225,0,13.481804740638319,415.5922940231558,416.4157741029513,20,0.1,1.5
1993,24,0.23087614566764164,0,1.3301256843371385,0,13.455174273816478,429.0474682969723,429.87094837676773,20,0.1,1.5
1993,23,0.23087614566764164,0,1.3274679586915654,0,13.428597017360747,442.4760653143331,443.2995453941285,20,0.1,1.5
1993,22,0.23087614566764164,0,1.324815543450634,0,13.402072864951434,455.8781381792845,456.7016182590799,20,0.1,1.5
1993,21,0.23087614566764164,0,1.3221684280036174,0,13.375601710481268,469.2537398897658,470.07721996956116,20,0.1,1.5
1993,20,0.23087614566764164,0,1.3195266017609921,0,13.349183448055015,482.60292333782087,483.42640341761614,20,0.1,1.5
1993,19,0.23087614566764164,0,1.3168900541543929,0,13.322817971989023,495.9257413098099,496.74922138960517,20,0.1,1.5
1993,18,0.23087614566764164,0,1.3142587746365701,0,13.296505176810795,509.2222464866207,510.04572656641596,20,0.1,1.5
1993,17,0.23087614566764164,0,1.3116327526813503,0,13.270244957258596,522.4924914438792,523.3159715236745,20,0.1,1.5
1993,16,0.23087614566764164,0,1.3090119777835916,0,13.244037208281009,535.7365286521601,536.5600087319556,20,0.1,1.5
1993,15,0.23087614566764164,0,1.3063964394591432,0,13.217881825036526,548.9544104771966,549.7778905569921,20,0.1,1.5
1993,14,0.23087614566764164,0,1.3037861272448013,0,13.191778702893107,562.1461891800897,562.9696692598852,20,0.1,1.5
1993,13,0.23087614566764164,0,1.3011810306982696,0,13.16572773742779,575.3119169175175,576.135396997313,20,0.1,1.5
1993,12,0.23087614566764164,0,1.2985811393981157,0,13.139728824426252,588.4516457419437,589.2751258217393,20,0.1,1.5
1993,11,0.23087614566764164,0,1.2959864429437309,0,13.113781859882403,601.5654276018261,602.3889076816216,20,0.1,1.5
1993,10,0.23087614566764164,0,1.293396930955288,0,13.087886739997973,614.653314341824,615.4767944216196,20,0.1,1.5
1993,9,0.23087614566764164,0,1.2908125930737,0,13.062043361182093,627.715357703006,628.5388377828017,20,0.1,1.5
1993,8,0.23087614566764164,0,1.2882334189605786,0,13.03625162005088,640.7516093230569,641.5750894028525,20,0.1,1.5
1993,7,0.23087614566764164,0,1.2856593982981914,0,13.010511413427007,653.7621207364839,654.5856008162796,20,0.1,1.5
1993,6,0.23087614566764164,0,1.2830905207894228,0,12.984822638339322,666.7469433748232,667.5704234546189,20,0.1,1.5
1993,5,0.23087614566764164,0,1.2805267761577317,0,12.95918519202241,679.7061285668456,680.5296086466413,20,0.1,1.5
1993,4,0.23087614566764164,0,1.2779681541471106,0,12.9335989719162,692.6397275387617,693.4632076185576,20,0.1,1.5
1993,3,0.23087614566764164,0,1.2754146445220447,0,12.90806387566554,705.5477914144273,706.3712714942232,20,0.1,1.5
1993,2,0.011543807283382081,0,5.41941283499161e-4,0,0.013115284357246331,705.5609066987845,706.3843867785804,1,0.1,1.5
1993,1,150,0,1.2876536944385653,0,112.87653694438565,818.4374436431701,819.260923722966,99999,0.1,1.5
1994,119,9.62260267864903e-5,0.025431002464278485,0.025431002464278485,0,0.5086841999700941,0,0,1,0.1,1.5
1994,118,9.390931573591983e-5,2.507264834350571e-4,0.025070141078671348,7.74387259839161e-4,0.26433395697211404,0.2532712818315546,0.26433395697211404,1,0.1,1.5
1994,117,9.22954497642281e-5,1.904863737469629e-4,0.02503375816288831,7.661039974331886e-4,0.26324831848666963,0.5055752574977501,0.5275822754587837,1,0.1,1.5
1994,116,9.130967607481812e-5,1.8875496264626502e-4,0.02511720405311681,7.63246510913504e-4,0.2640239848594926,0.758695720772764,0.7916062603182763,1,0.1,1.5
1994,115,9.087992059173088e-5,1.888396235619767e-4,0.025306022855449826,7.635411430540762e-4,0.26591694201890403,1.0137049321766098,1.0575232023371803,1,0.1,1.5
1994,114,9.091815117761276e-5,1.8957504615912675e-4,0.025584309267208904,7.663904561796706e-4,0.2687478903227464,1.2715043874110752,1.3262710926599266,1,0.1,1.5
1994,113,9.13426677909883e-5,1.906883917743857e-4,0.02591993561177576,0.00077076289247982445,0.27217803361135956,1.532671522558437,1.598449126271286,1,0.1,1.5
1994,112,9.200910956291632e-5,1.9204922905699057e-4,0.02629677973155895,7.761315156375145e-4,0.2760372220930706,1.797621151570972,1.8744863483643566,1,0.1,1.5
1994,111,9.284534809936176e-5,1.9318495280079524e-4,0.026650719572733118,7.805860754027847e-4,0.27965217180268326,2.0661220937250437,2.1541385201670398,1,0.1,1.5
1994,110,9.357403999398109e-5,1.9480595541564538e-4,0.02708032985880092,7.869967283728744e-4,0.2840565512408217,2.3389358345605387,2.4381950714078613,1,0.1,1.5
1994,109,9.461904786567915e-5,1.9823437206861316e-4,0.027774092333451853,8.007017371742484e-4,0.29122494266579485,2.618722180980987,2.729420014073656,1,0.1,1.5
1994,108,9.680993256055058e-5,2.035603680093694e-4,0.02875358098177341,8.220594622051012e-4,0.30137966005579814,2.9083581344338554,3.0307996741294545,1,0.1,1.5
1994,107,1.002973031437515e-4,2.1085191142006978e-4,0.03003880429505366,8.513377601298069e-4,0.3147253949353542,3.2109215613673547,3.345525069064809,1,0.1,1.5
1994,106,1.052787964286831e-4,2.2012357957531498e-4,0.03164390803918721,8.885879498182951e-4,0.33140461562074375,3.5296320634192657,3.6769296846855526,1,0.1,1.5
1994,105,1.1200539294907983e-4,2.3130719020101768e-4,0.03357294199997912,9.335263191928792e-4,0.3514532524379514,3.867749225583033,4.028382937123504,1,0.1,1.5
1994,104,1.2078554187489775e-4,2.4421851553321625e-4,0.03581471169639335,9.85400055307599e-4,0.37474696946110037,4.228419051396882,4.403129906584605,1,0.1,1.5
1994,103,1.3198617346202014e-4,2.5851839757632083e-4,0.03833625686677513,0.0010428309380002472,0.4009333282543974,4.614454794822705,4.804063234839002,1,0.1,1.5
1994,102,1.4602202388434211e-4,2.7368988248886587e-4,0.0410779095697135,0.0011037241415408283,0.42938083027424406,5.028068137360651,5.233444065113246,1,0.1,1.5
1994,101,1.6334010276924227e-4,2.890083507175395e-4,0.04394634866820554,0.0011651493413603006,0.4591074541819384,5.470530600951728,5.6925515192951845,1,0.1,1.5
1994,100,1.8435643015790414e-4,3.0361757273265915e-4,0.046822786969341515,0.0012236493871829663,0.4888676552386989,5.941917550659241,6.181419174533883,1,0.1,1.5
1994,99,2.0946298636496464e-4,0.00031645722986570933,0.04954787884218475,0.0012749504373719715,0.516996580388157,6.440700553370656,6.69841575492204,1,0.1,1.5
1994,98,2.386986777674896e-4,3.2706646835111634e-4,0.05204503324271286,0.0013172006278606612,0.5426972813890655,6.96458068293314,7.241113036311106,1,0.1,1.5
1994,97,2.735450781808852e-4,3.3448019463696405e-4,0.05414697459347894,0.001346523382752638,0.5642329595916507,7.509577594199753,7.805345995902757,1,0.1,1.5
1994,96,3.15752856364506e-4,3.370927342608152e-4,0.055562301694245766,0.0013564747327825591,0.578582656657631,8.068782040389062,8.383928652560387,1,0.1,1.5
1994,95,3.6499349100483974e-4,3.349914703187136e-4,0.05625633985987044,0.0013474356541652557,0.5854057230696842,8.634938682684956,8.969334375630071,1,0.1,1.5
1994,94,4.1905823642545445e-4,3.322344920260258e-4,0.056875524341389226,0.0013357497422971127,0.5914390996674425,9.207295643176726,9.560773475297513,1,0.1,1.5
1994,93,4.8244847594487646e-4,3.291901398085401e-4,0.05747886393258251,0.001322900631843632,0.597300753496116,9.785697816217933,10.158074228793629,1,0.1,1.5
1994,92,6.029918506527495e-4,3.2587622777329253e-4,0.05806538826663588,0.0013089610184950735,0.6030140826325519,10.370012455729128,10.76108831142618,1,0.1,1.5
1994,91,7.907735232346679e-4,3.22301678856051e-4,0.05863521467088179,0.0012939677791331775,0.6085875998338183,10.960114801575331,11.369675911259998,1,0.1,1.5
1994,90,0.0010414617850304983,3.1847096730153055e-4,0.059188645806189044,0.0012779398957293948,0.6140217598162984,11.555880277166924,11.983697671076296,1,0.1,1.5
1994,89,0.0013484144448885575,3.1438972678976806e-4,0.0597263383879912,0.0012609009960005905,0.6193190954825056,12.157186501277993,12.603016766558802,1,0.1,1.5
1994,88,0.0017028060738419133,3.100645039689328e-4,0.06024927534366625,0.0012428783503760634,0.6244840075309521,12.763915103803573,13.227500774089755,1,0.1,1.5
1994,87,0.0020938867977229147,3.054855872546315e-4,0.06075531185655465,0.0012238340870503045,0.6294872430706266,13.37591900277348,13.856988017160381,1,0.1,1.5
1994,86,0.0025291127635232425,3.006470854218123e-4,0.061241497959377715,0.0012037457925498847,0.6343038940886758,13.993026528397158,14.491291911249057,1,0.1,1.5
1994,85,0.003022913070043806,2.955618866873885e-4,0.06170805870405425,0.0011826663120119367,0.6389467143161875,14.615078009684604,15.130238625565244,1,0.1,1.5
1994,84,0.003572266014939471,2.902367954935983e-4,0.062155185270883165,0.0011606240805171592,0.6434160753477819,15.241913741024998,15.773654700913026,1,0.1,1.5
1994,83,0.004172172715696933,2.846796434939793e-4,0.06258340130412977,0.001137651622189303,0.6477144239846445,15.873375998978368,16.42136912489767,1,0.1,1.5
1994,82,0.004815657340267675,2.7889916556610275e-4,0.0629935701860147,0.0011137850383008462,0.6518463465755223,16.50931113072102,17.07321547147319,1,0.1,1.5
1994,81,0.0054937872513675535,2.729047922625407e-4,0.06338688327110281,0.0010890631621313688,0.6558184506412037,17.14957153618892,17.729033922114393,1,0.1,1.5
1994,80,0.0061734616341954885,2.666979812564513e-4,0.06376426127054907,0.0010634929869781343,0.6596179905643493,17.793996769796436,18.388651912678743,1,0.1,1.5
1994,79,0.006844604556394974,2.602907440446128e-4,0.06412752294677776,0.0010371236097005982,0.6632572581796384,18.442437976408925,19.05190917085838,1,0.1,1.5
1994,78,0.00751361466098227,2.537015752834376e-4,0.06447924060540604,0.001010029829243471,0.6667674958081706,19.094776474656474,19.71867666666655,1,0.1,1.5
1994,77,0.008166211697511217,2.4694099879808863e-4,0.06482170835900704,9.82254524097773e-4,0.6701628421968364,19.7509071093662,20.388839508863388,1,0.1,1.5
1994,76,0.008787170376952902,2.400189714171785e-4,0.06515734535566277,9.538382095427898e-4,0.6734580169917603,20.410738866221635,21.062297525855147,1,0.1,1.5
1994,75,0.009360877582253783,2.3292466234078586e-4,0.06548283125997081,9.247387978475149e-4,0.6766086985329164,21.074137010499587,21.738906224388064,1,0.1,1.5
1994,74,0.00990134123530219,2.2565453594298513e-4,0.0657942091125402,8.949434290581048e-4,0.6795844367711016,21.740936541141288,22.418490661159165,1,0.1,1.5
1994,73,0.010430239219584653,2.1822568307087534e-4,0.06609282508495959,8.645211164727364e-4,0.6824143021572574,22.41100054163465,23.100904963316424,1,0.1,1.5
1994,72,0.01094333046363602,2.1064570104100086e-4,0.06637922797604905,8.335030837984308e-4,0.6851014773247306,23.084194832047974,23.786006440641156,1,0.1,1.5
1994,71,0.011436329974013604,2.029221473017659e-4,0.06665399664635045,8.019203519836504e-4,0.6876494129475357,23.760388239967174,24.473655853588692,1,0.1,1.5
1994,70,0.01190494062748788,1.9506250064228167e-4,0.06691773354643955,7.698035833102717e-4,0.6900617816030998,24.439452827522985,25.16371763519179,1,0.1,1.5
1994,69,0.012344886190564777,1.8707412476306172e-4,0.06717105751289484,7.371829355230033e-4,0.6923424252968078,25.12126406802661,25.8560600604886,1,0.1,1.5
1994,68,0.012751945479591274,1.7896423579277096e-4,0.0674145961700839,7.040879323020758e-4,0.6944953000780477,25.805700969071772,26.550555360566648,1,0.1,1.5
1994,67,0.013121987590356252,1.707398742089219e-4,0.06764897797368093,6.705473518875832e-4,0.696524418089911,26.492646139277575,27.24707977865656,1,0.1,1.5
1994,66,0.01345100817199879,1.624078832900084e-4,0.06787482467639633,6.365891422005462e-4,0.6984337949810607,27.18198580365577,27.94551357363762,1,0.1,1.5
1994,65,0.013735163050711197,1.5397488181445438e-4,0.06809273901385621,6.022403143498955e-4,0.7002273473859888,27.87360971797962,28.64574092102361,1,0.1,1.5
1994,64,0.01397082421089456,1.4544642181105725e-4,0.06830288586062276,5.675236620249369e-4,0.7019046865176717,28.56740692361122,29.34764560754128,1,0.1,1.5
1994,63,0.014156619385626764,1.3682765366951696e-4,0.06850503298757063,5.324604040466072e-4,0.7034629298701517,29.263263276280707,30.051108537411434,1,0.1,1.5
1994,62,0.014293555797178744,1.2812463262753315e-4,0.06869917154566194,4.970752792522785e-4,0.7049030743989034,29.96106527526172,30.756011611810337,1,0.1,1.5
1994,61,0.014381997663121843,1.1934318650319856e-4,0.06888521238729688,4.6139211666200615e-4,0.7062248701323962,30.660698829441802,31.462236481942732,1,0.1,1.5
1994,60,0.014422593205688047,1.1048916156076605e-4,0.06906302474071604,4.254348001192761e-4,0.7074278411615974,31.362049030601696,32.16966432310433,1,0.1,1.5
1994,59,0.014416253186073598,1.0156843944336573e-4,0.06923243892298755,3.892273362239064e-4,0.7085112995991759,32.06499993968338,32.8781756227035,1,0.1,1.5
1994,58,0.014364130186678955,9.258695581933946e-5,0.06939325132030581,3.527939283995529e-4,0.7094743828152217,32.76943440923576,33.587650005518725,1,0.1,1.5
1994,57,0.014267588057521598,8.35507178489238e-5,0.06954523194815479,3.161590455095934e-4,0.7103161098247124,33.47523396126748,34.297966115343435,1,0.1,1.5
1994,56,0.014128158199904888,7.446506652388811e-5,0.06968737447159917,2.7934467079165893e-4,0.7110278056686671,34.182271128781984,35.0089939210121,1,0.1,1.5
1994,55,0.013951118016842803,6.534135173258114e-5,0.06982473992205401,2.4239510906157754e-4,0.711664345354736,34.89047268686441,35.72065826636683,1,0.1,1.5
1994,54,0.013713438286392123,5.646711719905696e-5,0.07034904337533229,2.0635281597025223e-4,0.7161452944872453,35.60367008398066,36.43680356085408,1,0.1,1.5
1994,53,0.011543807283382081,4.701136952053257e-5,0.07032715208857808,1.6818394200936062e-4,0.7138401338462317,36.3151075900839,37.150643694700314,1,0.1,1.5
1994,52,0.23087614566764164,9.689814862908446e-5,1.2581830446914677,2.9829511149088127e-4,12.740978217581647,49.051824448929956,49.89162191228196,20,0.1,1.5
1994,51,0.23087614566764164,4.989453433369181e-50,1.065737479212278,0,10.811292222567873,59.86311667149783,60.702914134849834,20,0.1,1.5
1994,50,0.23087614566764164,5.409732407192047e-80,1.1814948748154777,0,11.968866178599871,71.83198285009769,72.6717803134497,20,0.1,1.5
1994,49,0.23087614566764164,7.758434509465698e-114,1.3024395270587845,0,13.178312701032938,85.01029555113062,85.85009301448264,20,0.1,1.5
1994,48,0.23087614566764164,4.033626724420742e-136,1.3887195501323149,0,14.041112931768243,99.05140848289886,99.89120594625088,20,0.1,1.5
1994,47,0.23087614566764164,3.567547584765156e-138,1.3926044965694622,0,14.079962396139715,113.13137087903857,113.9711683423906,20,0.1,1.5
1994,46,0.23087614566764164,3.567547584765201e-178,1.3898219319379728,0,14.052136749824822,127.1835076288634,128.02330509221542,20,0.1,1.5
1994,45,0.23087614566764164,3.5675475847652465e-218,1.3870449271520435,0,14.02436670196553,141.20787433082893,142.04767179418096,20,0.1,1.5
1994,44,0.23087614566764164,3.567547584765293e-258,1.3842734711025417,0,13.996652141470511,155.20452647229945,156.04432393565148,20,0.1,1.5
1994,43,0.23087614566764164,3.5675475847653368e-298,1.3815075527025298,0,13.968992957470391,169.17351942976984,170.01331689312187,20,0.1,1.5
1994,42,0.23087614566764164,0,1.3787471608872255,0,13.941389039317349,183.1149084690872,183.95470593243923,20,0.1,1.5
1994,41,0.23087614566764164,0,1.3759922846139538,0,13.913840276584633,197.02874874567183,197.86854620902386,20,0.1,1.5
1994,40,0.23087614566764164,0,1.3732429128621024,0,13.886346559066117,210.91509530473795,211.75489276808997,20,0.1,1.5
1994,39,0.23087614566764164,0,1.3704990346330814,0,13.858907776775908,224.77400308151385,225.61380054486588,20,0.1,1.5
1994,38,0.23087614566764164,0,1.3677606389502763,0,13.831523819947858,238.6055269014617,239.44532436481373,20,0.1,1.5
1994,37,0.23087614566764164,0,1.3650277148590053,0,13.804194579035148,252.40972148049684,253.24951894384887,20,0.1,1.5
1994,36,0.23087614566764164,0,1.3623002514264748,0,13.776919944709842,266.1866414252067,267.0264388885587,20,0.1,1.5
1994,35,0.23087614566764164,0,1.3595782377417376,0,13.74969980786247,279.9363412330692,280.7761386964212,20,0.1,1.5
1994,34,0.23087614566764164,0,1.3568616629156462,0,13.722534059601557,293.65887529267076,294.49867275602276,20,0.1,1.5
1994,33,0.23087614566764164,0,1.3541505160808096,0,13.69542259125319,307.35429788392395,308.19409534727595,20,0.1,1.5
1994,32,0.23087614566764164,0,1.3514447863915522,0,13.668365294360616,321.0226631782846,321.8624606416366,20,0.1,1.5
1994,31,0.23087614566764164,0,1.3487444630238707,0,13.641362060683802,334.6640252389684,335.50382270232035,20,0.1,1.5
1994,30,0.23087614566764164,0,1.3460495351753872,0,13.614412782198965,348.2784380211674,349.1182354845193,20,0.1,1.5
1994,29,0.23087614566764164,0,1.3433599920653094,0,13.587517351098189,361.8659553722656,362.7057528356175,20,0.1,1.5
1994,28,0.23087614566764164,0,1.3406758229343843,0,13.560675659788936,375.42663103205456,376.26642849540644,20,0.1,1.5
1994,27,0.23087614566764164,0,1.3379970170448585,0,13.53388760089368,388.96051863294826,389.80031609630015,20,0.1,1.5
1994,26,0.23087614566764164,0,1.3353235636804328,0,13.507153067249423,402.46767170019774,403.30746916354957,20,0.1,1.5
1994,25,0.23087614566764164,0,1.3326554521462206,0,13.4804719519073,415.94814365210505,416.7879411154569,20,0.1,1.5
1994,24,0.23087614566764164,0,1.3299926717687047,0,13.453844148132141,429.40198780023724,430.241785263589,20,0.1,1.5
1994,23,0.23087614566764164,0,1.3273352118956963,0,13.427269549402057,442.8292573496393,443.6690548129911,20,0.1,1.5
1994,22,0.23087614566764164,0,1.3246830618962888,0,13.400748049407982,456.2300053990473,457.06980286239906,20,0.1,1.5
1994,21,0.23087614566764164,0,1.322036211160817,0,13.374279542053264,469.60428494110056,470.44408240445233,20,0.1,1.5
1994,20,0.23087614566764164,0,1.319394649100816,0,13.347863921453254,482.9521488625538,483.7919463259056,20,0.1,1.5
1994,19,0.23087614566764164,0,1.3167583651489774,0,13.321501081934867,496.27364994448874,497.11344740784045,20,0.1,1.5
1994,18,0.23087614566764164,0,1.3141273487591065,0,13.295190918036159,509.56884086252495,510.4086383258766,20,0.1,1.5
1994,17,0.23087614566764164,0,1.3115015894060822,0,13.268933324505916,522.8377741870308,523.6775716503826,20,0.1,1.5
1994,16,0.23087614566764164,0,1.3088810765858132,0,13.242728196303226,536.0805023833341,536.9202998466858,20,0.1,1.5
1994,15,0.23087614566764164,0,1.3062657998151972,0,13.216575428597066,549.2970778119311,550.1368752752828,20,0.1,1.5
1994,14,0.23087614566764164,0,1.3036557486320768,0,13.190474916765861,562.487552728697,563.3273501920487,20,0.1,1.5
1994,13,0.23087614566764164,0,1.3010509125952,0,13.164426556397093,575.6519792850941,576.4917767484458,20,0.1,1.5
1994,12,0.23087614566764164,0,1.298451281284176,0,13.138430243286853,588.7904095283809,589.6302069917326,20,0.1,1.5
1994,11,0.23087614566764164,0,1.2958568442994365,0,13.112485873439459,601.9028954018204,602.7426928651721,20,0.1,1.5
1994,10,0.23087614566764164,0,1.2932675912621925,0,13.086593343067019,614.9894887448874,615.8292862082391,20,0.1,1.5
1994,9,0.23087614566764164,0,1.2906835118143927,0,13.06075254858902,628.0502412934763,628.8900387568281,20,0.1,1.5
1994,8,0.23087614566764164,0,1.2881045956186825,0,13.034963386631919,641.0852046801083,641.92500214346,20,0.1,1.5
1994,7,0.23087614566764164,0,1.2855308323583616,0,13.00922575402871,654.0944304341369,654.9342278974888,20,0.1,1.5
1994,6,0.23087614566764164,0,1.2829622117373438,0,12.983539547818532,667.0779699819554,667.9177674453073,20,0.1,1.5
1994,5,0.23087614566764164,0,1.280398723480116,0,12.957904665246254,680.0358746472017,680.8756721105535,20,0.1,1.5
1994,4,0.23087614566764164,0,1.2778403573316959,0,12.932321003762052,692.9681956509637,693.8079931143155,20,0.1,1.5
1994,3,0.23087614566764164,0,1.2752871030575925,0,12.90678846102102,705.8749841119846,706.7147815753366,20,0.1,1.5
1994,2,0.011543807283382081,0,5.418870893708111e-4,0,0.013114742415962832,705.8880988544006,706.7278963177525,1,0.1,1.5
1994,1,150,0,1.2875249290691213,0,112.87524929069122,818.7633481450918,819.6031456084438,99999,0.1,1.5
1995,120,9.932212979683068e-5,0.02593492166234218,0.02593492166234218,0,0.5187646480000415,0,0,1,0.1,1.5
1995,119,9.62260267864903e-5,2.54310024642785e-4,0.02542845936403206,8.061350849340039e-4,0.2684080600703299,0.25689184457127273,0.2684080600703299,1,0.1,1.5
1995,118,9.390931573591983e-5,1.9610407979414084e-4,0.025261230879523273,7.934621778173514e-4,0.265971129772484,0.5115278003749374,0.5343791898428139,1,0.1,1.5
1995,117,9.22954497642281e-5,1.9343086309576678e-4,0.025222780786430317,7.866267242410776e-4,0.265461171427119,0.7657514471700411,0.7998403612699329,1,0.1,1.5
1995,116,9.130967607481812e-5,1.9269917735483864e-4,0.025305503960439873,7.83593677795496e-4,0.26623709989240885,1.0207943516653715,1.0660774611623416,1,0.1,1.5
1995,115,9.087992059173088e-5,1.9277368199913884e-4,0.0254943775389278,7.837640069812261e-4,0.26812872749415756,1.2777264504883685,1.334206188656499,1,0.1,1.5
1995,114,9.091815117761276e-5,1.9349336450650892e-4,0.0257733484503271,7.865536708436263e-4,0.27096551126117296,1.5374554807374898,1.6051716999176722,1,0.1,1.5
1995,113,9.13426677909883e-5,1.9459760703769997e-4,0.026110034341334538,7.909029048757141e-4,0.2744058275223789,1.8005626953330727,1.879577527440051,1,0.1,1.5
1995,112,9.200910956291632e-5,1.9595337119994853e-4,0.026488182932495174,7.962699386049201e-4,0.2782779872805396,2.067465397776399,2.1578555147205907,1,0.1,1.5
1995,111,9.284534809936176e-5,1.9707836837870414e-4,0.02684320101962654,8.006946098983572e-4,0.28190318520590474,2.337930088555184,2.4397586999264953,1,0.1,1.5
1995,110,9.357403999398109e-5,1.9869724164737505e-4,0.02727437100790826,8.071207305335082e-4,0.2863233613393643,2.61272315374407,2.72608206126586,1,0.1,1.5
1995,109,9.461904786567915e-5,2.0215777801424825e-4,0.027971490358512072,8.210198100794919e-4,0.293528415160214,2.8945227144745767,3.019610476426074,1,0.1,1.5
1995,108,9.680993256055058e-5,2.07550469231369e-4,0.02895622048922651,8.427530396503519e-4,0.3037415786774813,3.1862249640141957,3.3233520551035554,1,0.1,1.5
1995,107,1.002973031437515e-4,2.1494295914665243e-4,0.030248634854656606,8.725879074798524e-4,0.3171681845422215,3.4909276070209905,3.640520239645777,1,0.1,1.5
1995,106,1.052787964286831e-4,2.2434822325032694e-4,0.031862890635837866,9.105689288714115e-4,0.3339507020104736,3.811870181476158,3.9744709416562505,1,0.1,1.5
1995,105,1.1200539294907983e-4,2.3569465170023e-4,0.03380296628557734,9.563962900299811e-4,0.35412408377802723,4.152331461110899,4.328595025434278,1,0.1,1.5
1995,104,1.2078554187489775e-4,2.487921989822319e-4,0.03605748023905061,0.001009288784135258,0.37756165927684393,4.515474709185811,4.706156684711122,1,0.1,1.5
1995,103,1.3198617346202014e-4,2.63292918475825e-4,0.038593130975588516,0.0010678243523745117,0.4039068633283016,4.904126938908762,5.110063548039423,1,0.1,1.5
1995,102,1.4602202388434211e-4,2.7866793421009575e-4,0.04134973281414174,0.0011298478175498774,0.4325220386072966,5.320508294408204,5.5425855866467195,1,0.1,1.5
1995,101,1.6334010276924227e-4,2.941774188472505e-4,0.0442332413686788,0.0011923508572893836,0.46241666495266925,5.76589137568531,6.005002251599389,1,0.1,1.5
1995,100,1.8435643015790414e-4,3.089485225230682e-4,0.047124017037440326,0.0012517900829773167,0.49233527535751037,6.240343935571716,6.497337526956899,1,0.1,1.5
1995,99,2.0946298636496464e-4,3.2190218164164996e-4,0.049861661663643524,0.0013037929072492016,0.5206008934044646,6.742319216015479,7.017938420361364,1,0.1,1.5
1995,98,2.386986777674896e-4,3.325708216486765e-4,0.052369128896353756,0.001346470853125219,0.546411427533658,7.269495345647348,7.564349847895023,1,0.1,1.5
1995,97,2.735450781808852e-4,3.3997564763452913e-4,0.054478190741707753,0.0013758721924127307,0.5680193443133443,7.8178593729262245,8.132369192208367,1,0.1,1.5
1995,96,3.15752856364506e-4,3.424896105382479e-4,0.05589586414727198,0.0013854340523979734,0.582385954516602,8.38045341240857,8.714755146724968,1,0.1,1.5
1995,95,3.6499349100483974e-4,3.402088282445011e-4,0.05658757313942577,0.0013755770473770194,0.5891722493475204,8.949974561079276,9.303927396072488,1,0.1,1.5
1995,94,4.1905823642545445e-4,3.3725978049453843e-4,0.057203774224529366,0.0013630083751650238,0.5951612604244991,9.525664273287132,9.899088656496987,1,0.1,1.5
1995,93,4.8244847594487646e-4,3.340170593589934e-4,0.05780384120415016,0.0013492448800072406,0.6009751418096343,10.10736448823952,10.500063798306622,1,0.1,1.5
1995,92,6.029918506527495e-4,3.304990169015013e-4,0.05838682198243299,0.0013343619070211212,0.6066375175178913,10.694939692799968,11.106701315824512,1,0.1,1.5
1995,91,7.907735232346679e-4,3.267149615718549e-4,0.058952843094198,0.0013183981734838151,0.612157022527719,11.28826245570649,11.71885833835223,1,0.1,1.5
1995,90,0.0010414617850304983,3.2266968360536403e-4,0.059502211915540774,0.0013013741255999,0.6175341827852898,11.887205579554639,12.33639252113752,1,0.1,1.5
1995,89,0.0013484144448885575,3.183691462680453e-4,0.06003559100315255,0.001283314931702525,0.6227716149103582,12.491644124012103,12.959164136047878,1,0.1,1.5
1995,88,0.0017028060738419133,3.138202326337052e-4,0.0605539700037259,0.0012642494458150464,0.6278738127816104,13.101457230424927,13.587037948829488,1,0.1,1.5
1995,87,0.0020938867977229147,3.0901337763512246e-4,0.06105519484713158,0.0012441402880150863,0.6328114394654121,13.716495237204409,14.2198493882949,1,0.1,1.5
1995,86,0.0025291127635232425,3.039429189916893e-4,0.06153631025771925,0.0012229659551088606,0.6375595491586324,14.336583844147201,14.857408937453533,1,0.1,1.5
1995,85,0.003022913070043806,2.9862219686985805e-4,0.06199755447618683,0.0012007814753994274,0.6421310631877307,14.961560886257798,15.499540000641264,1,0.1,1.5
1995,84,0.003572266014939471,2.930583880842258e-4,0.062439125772485365,0.0011776170203871917,0.6465264525735678,15.59126423854012,16.146066453214832,1,0.1,1.5
1995,83,0.004172172715696933,2.8725970198226555e-4,0.06286155586954668,0.0011535068885128595,0.6507482740283186,16.22553384273254,16.796814727243152,1,0.1,1.5
1995,82,0.004815657340267675,2.8123525123087254e-4,0.06326571708857132,0.0011284889686023793,0.654801232604901,16.864213804357405,17.451615959848052,1,0.1,1.5
1995,81,0.0054937872513675535,2.7499483845546763e-4,0.06365281037330854,0.0011026038662008682,0.6586920607547546,17.507154381309288,18.110308020602808,1,0.1,1.5
1995,80,0.0061734616341954885,2.6854022655709806e-4,0.06402375809116655,0.001075859924457411,0.6624080517589488,18.154193005575987,18.772716072361757,1,0.1,1.5
1995,79,0.006844604556394974,2.618838098655957e-4,0.06438039109690823,0.00104830809762518,0.6659616487380756,18.80517882434799,19.438677721099832,1,0.1,1.5
1995,78,0.00751361466098227,2.550444730637021e-4,0.06472530013865636,0.00102002517819866,0.6693843108178362,19.459991346905845,20.10806203191767,1,0.1,1.5
1995,77,0.008166211697511217,2.480330410124242e-4,0.06506078981919558,9.910555205296572e-4,0.6726903057413207,20.1185237166396,20.78075233765899,1,0.1,1.5
1995,76,0.008787170376952902,2.4085974209986925e-4,0.0653892891735129,9.61440977631478e-4,0.6758944738497841,20.780683319380366,21.456646811508772,1,0.1,1.5
1995,75,0.009360877582253783,2.3351394608528658e-4,0.0657074676763067,9.311401473634598e-4,0.6789524033839479,21.446333720659123,22.13559921489272,1,0.1,1.5
1995,74,0.00990134123530219,2.2599240262395607e-4,0.06601136554889347,9.001413395706686e-4,0.6818336356659092,22.115308194331167,22.81743285055863,1,0.1,1.5
1995,73,0.010430239219584653,2.1831253594889287e-4,0.06630234608156928,8.685152847615282e-4,0.6845674401991171,22.787468273319405,23.50200029075775,1,0.1,1.5
1995,72,0.01094333046363602,2.1048222796001773e-4,0.06658096582420105,8.362945546357384e-4,0.6871570992302594,23.46267830748344,24.189157389988008,1,0.1,1.5
1995,71,0.011436329974013604,2.0250930946893024e-4,0.06684781133468173,8.035114675254368e-4,0.6896061616745456,24.140805733907623,24.878763551662555,1,0.1,1.5
1995,70,0.01190494062748788,1.9440152083399076e-4,0.06710349266891247,7.701979294535964e-4,0.6919183965460791,24.82172130289008,25.570681948208634,1,0.1,1.5
1995,69,0.012344886190564777,1.8616647512838144e-4,0.0673486361410243,7.36385286025156e-4,0.6940977400889294,25.50529925317865,26.264779688297562,1,0.1,1.5
1995,68,0.012751945479591274,1.7781162543344665e-4,0.06758387669354242,7.021041914879852e-4,0.6961482400545526,26.191417433354804,26.960927928352113,1,0.1,1.5
1995,67,0.013121987590356252,1.69344236713985e-4,0.06780984991385546,6.673844967937242e-4,0.6980739974725089,26.8799573665874,27.659001925824622,1,0.1,1.5
1995,66,0.01345100817199879,1.6077136438303664e-4,0.06802718447947882,6.322551649410118e-4,0.6998791138619656,27.570804263807354,28.358881039686587,1,0.1,1.5
1995,65,0.013735163050711197,1.520998274056184e-4,0.0682364898185423,5.96744165862069e-4,0.7015675884817923,28.263846935633975,29.06044862816838,1,0.1,1.5
1995,64,0.01397082421089456,1.4333537972434482e-4,0.06843793648754294,5.608752406262671e-4,0.703139104917454,28.95897353711391,29.763587733085835,1,0.1,1.5
1995,63,0.014156619385626764,1.3448337754834696e-4,0.06863129758528352,5.246705643591728e-4,0.7045908496619628,29.656069092999314,30.468178582747797,1,0.1,1.5
1995,62,0.014293555797178744,1.2555006613934494e-4,0.06881657044832044,4.881557782818139e-4,0.7059238963181714,30.355019335342032,31.17410247906597,1,0.1,1.5
1995,61,0.014381997663121843,1.1654146103053353e-4,0.06899367189522365,4.5135559906549346e-4,0.7071380691341301,31.055709467346656,31.8812405482001,1,0.1,1.5
1995,60,0.014422593205688047,1.0746359164542669e-4,0.06916247713827178,4.1429477794271735e-4,0.7082329662640506,31.758023936782955,32.58947351446415,1,0.1,1.5
1995,59,0.014416253186073598,9.832251845041025e-5,0.06932282251315124,3.769981699095963e-4,0.7092079739149645,32.46184622255635,33.29868148837912,1,0.1,1.5
1995,58,0.014364130186678955,8.912435165808161e-5,0.06947451047727367,3.394908083894114e-4,0.7100623037717142,33.167058657636794,34.00874379215083,1,0.1,1.5
1995,57,0.014267588057521598,7.987526855588759e-5,0.06961731718633737,3.0179797359293687e-4,0.71079504954337,33.87354230755741,34.7195388416942,1,0.1,1.5
1995,56,0.014128158199904888,7.058081836315362e-5,0.06975024190184993,2.639426113517794e-4,0.7113976080689975,34.58116930689281,35.4309364497632,1,0.1,1.5
1995,55,0.013951118016842803,6.12521907827202e-5,0.0698783562253272,2.2596851026567542e-4,0.7119249510808849,35.28986613639847,36.14286140084408,1,0.1,1.5
1995,54,0.013713438286392123,5.2152875164553624e-5,0.07039359667498732,1.888199129286461e-4,0.7162972150199989,36.003465924090925,36.85915861586408,1,0.1,1.5
1995,53,0.011543807283382081,4.251609919754548e-5,0.07036216535887156,1.4972411050952423e-4,0.7138816019673675,36.71520861019387,37.57304021783145,1,0.1,1.5
1995,52,0.23087614566764164,7.554275935901117e-5,1.2581318001648711,2.2187429664085549e-4,12.739160492496552,49.45119946988126,50.312200710328,20,0.1,1.5
1995,51,0.23087614566764164,4.9894534333691844e-52,1.065630905464357,0,10.810226485088663,60.26142595496992,61.12242719541666,20,0.1,1.5
1995,50,0.23087614566764164,5.40973240719205e-82,1.181376725327996,0,11.967684683725055,72.22911063869498,73.09011187914172,20,0.1,1.5
1995,49,0.23087614566764164,7.758434509465703e-116,1.3023092831060787,0,13.177010261505881,85.40612090020085,86.2671221406476,20,0.1,1.5
1995,48,0.23087614566764164,4.033626724420744e-138,1.3885806781773016,0,14.03972421221811,99.44584511241895,100.3068463528657,20,0.1,1.5
1995,47,0.23087614566764164,3.567547584765158e-140,1.3924652361198053,0,14.078569791643147,113.5244149040621,114.38541614450885,20,0.1,1.5
1995,46,0.23087614566764164,3.5675475847652032e-180,1.389682949744779,0,14.050746927892883,127.57516183195497,128.43616307240174,20,0.1,1.5
1995,45,0.23087614566764164,3.567547584765249e-220,1.3869062226593283,0,14.022979657038377,141.59814148899335,142.45914272944012,20,0.1,1.5
1995,44,0.23087614566764164,3.567547584765295e-260,1.3841350437554314,0,13.995267867999408,155.59340935699277,156.45441059743953,20,0.1,1.5
1995,43,0.23087614566764164,3.567547584765339e-300,1.3813694019472595,0,13.967611449917689,169.56102080691045,170.42202204735722,20,0.1,1.5
1995,42,0.23087614566764164,0,1.3786092861711368,0,13.940010292156462,183.50103109906692,184.3620323395137,20,0.1,1.5
1995,41,0.23087614566764164,0,1.3758546853854925,0,13.912464284300018,197.41349538336695,198.27449662381372,20,0.1,1.5
1995,40,0.23087614566764164,0,1.3731055885708163,0,13.884973316153257,211.2984686995202,212.15946993996698,20,0.1,1.5
1995,39,0.23087614566764164,0,1.3703619847296182,0,13.857537277741276,225.1560059772615,226.01700721770825,20,0.1,1.5
1995,38,0.23087614566764164,0,1.3676238628863813,0,13.830156059308907,238.9861620365704,239.84716327701716,20,0.1,1.5
1995,37,0.23087614566764164,0,1.3648912120875194,0,13.802829551320288,252.78899158789068,253.64999282833745,20,0.1,1.5
1995,36,0.23087614566764164,0,1.3621640214013322,0,13.775557644458416,266.5645492323491,267.42555047279586,20,0.1,1.5
1995,35,0.23087614566764164,0,1.3594422799179635,0,13.748340229624729,280.3128894619739,281.1738907024206,20,0.1,1.5
1995,34,0.23087614566764164,0,1.3567259767493547,0,13.72117719793864,294.0340666599126,294.8950679003592,20,0.1,1.5
1995,33,0.23087614566764164,0,1.3540151010292016,0,13.69406844073711,307.7281351006497,308.5891363410963,20,0.1,1.5
1995,32,0.23087614566764164,0,1.3513096419129131,0,13.667013849574225,321.3951489502239,322.25615019067055,20,0.1,1.5
1995,31,0.23087614566764164,0,1.3486095885775684,0,13.640013316220777,335.03516226644473,335.89616350689136,20,0.1,1.5
1995,30,0.23087614566764164,0,1.3459149302218696,0,13.613066732663789,348.64822899910854,349.50923023955517,20,0.1,1.5
1995,29,0.23087614566764164,0,1.343225656066103,0,13.586173991106122,362.2344029902147,363.0954042306613,20,0.1,1.5
1995,28,0.23087614566764164,0,1.3405417553520909,0,13.559334983966002,375.7937379741807,376.6547392146273,20,0.1,1.5
1995,27,0.23087614566764164,0,1.337863217343154,0,13.532549603876634,389.32628757805736,390.18728881850393,20,0.1,1.5
1995,26,0.23087614566764164,0,1.3351900313240648,0,13.505817743685741,402.83210532174314,403.69310656218966,20,0.1,1.5
1995,25,0.23087614566764164,0,1.332522186601006,0,13.479139296455154,416.3112446181983,417.17224585864483,20,0.1,1.5
1995,24,0.23087614566764164,0,1.329859672501528,0,13.452514155460372,429.7637587736587,430.6247600141052,20,0.1,1.5
1995,23,0.23087614566764164,0,1.3272024783745067,0,13.42594221419016,443.1897009878489,444.0507022282954,20,0.1,1.5
1995,22,0.23087614566764164,0,1.3245505935900992,0,13.399423366346086,456.589124354195,457.45012559464146,20,0.1,1.5
1995,21,0.23087614566764164,0,1.321904007539701,0,13.372957505842104,469.96208186003713,470.8230831004836,20,0.1,1.5
1995,20,0.23087614566764164,0,1.319262709635906,0,13.346544526804154,483.3086263868413,484.16962762728775,20,0.1,1.5
1995,19,0.23087614566764164,0,1.3166266893124625,0,13.32018432356972,496.628810710411,497.4898119508575,20,0.1,1.5
1995,18,0.23087614566764164,0,1.3139959360242306,0,13.2938767906874,509.92268750109844,510.7836887415449,20,0.1,1.5
1995,17,0.23087614566764164,0,1.3113704392471417,0,13.26762182291651,523.190309324015,524.0513105644613,20,0.1,1.5
1995,16,0.23087614566764164,0,1.3087501884781547,0,13.241419315226642,536.4317286392416,537.292729879688,20,0.1,1.5
1995,15,0.23087614566764164,0,1.3061351732352158,0,13.215269162797252,549.6469978020388,550.5079990424852,20,0.1,1.5
1995,14,0.23087614566764164,0,1.3035253830572135,0,13.18917126101723,562.836169063056,563.6971703035024,20,0.1,1.5
1995,13,0.23087614566764164,0,1.3009208075039405,0,13.163125505484498,575.9992945685404,576.8602958089868,20,0.1,1.5
1995,12,0.23087614566764164,0,1.2983214361560476,0,13.137131792005569,589.136426360546,589.9974276009924,20,0.1,1.5
1995,11,0.23087614566764164,0,1.2957272586150066,0,13.11119001659516,602.2476163771412,603.1086176175876,20,0.1,1.5
1995,10,0.23087614566764164,0,1.2931382645030662,0,13.085300075475756,615.3329164526169,616.1939176930633,20,0.1,1.5
1995,9,0.23087614566764164,0,1.2905544434632112,0,13.059461865077207,628.3923783176941,629.2533795581405,20,0.1,1.5
1995,8,0.23087614566764164,0,1.2879757851591207,0,13.0336752820363,641.4260535997304,642.2870548401768,20,0.1,1.5
1995,7,0.23087614566764164,0,1.2854022792751258,0,13.007940223196352,654.4339938229267,655.2949950633731,20,0.1,1.5
1995,6,0.23087614566764164,0,1.28283391551617,0,12.982256585606795,667.4162504085334,668.2772516489799,20,0.1,1.5
1995,5,0.23087614566764164,0,1.280270683607768,0,12.956624266522773,680.3728746750562,681.2338759155027,20,0.1,1.5
1995,4,0.23087614566764164,0,1.2777125732959627,0,12.93104316340472,693.3039178384608,694.1649190789075,20,0.1,1.5
1995,3,0.23087614566764164,0,1.2751595743472868,0,12.905513173917962,706.2094310123788,707.0704322528254,20,0.1,1.5
1995,2,0.011543807283382081,0,5.418329006618741e-4,0,0.013114200528873462,706.2225452129077,707.0835464533543,1,0.1,1.5
1995,1,150,0,1.2873961765762143,0,112.87396176576215,819.0965069786698,819.9575082191164,99999,0.1,1.5
1996,121,1.0328346784523969e-4,0.02658974419026744,0.02658974419026744,0,0.531863739450579,0,0,1,0.1,1.5
1996,120,9.932212979683068e-5,2.5934921662342197e-4,0.025932328170175947,8.481917151431382e-4,0.2741000131232364,0.26198298862119157,0.2741000131232364,1,0.1,1.5
1996,119,9.62260267864903e-5,2.0407687147992883e-4,0.025627450289329157,8.305510503512255e-4,0.27024443729763264,0.52036241091380675,0.544344450420869,1,0.1,1.5
1996,118,9.390931573591983e-5,2.0032658525227928e-4,0.02545707030088966,8.190817052767217e-4,0.26833774229014884,0.7769989859857167,0.8126821927110178,1,0.1,1.5
1996,117,9.22954497642281e-5,1.9859098969122706e-4,0.025416915189411946,8.119139106636372e-4,0.2678153622432122,1.0332155780765913,1.08049755495423,1,0.1,1.5
1996,116,9.130967607481812e-5,1.978254112224224e-4,0.025498871829492703,8.086398247269857e-4,0.26857984302063426,1.2902434236011258,1.3490773979748643,1,0.1,1.5
1996,115,9.087992059173088e-5,1.9786873856529792e-4,0.025687769102919214,8.086699790662609e-4,0.2704693933009481,1.5491603886296987,1.6195467912758124,1,0.1,1.5
1996,114,9.091815117761276e-5,1.9857335135597165e-4,0.025967409533192973,8.114000620568695e-4,0.2733118704042298,1.8108808295759733,1.8928586616800422,1,0.1,1.5
1996,113,9.13426677909883e-5,1.9967170228930552e-4,0.02630514906411933,8.157350698788223e-4,0.276762460917073,2.07598993235192,2.1696211225971154,1,0.1,1.5
1996,112,9.200910956291632e-5,2.010270183632295e-4,0.026684601598853153,8.211150466717159e-4,0.2806478405309922,2.344907557930459,2.4502689631281074,1,0.1,1.5
1996,111,9.284534809936176e-5,2.0214443615837634e-4,0.02704069035199917,8.255182936307427e-4,0.28428336326074755,2.6173978027107667,2.734552326388855,1,0.1,1.5
1996,110,9.357403999398109e-5,2.037671550498508e-4,0.027473423753440845,8.319795834028067e-4,0.2887197143982764,2.894232094489003,3.0232720407871314,1,0.1,1.5
1996,109,9.461904786567915e-5,2.0727653030001546e-4,0.028173948161996094,8.461353816202692e-4,0.2959629745970659,3.1781074207772075,3.3192350153841974,1,0.1,1.5
1996,108,9.680993256055058e-5,2.1276376460490167e-4,0.029164013127090178,8.683510734166528e-4,0.3062373242065147,3.4719397296491987,3.6254723395907122,1,0.1,1.5
1996,107,1.002973031437515e-4,2.2029640646142962e-4,0.030463756968041104,8.988944934418743e-4,0.31974874852010027,3.7788471282629863,3.9452210881108125,1,0.1,1.5
1996,106,1.052787964286831e-4,2.2988571445035615e-4,0.03208734657899214,9.378026619958173e-4,0.33663968968436536,4.102089637061697,4.281860777795178,1,0.1,1.5
1996,105,1.1200539294907983e-4,2.4145601902449758e-4,0.03403868506145628,9.847568765345223e-4,0.3569440364458384,4.44496571812847,4.638804814241016,1,0.1,1.5
1996,104,1.2078554187489775e-4,2.548101180236368e-4,0.03630619668706052,0.0010389419044570568,0.38053261895195417,4.810656309873895,5.0193374331929705,1,0.1,1.5
1996,103,1.3198617346202014e-4,2.6958901727838617e-4,0.03885622775058459,0.0010988825393705595,0.4070444804519458,5.202002468334833,5.426381913644916,1,0.1,1.5
1996,102,1.4602202388434211e-4,2.8524863372957033e-4,0.04162805979524779,0.0011623498770655313,0.4358354305494898,5.62123290064053,5.862217344194406,1,0.1,1.5
1996,101,1.6334010276924227e-4,3.010294885108184e-4,0.04452690575886428,0.0012262396758133771,0.4659059555300739,6.069621146516127,6.32812329972448,1,0.1,1.5
1996,100,1.8435643015790414e-4,3.1603700596955983e-4,0.04743225215648091,0.0012869018796214699,0.49599010847729763,6.547226942427404,6.824113408201777,1,0.1,1.5
1996,99,2.0946298636496464e-4,3.291672486287169e-4,0.05018262372428946,0.001339840852084855,0.5243981353213039,7.052484494147496,7.348511543523081,1,0.1,1.5
1996,98,2.386986777674896e-4,3.3994342149779147e-4,0.052700509696745425,0.0013831217826076225,0.5503225462429574,7.583048157781773,7.898834089766038,1,0.1,1.5
1996,97,2.735450781808852e-4,3.4736780457952796e-4,0.054816710970736766,0.0014126974949677472,0.5720045439238705,8.13487130892039,8.470838633689908,1,0.1,1.5
1996,96,3.15752856364506e-4,3.497834092048758e-4,0.056236633073956745,0.0014218530983296327,0.5863868538548539,8.70094597565625,9.057225487544763,1,0.1,1.5
1996,95,3.6499349100483974e-4,3.4729635012669985e-4,0.056925808643956084,0.001411054742179642,0.5931323038231117,9.27392035459108,9.650357791367874,1,0.1,1.5
1996,94,4.1905823642545445e-4,3.4412469159620133e-4,0.05753880594089817,0.0013974648714683879,0.5990724623606805,9.853029033073641,10.249430253728555,1,0.1,1.5
1996,93,4.8244847594487646e-4,3.406513905954001e-4,0.05813537204003155,0.0013826418978141802,0.6048338937351971,10.438110899697207,10.854264147463752,1,0.1,1.5
1996,92,6.029918506527495e-4,3.368954669242953e-4,0.05871457377699003,0.0013666643600881735,0.6104404635789333,11.029027586703453,11.464704611042686,1,0.1,1.5
1996,91,7.907735232346679e-4,3.3286669298667235e-4,0.05927654735325953,0.0013495731567528067,0.6159009393363252,11.625648909514739,12.080605550379012,1,0.1,1.5
1996,90,0.0010414617850304983,3.2857022823602863e-4,0.0598216052257492,0.0013313904396675723,0.6212159258203617,12.227844971911278,12.701821476199374,1,0.1,1.5
1996,89,0.0013484144448885575,3.240124243883117e-4,0.06035041617697787,0.0013121431802830567,0.626388131552393,12.835488200888198,13.328209607751766,1,0.1,1.5
1996,88,0.0017028060738419133,3.192005637800987e-4,0.06086397696817929,0.0012918620929326836,0.6314221521250029,13.448455180257021,13.95963175987677,1,0.1,1.5
1996,87,0.0020938867977229147,3.141252057801228e-4,0.06136012439965064,0.0012705102404303665,0.6362885668779852,14.066593600843143,14.595920326754754,1,0.1,1.5
1996,86,0.0025291127635232425,3.0878091796713203e-4,0.0618358981154707,0.0012480670730690637,0.6409623951253328,14.689726466353203,15.236882721880088,1,0.1,1.5
1996,85,0.003022913070043806,3.0318159081855545e-4,0.062291550089589066,0.0012245902187226925,0.645456738165858,15.31768905853731,15.882339460045946,1,0.1,1.5
1996,84,0.003572266014939471,2.973348389776402e-4,0.06272728611500492,0.0012001118740033365,0.6497721755593565,15.950316778753761,16.532111635605304,1,0.1,1.5
1996,83,0.004172172715696933,2.912493191480375e-4,0.06314364643608794,0.0011746684150427378,0.6539113833872444,16.58744718478325,17.186023018992547,1,0.1,1.5
1996,82,0.004815657340267675,2.8493459466290353e-4,0.06354151275901306,0.0011482998320241388,0.6578791950782351,17.228922096546853,17.84390221407078,1,0.1,1.5
1996,81,0.0054937872513675535,2.784009149347717e-4,0.06392209605882143,0.0011210488213119576,0.6616824777334064,17.87458959111866,18.505584691804188,1,0.1,1.5
1996,80,0.0061734616341954885,2.7165038337992374e-4,0.06428632069647178,0.001092925246212317,0.6653085696910137,18.52428494300664,19.170893261495202,1,0.1,1.5
1996,79,0.006844604556394974,2.64695862504951e-4,0.06463603008220484,0.001063982274141899,0.6687700759248169,19.177855272158006,19.839663337420017,1,0.1,1.5
1996,78,0.00751361466098227,2.57556739280302e-4,0.06497383390319217,0.00103429914102299,0.6720986848799936,19.835178255023383,20.51176202230001,1,0.1,1.5
1996,77,0.008166211697511217,2.5024421054253853e-4,0.06530204762034607,0.0010039219688361453,0.6753088018525051,20.496145314463945,21.187070824152517,1,0.1,1.5
1996,76,0.008787170376952902,2.427688418288682e-4,0.06562311048900342,9.728942164327354e-4,0.6784153956991401,21.160662221356905,21.865486219851658,1,0.1,1.5
1996,75,0.009360877582253783,2.351201763017178e-4,0.06593368196637993,9.411751008652003e-4,0.6813739650654408,21.828590827838557,22.546860184917097,1,0.1,1.5
1996,74,0.00990134123530219,2.272952589189067e-4,0.06622979974723125,9.087541770724282e-4,0.6841540467479759,22.499762672056928,23.231014231665075,1,0.1,1.5
1996,73,0.010430239219584653,2.1931194654987098e-4,0.0665128446681515,8.757042857300687e-4,0.6867851201847853,23.174037731017,23.91779935184986,1,0.1,1.5
1996,72,0.01094333046363602,2.1117846093853478e-4,0.06678338136627757,8.42059578322725e-4,0.6892705744620524,23.851278882931584,24.607069926311915,1,0.1,1.5
1996,71,0.011436329974013604,2.029029599760485e-4,0.06704200442042962,8.07853894772455e-4,0.6916140637120533,24.53135217671832,25.298683990023967,1,0.1,1.5
1996,70,0.01190494062748788,1.94493497571739e-4,0.06728933180200898,7.731206007638126e-4,0.6938194600917106,25.214127056799118,25.992503450115677,1,0.1,1.5
1996,69,0.012344886190564777,1.859579862575728e-4,0.06752599759891649,7.378924367975961e-4,0.6958908005044637,25.8994765367779,26.688394250620142,1,0.1,1.5
1996,68,0.012751945479591274,1.7730416412633078e-4,0.06775264435374506,7.022013853964192e-4,0.6978322305279141,26.58727731894301,27.386226481148057,1,0.1,1.5
1996,67,0.013121987590356252,1.685395665655709e-4,0.0679699150530625,6.660785582929534e-4,0.6996479458987984,27.277409856866193,28.085874427046857,1,0.1,1.5
1996,66,0.01345100817199879,1.5967150487908332e-4,0.06817844555226614,6.295541118521246e-4,0.7013421395221008,27.969758366218976,28.787216566568958,1,0.1,1.5
1996,65,0.013735163050711197,1.5070703973957345e-4,0.06837885221102596,5.926571432401473e-4,0.7029188984925125,28.664210734093775,29.49013546506147,1,0.1,1.5
1996,64,0.01397082421089456,1.4165216395381022e-4,0.06857131150405076,5.554124933081627e-4,0.7043779836774253,29.36065425358108,30.194513448738896,1,0.1,1.5
1996,63,0.014156619385626764,1.3251247486527665e-4,0.06875560209661478,5.178434404363472e-4,0.7057166554066899,30.05897314555297,30.900230104145585,1,0.1,1.5
1996,62,0.014293555797178744,1.2329444523184692e-4,0.06893172773584606,4.799766801131622e-4,0.7069360687248005,30.759052404561867,31.607166172870386,1,0.1,1.5
1996,61,0.014381997663121843,1.140043143766787e-4,0.06909961142780051,4.418379630772341e-4,0.7080361267649564,31.46077656042572,32.315202299635345,1,0.1,1.5
1996,60,0.014422593205688047,1.0464833040213361e-4,0.06925913458504362,4.034530515242597e-4,0.7090165063133581,32.1640294517173,33.024218805948706,1,0.1,1.5
1996,59,0.014416253186073598,9.523276766190317e-5,0.06941013977337732,3.648477899797192e-4,0.7098766721531992,32.86869401258507,33.734095478101906,1,0.1,1.5
1996,58,0.014364130186678955,8.576394561393367e-5,0.0695524357283233,3.260481809113369e-4,0.7106159146863679,33.57465209611556,34.44471139278827,1,0.1,1.5
1996,57,0.014267588057521598,7.624824608379309e-5,0.06968580494801697,2.870804530884052e-4,0.7112334066425231,34.28178435342824,35.15594479943079,1,0.1,1.5
1996,56,0.014128158199904888,6.669146102157639e-5,0.06980925253049769,2.479686577275199e-4,0.7117206214445699,34.98996256547671,35.86766542087536,1,0.1,1.5
1996,55,0.013951118016842803,5.710464947424606e-5,0.0699278605172711,2.087561400444097e-4,0.7121326275840781,35.699112962488726,36.57979804845944,1,0.1,1.5
1996,54,0.013713438286392123,4.7726506983807065e-5,0.07043376229355197,1.7028292895840793e-4,0.7163897934671204,36.413070142685015,37.29618784192656,1,0.1,1.5
1996,53,0.011543807283382081,3.7856188619356514e-5,0.07039256016996305,1.300525276043754e-4,0.7138579283595698,37.12507017779309,38.01004577028613,1,0.1,1.5
1996,52,0.23087614566764164,5.6224001753803987e-5,1.258061455559015,1.5369923793464527e-4,12.73728992945185,49.86016440384587,50.74733569973798,20,0.1,1.5
1996,51,0.23087614566764164,4.989453433369187e-54,1.0655243423738106,0,10.8091608541832,60.66932525802907,61.55649655392118,20,0.1,1.5
1996,50,0.23087614566764164,5.409732407192053e-84,1.1812585876554633,0,11.966503306999726,72.63582856502879,73.5229998609209,20,0.1,1.5
1996,49,0.23087614566764164,7.758434509465707e-118,1.302179052177768,0,13.175707952222774,85.81153651725155,86.69870781314368,20,0.1,1.5
1996,48,0.23087614566764164,4.033626724420746e-140,1.388441820109484,0,14.038335631539933,99.84987214879149,100.73704344468362,20,0.1,1.5
1996,47,0.23087614566764164,3.5675475847651595e-142,1.3923259895961935,0,14.077177326407028,113.92704947519852,114.81422077109065,20,0.1,1.5
1996,46,0.23087614566764164,3.567547584765205e-182,1.3895439814498045,0,14.049357244943138,127.97640672014165,128.86357801603378,20,0.1,1.5
1996,45,0.23087614566764164,3.567547584765251e-222,1.3867675320370623,0,14.021592750815717,141.99799947095735,142.8851707668495,20,0.1,1.5
1996,44,0.23087614566764164,3.567547584765297e-262,1.3839966302510558,0,13.993883732955652,155.991883203913,156.87905449980516,20,0.1,1.5
1996,43,0.23087614566764164,3.5675475847653406e-302,1.3812312650070648,0,13.966230080515743,169.95811328442875,170.8452845803209,20,0.1,1.5
1996,42,0.23087614566764164,0,1.3784714252425196,0,13.938631682870291,183.89674496729904,184.7839162631912,20,0.1,1.5
1996,41,0.23087614566764164,0,1.375717099916954,0,13.911088429614633,197.80783339691368,198.69500469280584,20,0.1,1.5
1996,40,0.23087614566764164,0,1.3729682780119592,0,13.883600210564685,211.69143360747836,212.57860490337052,20,0.1,1.5
1996,39,0.23087614566764164,0,1.3702249485311453,0,13.856166915756546,225.5476005232349,226.43477181912706,20,0.1,1.5
1996,38,0.23087614566764164,0,1.3674871005000926,0,13.82878843544602,239.37638895868093,240.2635602545731,20,0.1,1.5
1996,37,0.23087614566764164,0,1.3647547229663106,0,13.8014646601082,253.17785361878913,254.0650249146813,20,0.1,1.5
1996,36,0.23087614566764164,0,1.362027804999192,0,13.774195480437015,266.95204909922614,267.83922039511833,20,0.1,1.5
1996,35,0.23087614566764164,0,1.3593063356899717,0,13.74698078734481,280.699029886571,281.5862011824631,20,0.1,1.5
1996,34,0.23087614566764164,0,1.3565903041516798,0,13.719820471961892,294.4188503585329,295.306021654425,20,0.1,1.5
1996,33,0.23087614566764164,0,1.3538796995190987,0,13.692714425636082,308.111564784169,308.9987360800611,20,0.1,1.5
1996,32,0.23087614566764164,0,1.3511745109487219,0,13.665662539932313,321.7772273241013,322.66439861999345,20,0.1,1.5
1996,31,0.23087614566764164,0,1.3484747276187106,0,13.6386647066322,335.4158920307335,336.30306332662565,20,0.1,1.5
1996,30,0.23087614566764164,0,1.3457803387288474,0,13.611720817733568,349.02761284846713,349.9147841443592,20,0.1,1.5
1996,29,0.23087614566764164,0,1.3430913335004964,0,13.584830765450057,362.6124436139172,363.4996149098093,20,0.1,1.5
1996,28,0.23087614566764164,0,1.3404077011765556,0,13.55799444221065,376.17043805612786,377.05760935201994,20,0.1,1.5
1996,27,0.23087614566764164,0,1.3377294310214196,0,13.53121174065929,389.7016497967872,390.5888210926792,20,0.1,1.5
1996,26,0.23087614566764164,0,1.3350565123209324,0,13.504482553654418,403.20613235044164,404.09330364633365,20,0.1,1.5
1996,25,0.23087614566764164,0,1.3323889343823458,0,13.477806774268553,416.6839391247102,417.5711104206022,20,0.1,1.5
1996,24,0.23087614566764164,0,1.3297266865342778,0,13.451184295787872,430.13512342049813,431.0222947163901,20,0.1,1.5
1996,23,0.23087614566764164,0,1.3270697581266693,0,13.424615011711786,443.55973843220994,444.4469097281019,20,0.1,1.5
1996,22,0.23087614566764164,0,1.32441813853074,0,13.398098815752494,456.95783724796246,457.8450085438544,20,0.1,1.5
1996,21,0.23087614566764164,0,1.3217718171389472,0,13.371635601834566,470.32947284979707,471.216644145689,20,0.1,1.5
1996,20,0.23087614566764164,0,1.3191307833649424,0,13.345225264094518,483.6746981138916,484.56186940978347,20,0.1,1.5
1996,19,0.23087614566764164,0,1.3164950266435314,0,13.318867696880407,496.99356581077205,497.8807371066639,20,0.1,1.5
1996,18,0.23087614566764164,0,1.3138645364306283,0,13.292562794751376,510.28612860552346,511.17329990141525,20,0.1,1.5
1996,17,0.23087614566764164,0,1.311239302203217,0,13.266310452477263,523.5524390580007,524.4396103538925,20,0.1,1.5
1996,16,0.23087614566764164,0,1.308619313459307,0,13.240110565038163,536.7925496230388,537.6797209189307,20,0.1,1.5
1996,15,0.23087614566764164,0,1.3060045597178922,0,13.213963027624017,550.0065126506628,550.8936839465547,20,0.1,1.5
1996,14,0.23087614566764164,0,1.303395030518908,0,13.187867735634173,563.1943803862969,564.0815516821889,20,0.1,1.5
1996,13,0.23087614566764164,0,1.3007907154231901,0,13.161824584676996,576.3562049709739,577.2433762668659,20,0.1,1.5
1996,12,0.23087614566764164,0,1.298191604012432,0,13.135833470569413,589.4920384415433,590.3792097374353,20,0.1,1.5
1996,11,0.23087614566764164,0,1.2955976858891451,0,13.109894289336545,602.6019327308798,603.4891040267719,20,0.1,1.5
1996,10,0.23087614566764164,0,1.293008950676616,0,13.084006937211255,615.685939668091,616.5731109639831,20,0.1,1.5
1996,9,0.23087614566764164,0,1.290425388018865,0,13.058171310633744,628.7441109787247,629.6312822746169,20,0.1,1.5
1996,8,0.23087614566764164,0,1.287846987580605,0,13.032387306251143,641.7764982849759,642.663669580868,20,0.1,1.5
1996,7,0.23087614566764164,0,1.2852737390471984,0,13.006654820917078,654.7831531058929,655.6703244017851,20,0.1,1.5
1996,6,0.23087614566764164,0,1.2827056321246184,0,12.980973751691279,667.7641268575842,668.6512981534764,20,0.1,1.5
1996,5,0.23087614566764164,0,1.2801426565394072,0,12.955343995839165,680.7194708534233,681.6066421493156,20,0.1,1.5
1996,4,0.23087614566764164,0,1.2775848020386331,0,12.929765450831425,693.6492363042547,694.536407600147,20,0.1,1.5
1996,3,0.23087614566764164,0,1.275032058389852,0,12.904238014343614,706.5534743185983,707.4406456144906,20,0.1,1.5
1996,2,0.011543807283382081,0,5.417787173718079e-4,0,0.0131136586959728,706.5665879772944,707.4537592731865,1,0.1,1.5
1996,1,150,0,1.2872674369585566,0,112.87267436958557,819.4392623468799,820.326433642772,99999,0.1,1.5
1997,122,1.0752209555897999e-4,0.027397937079020607,0.027397937079020607,0,0.5480304229774514,0,0,1,0.1,1.5
1997,121,1.0328346784523969e-4,2.658974419026745e-4,0.026587085215848412,8.971231386218767e-4,0.2814147270601964,0.268598682222741,0.2814147270601964,1,0.1,1.5
1997,120,9.932212979683068e-5,2.1464142095201877e-4,0.026141782866144714,8.740793168510419e-4,0.2761173050077515,0.5322291398469062,0.5575320320679479,1,0.1,1.5
1997,119,9.62260267864903e-5,2.0967853130260565e-4,0.02583252530688803,8.573847573726517e-4,0.27273454274318276,0.792715328913337,0.8302665748111306,1,0.1,1.5
1997,118,9.390931573591983e-5,2.0677369217170322e-4,0.02565929502017875,8.454194157384464e-4,0.27080071355883,1.0514386222473322,1.1010672883699606,1,0.1,1.5
1997,117,9.22954497642281e-5,2.0496438756282157e-4,0.025617351975558915,8.378659080615952e-4,0.27025420690336865,1.3097233161783923,1.3713214952733292,1,0.1,1.5
1997,116,9.130967607481812e-5,2.0413821029397066e-4,0.0256984818984915,8.343311136942429e-4,0.27100609011515564,1.5688103903836303,1.642327585388485,1,0.1,1.5
1997,115,9.087992059173088e-5,2.0414618215221822e-4,0.025887367820775487,8.342045495208121e-4,0.2728929344933022,1.8297861170266352,1.915220519881787,1,0.1,1.5
1997,114,9.091815117761276e-5,2.0483574902777709e-4,0.02616766280775387,8.368603710522816e-4,0.2757407458264912,2.0935717146952366,2.190961265708278,1,0.1,1.5
1997,113,9.13426677909883e-5,2.0593048449259863e-4,0.026506452316682624,8.41167298862648e-4,0.2792013988216507,2.3607564378188495,2.470162664529929,1,0.1,1.5
1997,112,9.200910956291632e-5,2.0728903185156128e-4,0.026887211900361196,8.465466501400567e-4,0.2830998723019322,2.6317627865473523,2.753262536831861,1,0.1,1.5
1997,111,9.284534809936176e-5,2.0840101776926944e-4,0.027244365856371654,8.509137067680693e-4,0.28674547573682885,2.9063523521874943,3.04000801256869,1,0.1,1.5
1997,110,9.357403999398109e-5,0.00021003256740120019,0.027678671306916203,8.573962739545597e-4,0.29119793963585416,3.1853017736239977,3.3312059522045443,1,0.1,1.5
1997,109,9.461904786567915e-5,2.1360661070806745e-4,0.028382664612584964,8.717991593138429e-4,0.2984800653026576,3.471327565222172,3.629686017507202,1,0.1,1.5
1997,108,9.680993256055058e-5,2.1921540600021222e-4,0.029378184494131633,8.944914225389608e-4,0.3088169878497725,3.7673661041785307,3.9385030053569743,1,0.1,1.5
1997,107,1.002973031437515e-4,2.2692658742508288e-4,0.030685434215704768,9.257405603456927e-4,0.3224153380478566,4.076556577078592,4.260918343404831,1,0.1,1.5
1997,106,1.052787964286831e-4,2.3674952264345788e-4,0.03231858850983319,9.655751600555869e-4,0.33941749704698926,4.402180143267644,4.60033584045182,1,0.1,1.5
1997,105,1.1200539294907983e-4,2.486037793238756e-4,0.03428147041208376,0.001013656377996637,0.35985621757599434,4.747555555443687,4.960192058027815,1,0.1,1.5
1997,104,1.2078554187489775e-4,2.622835772945006e-4,0.03656230154350608,0.0010691333501020555,0.38359970847547553,5.1158819303462755,5.343791766503291,1,0.1,1.5
1997,103,1.3198617346202014e-4,2.7741652501542377e-4,0.039127062762652175,0.0011304757583273956,0.4102824373493753,5.51001471400526,5.7540742038526655,1,0.1,1.5
1997,102,1.4602202388434211e-4,2.9343995560367854e-4,0.04191448445853466,0.0011953787394677227,0.43925343129255934,5.932191306162567,6.193327635145225,1,0.1,1.5
1997,101,1.6334010276924227e-4,3.095702138384525e-4,0.04482901298724174,0.0012606397779496438,0.46950386509764297,6.383686031575214,6.662831500242868,1,0.1,1.5
1997,100,1.8435643015790414e-4,3.2488583996506307e-4,0.04774923440117063,0.00132250006826343,0.4997569648161778,6.864550138273343,7.162588465059046,1,0.1,1.5
1997,99,2.0946298636496464e-4,3.3825188550750095e-4,0.05051256567493824,0.0013763392760232735,0.5283098072528427,7.373197955868711,7.690898272311888,1,0.1,1.5
1997,98,2.386986777674896e-4,3.4917987986688353e-4,0.05304102009142766,0.0014201763335082041,0.5543493655006219,7.907259088033501,8.24524763781251,1,0.1,1.5
1997,97,2.735450781808852e-4,3.566480517877321e-4,0.05516440367338163,0.0014498688197749254,0.576105292348218,8.462651968670649,8.821352930160728,1,0.1,1.5
1997,96,3.15752856364506e-4,3.5896110867445695e-4,0.05658647268523175,0.0014585507627555409,0.5905012793112414,9.032316808513954,9.411854209471969,1,0.1,1.5
1997,95,3.6499349100483974e-4,3.5623664904617754e-4,0.0572728797486366,0.0014467376190043049,0.597202173242321,9.608851301484785,10.00905638271429,1,0.1,1.5
1997,94,4.1905823642545445e-4,3.52807464783059e-4,0.05788241827817118,0.001432052150360946,0.6030895174494585,10.191482931071945,10.612145900163748,1,0.1,1.5
1997,93,4.8244847594487646e-4,3.4906698835949904e-4,0.05847521897728109,0.0014160948307384586,0.608794418127109,10.780047423045648,11.220940318290857,1,0.1,1.5
1997,92,6.029918506527495e-4,3.4503504469128636e-4,0.059050368409634374,0.0013989475448342532,0.6143409940365621,11.374403452156008,11.83528131232742,1,0.1,1.5
1997,91,7.907735232346679e-4,3.407219561180684e-4,0.05960801298771241,0.0013806535102683327,0.6197381533623897,11.974417983943136,12.455019465689809,1,0.1,1.5
1997,90,0.0010414617850304983,3.361333121992534e-4,0.06014847067514351,0.0013612367175490298,0.6249865865522437,12.57995833167325,13.080006052242052,1,0.1,1.5
1997,89,0.0013484144448885575,3.312759193146473e-4,0.060672416930430934,0.001340726070512366,0.6300891010394628,13.190894203133965,13.710095153281515,1,0.1,1.5
1997,88,0.0017028060738419133,3.261575288709719e-4,0.061180856093715645,0.001319154267829361,0.635050401244085,13.807099543409059,14.3451455545256,1,0.1,1.5
1997,87,0.0020938867977229147,3.2076881216539286e-4,0.06167161594731827,0.0012964849567779885,0.6398409857949088,14.428419315535711,14.984986540320508,1,0.1,1.5
1997,86,0.0025291127635232425,3.1510457744693724e-4,0.062141731293926424,0.0012726986928549265,0.6444358437873432,15.054673749425127,15.629422384107851,1,0.1,1.5
1997,85,0.003022913070043806,3.091793705888587e-4,0.06259146848926078,0.0012478558309245457,0.6488482658488762,15.685695503403654,16.278270649956728,1,0.1,1.5
1997,84,0.003572266014939471,3.0300131689061055e-4,0.06302104135489424,0.0012219907211876231,0.653078947697155,16.32131744079813,16.93134959765388,1,0.1,1.5
1997,83,0.004172172715696933,2.9657959695216483e-4,0.063430999175205,0.0011951419389744837,0.6571306924697669,16.96137467699683,17.58848029012365,1,0.1,1.5
1997,82,0.004815657340267675,2.8992430395266376e-4,0.0638222335657432,0.0011673516888884166,0.6610084696222095,17.60570669392063,18.24948875974586,1,0.1,1.5
1997,81,0.0054937872513675535,2.830462144773371e-4,0.06419596605454354,0.0011386648615850374,0.66471928840424,18.254159341445085,18.914208048150098,1,0.1,1.5
1997,80,0.0061734616341954885,2.759478153868785e-4,0.0645531233759552,0.0011090929633513899,0.6682505381936186,18.90656569444797,19.582458586343716,1,0.1,1.5
1997,79,0.006844604556394974,2.6864252716052425e-4,0.06489556204773209,0.0010786914614037372,0.6716149934732427,19.56277080990116,20.254073579816957,1,0.1,1.5
1997,78,0.00751361466098227,2.6115035264855053e-4,0.0652259113050576,0.001047542081027541,0.6748445798895383,20.222650502918874,20.928918159706495,1,0.1,1.5
1997,77,0.008166211697511217,2.534829343144617e-4,0.06554649790779307,0.001015692768001992,0.6779538462384922,20.886094452471625,21.606872005944986,1,0.1,1.5
1997,76,0.008787170376952902,2.4565124252647253e-4,0.06585977173206271,9.831886322252902e-4,0.6809578952194598,21.553006795802155,22.287829901164447,1,0.1,1.5
1997,75,0.009360877582253783,2.3764497697931726e-4,0.0661623823733996,9.499896544251018e-4,0.6838121393361263,22.22324765436078,22.971642040500573,1,0.1,1.5
1997,74,0.00990134123530219,2.2946149685729611e-4,0.06645036531152464,9.160867666996812e-4,0.6864861160506829,22.896646816601468,23.658128156551257,1,0.1,1.5
1997,73,0.010430239219584653,2.2111919089801588e-4,0.06672511945511721,8.815549400047712e-4,0.6890095212732767,23.57306269587468,24.347137677824534,1,0.1,1.5
1997,72,0.01094333046363602,2.126266791900666e-4,0.06698721792272162,8.464299632950983e-4,0.6913858562800423,24.25235669553622,25.038523534104577,1,0.1,1.5
1997,71,0.011436329974013604,2.0399250329287424e-4,0.06723726369368069,8.10747249497868e-4,0.6936188855166666,24.934393477488634,25.732142419621244,1,0.1,1.5
1997,70,0.01190494062748788,1.9522508516667053e-4,0.06747588301901973,7.74541669230949e-4,0.6957125891158694,25.61904118561549,26.427855008737115,1,0.1,1.5
1997,69,0.012344886190564777,1.8633268906197476e-4,0.067703718108356,7.378473972156111e-4,0.697671109204303,26.306171617716714,27.12552611794142,1,0.1,1.5
1997,68,0.012751945479591274,1.773233879903681e-4,0.06792141943565878,7.006977778665007e-4,0.6994986934781214,26.9956603429396,27.825024811419542,1,0.1,1.5
1997,67,0.013121987590356252,1.6820503523889404e-4,0.06812963770113042,6.631252118958944e-4,0.7011996364033959,27.687386762030197,28.526224447822937,1,0.1,1.5
1997,66,0.01345100817199879,1.5898524301182198e-4,0.068329016235673945,6.251610721265037e-4,0.7027782260271401,28.381234115598385,29.229002673850076,1,0.1,1.5
1997,65,0.013735163050711197,1.4967135620743257e-4,0.0685201786116149,5.868356014038152e-4,0.7042386407797042,29.07708939064375,29.93324131462978,1,0.1,1.5
1997,64,0.01397082421089456,1.4026964496657878e-4,0.06870330749622738,5.4817476514392e-4,0.7055807222926872,29.77483904486295,30.638822036922466,1,0.1,1.5
1997,63,0.014156619385626764,1.3078598485773957e-4,0.06887818739651422,5.092029728223913e-4,0.7068018082539811,30.474366524933757,31.345623845176448,1,0.1,1.5
1997,62,0.014293555797178744,1.2122711448060902e-4,0.06904482873310078,4.6994798893131495e-4,0.7079031383729517,31.17555612060769,32.053526983549396,1,0.1,1.5
1997,61,0.014381997663121843,1.1159953391307532e-4,0.06920316095742704,4.304366126481468e-4,0.7088846978218845,31.878291723963176,32.76241168137128,1,0.1,1.5
1997,60,0.014422593205688047,1.0190974618508626e-4,0.06935307193446619,3.906956287483452e-4,0.7097462450686144,32.58245660290681,33.4721579264399,1,0.1,1.5
1997,59,0.014416253186073598,9.216427517154883e-5,0.0694944107068949,3.5075188021053364e-4,0.7104873264239115,33.28793318818485,34.18264525286381,1,0.1,1.5
1997,58,0.014364130186678955,8.236968468397356e-5,0.06962699252997831,3.106323447665642e-4,0.7111073138629788,33.9946028971226,34.89375256672679,1,0.1,1.5
1997,57,0.014267588057521598,7.253259573293923e-5,0.06975060648079427,2.7036420317554663e-4,0.7116054618966039,34.70234601325955,35.60535802862339,1,0.1,1.5
1997,56,0.014128158199904888,6.265907904209574e-5,0.06986426376967653,2.2997263439384448e-4,0.7119733239689396,35.41103401388001,36.31733135259233,1,0.1,1.5
1997,55,0.013951118016842803,5.276008150584489e-5,0.06997305676623047,1.8950037729254052e-4,0.7122660620689613,36.120592927701935,37.029597414661296,1,0.1,1.5
1997,54,0.013713438286392123,4.304799730944005e-5,0.07046928964956223,1.4967183708319452e-4,0.7164038377608332,36.834858596361585,37.74600125242213,1,0.1,1.5
1997,53,0.011543807283382081,3.289169378728742e-5,0.07041803404584715,1.0829752615673822e-4,0.7137522364351239,37.54706372528018,38.45975348885726,1,0.1,1.5
1997,52,0.23087614566764164,3.898704950119936e-5,1.2579740742229428,9.486939291030155e-5,12.73540332021111,50.28111176844971,51.19515680906837,20,0.1,1.5
1997,51,0.23087614566764164,4.98945343336919e-56,1.0654177899395731,0,10.808095329840825,61.08920709829053,62.0032521389092,20,0.1,1.5
1997,50,0.23087614566764164,5.409732407192056e-86,1.1811404617966978,0,11.965322048412073,73.0545291467026,73.96857418732127,20,0.1,1.5
1997,49,0.23087614566764164,7.758434509465711e-120,1.3020488342725502,0,13.174405773170596,86.2289349198732,87.14297996049186,20,0.1,1.5
1997,48,0.23087614566764164,4.0336267244207485e-142,1.388302975927473,0,14.036947189719823,100.26588210959302,101.17992715021168,20,0.1,1.5
1997,47,0.23087614566764164,3.5675475847651614e-144,1.392186756997234,0,14.075785000417433,114.34166711001045,115.25571215062911,20,0.1,1.5
1997,46,0.23087614566764164,3.567547584765207e-184,1.3894050270516596,0,14.04796770096169,128.38963481097213,129.3036798515908,20,0.1,1.5
1997,45,0.23087614566764164,3.567547584765253e-224,1.3866288552838586,0,14.02020598328368,142.4098407942558,143.3238858348745,20,0.1,1.5
1997,44,0.23087614566764164,3.5675475847652988e-264,1.3838582305880307,0,13.992499736325401,156.4023405305812,157.3163855711999,20,0.1,1.5
1997,43,0.23087614566764164,3.5675475847653425e-304,1.381093141880564,0,13.964848849250735,170.36718937983193,171.28123442045063,20,0.1,1.5
1997,42,0.23087614566764164,0,1.3783335780999955,0,13.937253211445048,184.30444259127697,185.21848763189567,20,0.1,1.5
1997,41,0.23087614566764164,0,1.3755795282069623,0,13.909712712514716,198.21415530379167,199.12820034441037,20,0.1,1.5
1997,40,0.23087614566764164,0,1.372830981184158,0,13.882227242286673,212.09638254607833,213.01042758669703,20,0.1,1.5
1997,39,0.23087614566764164,0,1.3700879260362921,0,13.854796690808016,225.95117923688633,226.86522427750504,20,0.1,1.5
1997,38,0.23087614566764164,0,1.3673503517900425,0,13.82742094834552,239.77860018523185,240.69264522585055,20,0.1,1.5
1997,37,0.23087614566764164,0,1.364618247494014,0,13.800099905385235,253.57870009061708,254.49274513123578,20,0.1,1.5
1997,36,0.23087614566764164,0,1.3618916022186922,0,13.772833452632016,267.3515335432491,268.2655785838678,20,0.1,1.5
1997,35,0.23087614566764164,0,1.3591704050564026,0,13.74562148100912,281.09715502425826,282.0112000648769,20,0.1,1.5
1997,34,0.23087614566764164,0,1.3564546451212647,0,13.71846388165774,294.81561890591604,295.72966394653463,20,0.1,1.5
1997,33,0.23087614566764164,0,1.3537443115491468,0,13.691360545936561,308.5069794518526,309.4210244924712,20,0.1,1.5
1997,32,0.23087614566764164,0,1.351039393497627,0,13.664311365421364,322.171290817274,323.0853358578926,20,0.1,1.5
1997,31,0.23087614566764164,0,1.3483398801459487,0,13.637316231904581,335.8086070491786,336.7226520897972,20,0.1,1.5
1997,30,0.23087614566764164,0,1.3456457606949745,0,13.610375037394839,349.41898208657346,350.333027127192,20,0.1,1.5
1997,29,0.23087614566764164,0,1.3429570243671463,0,13.583487674116556,363.00246976069,363.91651480130855,20,0.1,1.5
1997,28,0.23087614566764164,0,1.340273660406438,0,13.556654034509474,376.5591237951995,377.473168835818,20,0.1,1.5
1997,27,0.23087614566764164,0,1.3375956580783175,0,13.52987401122827,390.0889978064278,391.0030428470463,20,0.1,1.5
1997,26,0.23087614566764164,0,1.3349230066697002,0,13.503147497142097,403.5921453035699,404.5061903441884,20,0.1,1.5
1997,25,0.23087614566764164,0,1.3322556954889075,0,13.47647438533417,417.0686196889041,417.9826647295225,20,0.1,1.5
1997,24,0.23087614566764164,0,1.3295937138656244,0,13.449854569101339,430.5184742580055,431.43251929862384,20,0.1,1.5
1997,23,0.23087614566764164,0,1.3269370511508567,0,13.42328794195366,443.94176219995916,444.8558072405775,20,0.1,1.5
1997,22,0.23087614566764164,0,1.324285696716887,0,13.396774397613964,457.3385365975731,458.2525816381915,20,0.1,1.5
1997,21,0.23087614566764164,0,1.3216396399572332,0,13.370313830017427,470.70885042759056,471.6228954682089,20,0.1,1.5
1997,20,0.23087614566764164,0,1.318998870286606,0,13.343906133311155,484.05275656090174,484.9668016015201,20,0.1,1.5
1997,19,0.23087614566764164,0,1.316363377140867,0,13.317551201853764,497.37030776275554,498.28435280337385,20,0.1,1.5
1997,18,0.23087614566764164,0,1.3137331499769853,0,13.291248930214946,510.6615566929705,511.57560173358877,20,0.1,1.5
1997,17,0.23087614566764164,0,1.3111081782729965,0,13.26499921317506,523.9265559061455,524.8406009467639,20,0.1,1.5
1997,16,0.23087614566764164,0,1.3084884515279611,0,13.238801945724704,537.1653578518701,538.0794028924886,20,0.1,1.5
1997,15,0.23087614566764164,0,1.3058739592619204,0,13.212657023064297,550.3780148749344,551.2920599155528,20,0.1,1.5
1997,14,0.23087614566764164,0,1.303264691015856,0,13.186564340603654,563.564579215538,564.4786242561565,20,0.1,1.5
1997,13,0.23087614566764164,0,1.3006606363516477,0,13.160523793961572,576.7251030094994,577.6391480501181,20,0.1,1.5
1997,12,0.23087614566764164,0,1.2980617848520306,0,13.1345352789654,589.8596382884648,590.7736833290835,20,0.1,1.5
1997,11,0.23087614566764164,0,1.2954681261205563,0,13.108598691650657,602.9682369801154,603.8822820207341,20,0.1,1.5
1997,10,0.23087614566764164,0,1.2928796497815485,0,13.082713928260578,616.050950908376,616.9649959489947,20,0.1,1.5
1997,9,0.23087614566764164,0,1.2902963454800631,0,13.056880885245725,629.1078317936217,630.0218768342404,20,0.1,1.5
1997,8,0.23087614566764164,0,1.2877182028818468,0,13.031099459263562,642.1389312528852,643.052976293504,20,0.1,1.5
1997,7,0.23087614566764164,0,1.2851452116732938,0,13.00536954717803,655.1443008000632,656.058345840682,20,0.1,1.5
1997,6,0.23087614566764164,0,1.282577361561406,0,12.979691046059154,668.1239918461223,669.0380368867412,20,0.1,1.5
1997,5,0.23087614566764164,0,1.2800146422737533,0,12.954063853182626,681.0780556993049,681.9921007399239,20,0.1,1.5
1997,4,0.23087614566764164,0,1.2774570435584294,0,12.928487866029387,694.0065435653343,694.9205886059533,20,0.1,1.5
1997,3,0.23087614566764164,0,1.274904555184013,0,12.902962982285224,706.9095065476195,707.8235515882385,20,0.1,1.5
1997,2,0.011543807283382081,0,5.417245395000707e-4,0,0.013113116917255429,706.9226196645368,707.8366647051557,1,0.1,1.5
1997,1,150,0,1.2871387102148608,0,112.8713871021486,819.7940067666854,820.7080518073043,99999,0.1,1.5
1998,123,1.11579602478561e-4,0.02822786154851753,0.02822786154851753,0,0.564631617372003,0,0,1,0.1,1.5
1998,122,1.0752209555897999e-4,2.739793707902062e-4,0.027395197285312704,9.504813773039705e-4,0.2903417533481251,0.2767634479580684,0.2903417533481251,1,0.1,1.5
1998,121,1.0328346784523969e-4,2.2693975907449592e-4,0.026808707291982297,9.217019053680581e-4,0.28359249623248467,0.5471887741138666,0.5739342495806098,1,0.1,1.5
1998,120,9.932212979683068e-5,2.2066624342228066e-4,0.026357688517070862,8.993574310371356e-4,0.2786977256586598,0.8130385364719959,0.8526319752392696,1,0.1,1.5
1998,119,9.62260267864903e-5,2.1644297465618897e-4,0.026044288243700506,8.820398811294001e-4,0.27527203259851124,1.0757099993400872,1.1279040078377809,1,0.1,1.5
1998,118,9.390931573591983e-5,2.1342259085632863e-4,0.025868083944611344,8.695636417740091e-4,0.273300009304796,1.3365876709052544,1.4012040171425768,1,0.1,1.5
1998,117,9.22954497642281e-5,2.1151612089102703e-4,0.025824256717376756,8.616284072089249e-4,0.27272823592836243,1.5970069295877751,1.6739322530709393,1,0.1,1.5
1998,116,9.130967607481812e-5,2.1062416052650045e-4,0.02590449482872521,8.578270984502674e-4,0.27346673584490416,1.8582189925976755,1.9473989889158434,1,0.1,1.5
1998,115,9.087992059173088e-5,2.105925992017252e-4,0.026093330221373612,8.575290067948112e-4,0.2753502292022642,2.1213188074171567,2.2227492181181074,1,0.1,1.5
1998,114,9.091815117761276e-5,2.1126345025334817e-4,0.026374261134236163,8.600881680805954e-4,0.27820283177540295,2.387234665362837,2.5009520498935105,1,0.1,1.5
1998,113,9.13426677909883e-5,2.12351129560588e-4,0.02671409349616662,8.643398637323917e-4,0.2816730537081668,2.65656000673197,2.7826251036016774,1,0.1,1.5
1998,112,9.200910956291632e-5,2.137095528535298e-4,0.027096159841706175,8.696881203219398e-4,0.28558414935657145,2.929720040083942,3.068209252958249,1,0.1,1.5
1998,111,9.284534809936176e-5,2.1481243686971002e-4,0.027454369846478033,8.739908050586355e-4,0.2892393026616194,3.206473759816152,3.3574485556198685,1,0.1,1.5
1998,110,9.357403999398109e-5,2.1644939416265194e-4,0.027890252508274153,8.804602067266119e-4,0.29370740467093465,3.4876031615338494,3.651155960290803,1,0.1,1.5
1998,109,9.461904786567915e-5,2.200858559355414e-4,0.028597776135952168,8.950531870329989e-4,0.3010281733845923,3.77584486081797,3.952184133675395,1,0.1,1.5
1998,108,9.680993256055058e-5,2.2581500969474233e-4,0.02959886953131696,9.18140769765614e-4,0.31142768207609467,4.0741562461831275,4.2636118157514895,1,0.1,1.5
1998,107,1.002973031437515e-4,2.33704405960674e-4,0.03091380081236962,9.499885917030485e-4,0.32511318264782324,4.385698163235193,4.588724998399313,1,0.1,1.5
1998,106,1.052787964286831e-4,2.437612852403313e-4,0.0325567504409961,9.906158512197729e-4,0.3422269581440755,4.713773466361843,4.930951956543388,1,0.1,1.5
1998,105,1.1200539294907983e-4,2.55900132292398e-4,0.03453145635954171,0.0010396635473532952,0.36280057157106843,5.06172170154215,5.293752528114457,1,0.1,1.5
1998,104,1.2078554187489775e-4,2.699061732984589e-4,0.03682592865087724,0.0010962465557500787,0.38669953701848425,5.4327605734784905,5.680452065132941,1,0.1,1.5
1998,103,1.3198617346202014e-4,2.8539310483200316e-4,0.03940576899595776,0.0011587827601002726,0.4135536512202096,5.829760185268697,6.09400571635315,1,0.1,1.5
1998,102,1.4602202388434211e-4,3.017790844229675e-4,0.04220913769495574,0.0012248969944891473,0.4427050443024121,6.2549667010784065,6.536710760655563,1,0.1,1.5
1998,101,1.6334010276924227e-4,3.182556466257955e-4,0.04513969003043043,0.0012912970131696054,0.47313545036054566,6.709655051250815,7.009846211016108,1,0.1,1.5
1998,100,1.8435643015790414e-4,3.3387387546550813e-4,0.048075084494796375,0.0013541259133424853,0.5035571438942834,7.193867539240205,7.513403354910391,1,0.1,1.5
1998,99,2.0946298636496464e-4,3.474673378608934e-4,0.05085159923737656,0.0014086525899034323,0.5322539161704763,7.70599784698349,8.045657271080868,1,0.1,1.5
1998,98,2.386986777674896e-4,3.585358821757199e-4,0.05339076007279557,0.0014528564085661464,0.5584071835525027,8.243649938985047,8.60406445463337,1,0.1,1.5
1998,97,2.735450781808852e-4,3.660336854616087e-4,0.055521354437958026,0.0014825137291311367,0.5802350121786665,8.802706183604698,9.184299466812037,1,0.1,1.5
1998,96,3.15752856364506e-4,3.682273017756298e-4,0.05694545172865211,0.0014906312917308422,0.5946420249475325,9.376053475813219,9.77894149175957,1,0.1,1.5
1998,95,3.6499349100483974e-4,3.65246771241538e-4,0.057628836865412814,0.0014777755896093448,0.6012952452121088,9.956237641173765,10.380236736971678,1,0.1,1.5
1998,94,4.1905823642545445e-4,3.615411122380671e-4,0.0582346430739336,0.0014619754715385282,0.6071265778984555,10.5424788551931,10.987363314870134,1,0.1,1.5
1998,93,4.8244847594487646e-4,3.5751437756820963e-4,0.058823395163067976,0.0014448685764319258,0.6127717073869716,11.134609582916758,11.600135022257106,1,0.1,1.5
1998,92,6.029918506527495e-4,3.5318723665547617e-4,0.059394200259001974,0.0014265399960299314,0.618255012324104,11.732485452440434,12.21839003458121,1,0.1,1.5
1998,91,7.907735232346679e-4,3.4857059712826386e-4,0.05994721556398072,0.0014070352442307906,0.6235855474489241,12.335970496400348,12.841975582030134,1,0.1,1.5
1998,90,0.0010414617850304983,3.4367051250924996e-4,0.06048276500746326,0.0013863801866517839,0.6287640942942946,12.94492915945676,13.47073967632443,1,0.1,1.5
1998,89,0.0013484144448885575,3.3849427682123797e-4,0.061001531206365985,0.0013646056758276337,0.6337935645926688,13.559228357251891,14.104533240917098,1,0.1,1.5
1998,88,0.0017028060738419133,3.3305014224605e-4,0.06150452657506361,0.0013417463933043635,0.6386787768409583,14.178739328474217,14.743212017758056,1,0.1,1.5
1998,87,0.0020938867977229147,3.2732892731615105e-4,0.061989570024918034,0.001317766815956991,0.6433901542821141,14.803304242528373,15.38660217204017,1,0.1,1.5
1998,86,0.0025291127635232425,3.2132571898820097e-4,0.062453691794010766,0.0012926488020347342,0.6479026617633109,15.432740492834045,16.03450483380348,1,0.1,1.5
1998,85,0.003022913070043806,3.1505575143702503e-4,0.062897173300143,0.0012664553419079704,0.6522297850659431,16.066878058729873,16.686734618869423,1,0.1,1.5
1998,84,0.003572266014939471,3.085276934658119e-4,0.06332023693105565,0.0012392229355229216,0.6563723417150255,16.705547215651716,17.34310696058445,1,0.1,1.5
1998,83,0.004172172715696933,3.0175128071314257e-4,0.0637234415600311,0.001210992332908177,0.6603332673546903,17.348580592536287,18.00344022793914,1,0.1,1.5
1998,82,0.004815657340267675,2.947371652616308e-4,0.06410768926460873,0.001181807908587549,0.6641176726482279,17.995815295061835,18.66755790058737,1,0.1,1.5
1998,81,0.0054937872513675535,2.874966775410327e-4,0.06447421267333435,0.0011517166851292096,0.6677327138448447,18.647094913404832,19.335290614432214,1,0.1,1.5
1998,80,0.0061734616341954885,2.8003271899171625e-4,0.06482394130445546,0.0011207318786423117,0.6711658367331111,19.302250294728765,20.006456451165324,1,0.1,1.5
1998,79,0.006844604556394974,2.7235929062253956e-4,0.06515874535687824,0.001088911142880805,0.6744299896489968,19.961124410908038,20.68088644081432,1,0.1,1.5
1998,78,0.00751361466098227,2.6449702378337077e-4,0.06548127423418398,0.0010563384540762633,0.6775573383642749,20.623591199928367,21.358443779178593,1,0.1,1.5
1998,77,0.008166211697511217,2.564580213436426e-4,0.06579386645000279,0.0010230634655438936,0.6805625782100511,21.289538585773506,22.039006357388644,1,0.1,1.5
1998,76,0.008787170376952902,2.482536704815873e-4,0.06609898291294583,9.891328213014886e-4,0.683460948294645,21.958869065192417,22.72246730568329,1,0.1,1.5
1998,75,0.009360877582253783,2.3987386337606862e-4,0.06639326354876854,9.545075245331169e-4,0.6862077809553264,22.631441024368698,23.408675086638613,1,0.1,1.5
1998,74,0.00990134123530219,2.3131630664349325e-4,0.0666727419666684,9.191800287087358e-4,0.6887726201572547,23.307082501258684,24.09744770679587,1,0.1,1.5
1998,73,0.010430239219584653,2.2259992691017297e-4,0.06693883567817288,8.832271956394659e-4,0.6911853802301651,23.985650350122572,24.788633087026035,1,0.1,1.5
1998,72,0.01094333046363602,2.1373375761567524e-4,0.06719212669175312,8.46686377901197e-4,0.6934496778204147,24.667004508258685,25.48208276484645,1,0.1,1.5
1998,71,0.011436329974013604,2.0472673740739574e-4,0.06743322677968579,8.095944832045322e-4,0.695569390627958,25.351008263412293,26.17765215547441,1,0.1,1.5
1998,70,0.01190494062748788,1.9558766815940394e-4,0.06766277084802558,7.719878051998365e-4,0.6975486094639821,26.037528475659133,26.87520076493839,1,0.1,1.5
1998,69,0.012344886190564777,1.8632517619452253e-4,0.06788140958584907,7.339018679507568e-4,0.6993915841467755,26.72643574740661,27.574592349085165,1,0.1,1.5
1998,68,0.012751945479591274,1.7694767834652885e-4,0.06808980173818185,6.953712905913064e-4,0.7011026667315539,27.41760453855829,28.27569501581672,1,0.1,1.5
1998,67,0.013121987590356252,1.6746335332636254e-4,0.06828860604033428,6.564296740006323e-4,0.7026862524349482,28.1109132242218,28.978381268251667,1,0.1,1.5
1998,66,0.01345100817199879,1.5788012046174415e-4,0.06847847360208201,6.171095175818747e-4,0.7041467262579396,28.806244100228568,29.682527994509606,1,0.1,1.5
1998,65,0.013735163050711197,1.4820561391302813e-4,0.0686600354941047,5.774421196937021e-4,0.7054883595857995,29.503483286675888,30.388016354095406,1,0.1,1.5
1998,64,0.01397082421089456,1.384463877356458e-4,0.06883348085676373,5.374545006051991e-4,0.706711076689474,30.202516441928143,31.09472743078488,1,0.1,1.5
1998,63,0.014156619385626764,1.2860860305417523e-4,0.06899860032098015,4.971721395696266e-4,0.7078122946341366,30.90322627742557,31.802539725419017,1,0.1,1.5
1998,62,0.014293555797178744,1.1869926837763482e-4,0.06915541124746029,4.566237857348578e-4,0.7087933392955679,31.60549641978207,32.511333064714584,1,0.1,1.5
1998,61,0.014381997663121843,1.0872514850116746e-4,0.06930384979449333,4.158372056317118e-4,0.7096542793810506,32.30921016765409,33.22098734409563,1,0.1,1.5
1998,60,0.014422593205688047,9.869300464893716e-5,0.06944381053445982,3.7484012341709987e-4,0.7103949564341714,33.014250265182305,33.931382300529805,1,0.1,1.5
1998,59,0.014416253186073598,8.86096128043489e-5,0.06957514923587685,3.3366029505408484e-4,0.7110149995878242,33.720498689126494,34.64239730011763,1,0.1,1.5
1998,58,0.014364130186678955,7.848178303848079e-5,0.06969768791691695,2.92325585554077e-4,0.7115138635843034,34.42783647291717,35.35391116370193,1,0.1,1.5
1998,57,0.014267588057521598,6.831637675121605e-5,0.06981122247094008,2.5086403688347495e-4,0.7118908858040722,35.13614358676576,36.065802049506004,1,0.1,1.5
1998,56,0.014128158199904888,5.8119749388882075e-5,0.06991477050189802,2.093018900374997e-4,0.7121377016466747,35.8452912614119,36.77793975115268,1,0.1,1.5
1998,55,0.013951118016842803,4.790269513819358e-5,0.07001343455487699,1.6768097868475815e-4,0.712309560397353,36.55520537925661,37.49024931155003,1,0.1,1.5
1998,54,0.013713438286392123,3.784843924389303e-5,0.07049966067986807,1.265968458089295e-4,0.7163259097507467,37.269722762638665,38.206575221300774,1,0.1,1.5
1998,53,0.011543807283382081,2.740329847705743e-5,0.07043806662398176,8.420348713010983e-5,0.7135534777058444,37.98207333338551,38.92012869900662,1,0.1,1.5
1998,52,0.23087614566764164,2.410721872258738e-5,1.2578719941637482,4.789246259011759e-5,12.733562622306803,50.7149517776553,51.65369132131342,20,0.1,1.5
1998,51,0.23087614566764164,4.9894534333691926e-58,1.065311248160579,0,10.807029912050885,61.52198168970618,62.4607212333643,20,0.1,1.5
1998,50,0.23087614566764164,5.409732407192059e-88,1.1810223477505182,0,11.964140907950275,73.48612259765645,74.42486214131458,20,0.1,1.5
1998,49,0.23087614566764164,7.758434509465716e-122,1.301918629389123,0,13.173103724336324,86.65922632199276,87.5979658656509,20,0.1,1.5
1998,48,0.23087614566764164,4.0336267244207504e-144,1.3881641456298803,0,14.035558886743898,100.69478520873666,101.6335247523948,20,0.1,1.5
1998,47,0.23087614566764164,3.567547584765163e-146,1.3920475383215343,0,14.074392813660436,114.7691780223971,115.70791756605524,20,0.1,1.5
1998,46,0.23087614566764164,3.5675475847652088e-186,1.3892660865489543,0,14.046578295934637,128.81575631833172,129.75449586198988,20,0.1,1.5
1998,45,0.23087614566764164,3.567547584765255e-226,1.3864901923983302,0,14.018819354428395,142.8345756727601,143.77331521641827,20,0.1,1.5
1998,44,0.23087614566764164,3.5675475847653004e-266,1.383719844764972,0,13.991115878094813,156.8256915508549,157.76443109451307,20,0.1,1.5
1998,43,0.23087614566764164,3.5675475847653443e-306,1.380955032566376,0,13.963467756108853,170.78915930696377,171.72789885062193,20,0.1,1.5
1998,42,0.23087614566764164,0,1.3781957447421855,0,13.935874877866949,184.72503418483072,185.66377372848888,20,0.1,1.5
1998,41,0.23087614566764164,0,1.3754419702541416,0,13.90833713298651,198.63337131781722,199.57211086147538,20,0.1,1.5
1998,40,0.23087614566764164,0,1.3726936980860396,0,13.88085441130549,212.5142257291227,213.45296527278086,20,0.1,1.5
1998,39,0.23087614566764164,0,1.3699509172436886,0,13.85342660288198,226.36765233200467,227.30639187566283,20,0.1,1.5
1998,38,0.23087614566764164,0,1.3672136167548634,0,13.826053597993727,240.1937059299984,241.13244547365656,20,0.1,1.5
1998,37,0.23087614566764164,0,1.3644817856692646,0,13.79873528713774,253.99244121713613,254.9311807607943,20,0.1,1.5
1998,36,0.23087614566764164,0,1.3617554130584704,0,13.771471561029797,267.76391277816595,268.7026523218241,20,0.1,1.5
1998,35,0.23087614566764164,0,1.359034488015897,0,13.744262310604064,281.50817508877003,282.44691463242816,20,0.1,1.5
1998,34,0.23087614566764164,0,1.3563189996567526,0,13.71710742701262,295.2252825157827,296.16402205944075,20,0.1,1.5
1998,33,0.23087614566764164,0,1.3536089371179918,0,13.690006801625012,308.9152893174077,309.8540288610658,20,0.1,1.5
1998,32,0.23087614566764164,0,1.3509042895582772,0,13.662960326027866,322.5782496434356,323.51698918709366,20,0.1,1.5
1998,31,0.23087614566764164,0,1.3482050461579342,0,13.635967892024436,336.21421753546,337.1529570791181,20,0.1,1.5
1998,30,0.23087614566764164,0,1.345511196118905,0,13.609029391634143,349.8232469270942,350.7619864707522,20,0.1,1.5
1998,29,0.23087614566764164,0,1.3428227286647096,0,13.58214471709219,363.4053916441864,364.3441311878444,20,0.1,1.5
1998,28,0.23087614566764164,0,1.3401396330403974,0,13.555313760849067,376.9607054050355,377.8994449486935,20,0.1,1.5
1998,27,0.23087614566764164,0,1.3374618985125097,0,13.52853641557019,390.48924182060574,391.4279813642637,20,0.1,1.5
1998,26,0.23087614566764164,0,1.3347895143690331,0,13.501812574135425,403.9910543947412,404.92979393839914,20,0.1,1.5
1998,25,0.23087614566764164,0,1.3321224699193586,0,13.47514212963868,417.4661965243799,418.40493606803784,20,0.1,1.5
1998,24,0.23087614566764164,0,1.3294607544942378,0,13.448524975387473,430.9147214997674,431.85346104342534,20,0.1,1.5
1998,23,0.23087614566764164,0,1.3268043574457415,0,13.42196100490251,444.3366825046699,445.27542204832787,20,0.1,1.5
1998,22,0.23087614566764164,0,1.3241532681472152,0,13.395450111917246,457.7321326165872,458.6708721602451,20,0.1,1.5
1998,21,0.23087614566764164,0,1.3215074759932375,0,13.368992190377469,471.10112480696466,472.03986435062257,20,0.1,1.5
1998,20,0.23087614566764164,0,1.3188669703995775,0,13.342587134440869,484.4437119414056,485.3824514850634,20,0.1,1.5
1998,19,0.23087614566764164,0,1.3162317408031527,0,13.316234838476621,497.7599467798822,498.6986863235401,20,0.1,1.5
1998,18,0.23087614566764164,0,1.3136017766619876,0,13.28993519706497,511.04988197694723,511.988621520605,20,0.1,1.5
1998,17,0.23087614566764164,0,1.3109770674551693,0,13.263688104996787,524.313570081944,525.2523096256018,20,0.1,1.5
1998,16,0.23087614566764164,0,1.3083576026828083,0,13.237493457273176,537.5510635392171,538.489803082875,20,0.1,1.5
1998,15,0.23087614566764164,0,1.3057433718659943,0,13.211351149105036,550.7624146883221,551.70115423198,20,0.1,1.5
1998,14,0.23087614566764164,0,1.3031343645467546,0,13.18526107591264,563.9476757642348,564.8864153078927,20,0.1,1.5
1998,13,0.23087614566764164,0,1.3005305702880126,0,13.15922313332522,577.10689889756,578.0456384412179,20,0.1,1.5
1998,12,0.23087614566764164,0,1.2979319786735455,0,13.133237217180548,590.2401361147405,591.1788756583984,20,0.1,1.5
1998,11,0.23087614566764164,0,1.2953385793079442,0,13.107303223524536,603.347439338265,604.286178881923,20,0.1,1.5
1998,10,0.23087614566764164,0,1.2927503618165703,0,13.081421048610798,616.4288603868757,617.3675999305337,20,0.1,1.5
1998,9,0.23087614566764164,0,1.2901673158455151,0,13.055590588900245,629.484450975776,630.423190519434,20,0.1,1.5
1998,8,0.23087614566764164,0,1.2875894310615585,0,13.02981174106068,642.5142627168366,643.4530022604947,20,0.1,1.5
1998,7,0.23087614566764164,0,1.2850166971521264,0,13.004084401966358,655.5183471188029,656.457086662461,20,0.1,1.5
1998,6,0.23087614566764164,0,1.28244910382525,0,12.978408468697593,668.4967555875005,669.4354951311586,20,0.1,1.5
1998,5,0.23087614566764164,0,1.279886640809526,0,12.952783838540354,681.4495394260408,682.388278969699,20,0.1,1.5
1998,4,0.23087614566764164,0,1.2773292978540736,0,12.927210408985829,694.3767498350267,695.3154893786848,20,0.1,1.5
1998,3,0.23087614566764164,0,1.2747770647284946,0,12.90168807773004,707.2784379127567,708.2171774564148,20,0.1,1.5
1998,2,0.011543807283382081,0,5.416703670461208e-4,0,0.013112575192715928,707.2915504879494,708.2302900316075,1,0.1,1.5
1998,1,150,0,1.2870099963438393,0,112.87009996343839,820.1616504513878,821.1003899950459,99999,0.1,1.5
1999,124,1.1561821479923121e-4,0.028990485907088803,0.028990485907088803,0,0.5798867969516422,0,0,1,0.1,1.5
1999,123,1.11579602478561e-4,2.822786154851755e-4,0.028225038762362677,0.0010050483698083095,0.2995053940345353,0.2851475601801309,0.2995053940345353,1,0.1,1.5
1999,122,1.0752209555897999e-4,2.4036013803389468e-4,0.027630078109910163,9.749251762294209e-4,0.29270356639404305,0.5639236240566107,0.5922089604285783,1,0.1,1.5
1999,121,1.0328346784523969e-4,2.326948739327595e-4,0.027036451897595112,9.465596350788967e-4,0.28628260386163595,0.8366839474171195,0.8784915642902142,1,0.1,1.5
1999,120,9.932212979683068e-5,2.270460201935067e-4,0.026579892105978442,9.234538112015359e-4,0.28132779331779645,1.1048195434320367,1.1598193576080107,1,0.1,1.5
1999,119,9.62260267864903e-5,2.226744000289119e-4,0.02626219378515849,9.054913268993445e-4,0.27784842292067463,1.369732375968435,1.4376677805286853,1,0.1,1.5
1999,118,9.390931573591983e-5,2.1952513635206555e-4,0.026082888046660386,8.925052328113323e-4,0.2758368127950627,1.6328191140090502,1.713504593323748,1,0.1,1.5
1999,117,9.22954497642281e-5,2.175222630111415e-4,0.026037081393507248,8.841839847112066e-4,0.27523876664661534,1.895426680874077,1.9887433599703634,1,0.1,1.5
1999,116,9.130967607481812e-5,2.1656301621783184e-4,0.026116361153854906,8.801062619044047e-4,0.2759630614167449,2.1588167956921875,2.264706421387108,1,0.1,1.5
1999,115,9.087992059173088e-5,2.1648817769072005e-4,0.026305103140050176,8.796217359820708e-4,0.27784252459088066,2.424093295483324,2.542548945977989,1,0.1,1.5
1999,114,9.091815117761276e-5,2.1713467652268234e-4,0.02658664575014289,8.820650127659199e-4,0.2806993451212397,2.692191711850765,2.8232482910992287,1,0.1,1.5
1999,113,9.13426677909883e-5,2.182084772287038e-4,0.026927507052750103,8.862394453122763e-4,0.2841786139161098,2.9637097622624133,3.1074269050153385,1,0.1,1.5
1999,112,9.200910956291632e-5,2.1955912560902023e-4,0.02731087225580249,8.91532528113453e-4,0.2881018321935397,3.2390754154829033,3.395528737208878,1,0.1,1.5
1999,111,9.284534809936176e-5,2.2064582563335598e-4,0.027670122110758043,8.957478734874056e-4,0.29176597445532415,3.51804499174555,3.6872947116642023,1,0.1,1.5
1999,110,9.357403999398109e-5,2.222795456232795e-4,0.028107578534704976,9.021773750547746e-4,0.29624921171168006,3.8014059552421617,3.9835439233758825,1,0.1,1.5
1999,109,9.461904786567915e-5,2.2596415531760515e-4,0.02881867965509682,9.169204745909658e-4,0.3036083813921161,4.09191547271155,4.287152304767998,1,0.1,1.5
1999,108,9.680993256055058e-5,2.3179334253835092e-4,0.02982544483680523,9.403488885186814e-4,0.314070477298743,4.392552394460027,4.601222782066741,1,0.1,1.5
1999,107,1.002973031437515e-4,2.3983419198536887e-4,0.031148206580214145,9.727251933052361e-4,0.32784334678083243,4.706499667050784,4.929066128847573,1,0.1,1.5
1999,106,1.052787964286831e-4,2.500915756573465e-4,0.032801148728756946,0.001014058285781583,0.3450691358481656,5.037082255959213,5.2741352646957385,1,0.1,1.5
1999,105,1.1200539294907983e-4,2.624748881612478e-4,0.03478791910074408,0.0010639686060319557,0.3657781616657615,5.387660866110232,5.6399134263615,1,0.1,1.5
1999,104,1.2078554187489775e-4,2.767607006705043e-4,0.037096307696949674,0.0011215371565125114,0.3898331670495352,5.761472073781017,6.029746593411035,1,0.1,1.5
1999,103,1.3198617346202014e-4,2.9254962107338816e-4,0.039691524109083234,0.0011851315563890332,0.41685917888943186,6.161400801864891,6.446605772300467,1,0.1,1.5
1999,102,1.4602202388434211e-4,3.092420394665165e-4,0.04251114102980853,0.0012523093053604124,0.4461913116423935,6.589701980573564,6.8927970839428605,1,0.1,1.5
1999,101,1.6334010276924227e-4,3.260068097586593e-4,0.04545800031471979,0.0013196932281546313,0.47680172504883966,7.0476509452201945,7.3695988089917,1,0.1,1.5
1999,100,1.8435643015790414e-4,3.418702170902764e-4,0.04840880846468252,0.001383334576739695,0.5073916136293527,7.5352806363246945,7.876990422621053,1,0.1,1.5
1999,99,2.0946298636496464e-4,3.5563782085446704e-4,0.051198677224928685,0.0014383999818416459,0.5362313636179079,8.050963428773436,8.41322178623896,1,0.1,1.5
1999,98,2.386986777674896e-4,3.667994609632938e-4,0.05374863509892983,0.0014828336066319671,0.5624968152883758,8.592276906824212,8.975718601527337,1,0.1,1.5
1999,97,2.735450781808852e-4,3.7428876913740027e-4,0.055886430734797016,0.0015123397350591415,0.5843944117827858,9.15506646524901,9.560113013310122,1,0.1,1.5
1999,96,3.15752856364506e-4,3.763400959504669e-4,0.05731241500641196,0.0015198134995073158,0.5988096743494002,9.732164518176878,10.158922687659523,1,0.1,1.5
1999,95,3.6499349100483974e-4,3.730963651147516e-4,0.05799251787912861,0.0015058747162727986,0.6054119673831911,10.316063989613315,10.764334655042713,1,0.1,1.5
1999,94,4.1905823642545445e-4,3.691092790070127e-4,0.05859431347751084,0.001488924833120844,0.6111839544816646,10.90597758933611,11.375518609524377,1,0.1,1.5
1999,93,4.8244847594487646e-4,3.6479228788366354e-4,0.05917872996765965,0.0014706356400844077,0.6167659354453641,11.501734444208841,11.992284544969742,1,0.1,1.5
1999,92,6.029918506527495e-4,3.6016687137403763e-4,0.05974489583798356,0.0014510953914629934,0.6221825558244348,12.10318706586952,12.614467100794176,1,0.1,1.5
1999,91,7.907735232346679e-4,3.552445170289803e-4,0.06029297965348202,0.001430351923119636,0.6274430229556421,12.710196489923455,13.241910123749818,1,0.1,1.5
1999,90,0.0010414617850304983,3.5003175178803845e-4,0.060823311777625455,0.001408433037863678,0.6325482151203029,13.322624233074276,13.874458338870122,1,0.1,1.5
1999,89,0.0013484144448885575,3.445363617251208e-4,0.06133658247220226,0.0013853715844298693,0.6375011539372452,13.940334364376808,14.511959492807367,1,0.1,1.5
1999,88,0.0017028060738419133,3.3876709974855134e-4,0.0618338127207322,0.001361204261247746,0.6423067774147175,14.563195366630843,15.154266270222085,1,0.1,1.5
1999,87,0.0020938867977229147,3.3271499326240924e-4,0.06231281277190479,0.0013358965730961396,0.6469354389420034,15.19104656881433,15.801201709164088,1,0.1,1.5
1999,86,0.0025291127635232425,3.263754576985656e-4,0.06277060862534005,0.0013094318510978027,0.6513620853074655,15.8237024848204,16.452563794471555,1,0.1,1.5
1999,85,0.003022913070043806,3.1976439299136286e-4,0.06320749741828997,0.0012818756967056689,0.6556004034457806,16.46099037831324,17.108164197917336,1,0.1,1.5
1999,84,0.003572266014939471,3.128910108153885e-4,0.06362371064124328,0.0012532667917887399,0.6596513385084807,17.102737905510455,17.767815536425818,1,0.1,1.5
1999,83,0.004172172715696933,3.057655960341757e-4,0.06401981729910214,0.0012236480774462542,0.6635179642491551,17.74877518293895,18.431333500674974,1,0.1,1.5
1999,82,0.004815657340267675,2.983993487995035e-4,0.06439673047282916,0.0011930660987043065,0.6672055378531934,18.39893691938208,19.098539038528166,1,0.1,1.5
1999,81,0.0054937872513675535,2.908041380577127e-4,0.06475569442334932,0.0011615699958915674,0.6707213675324805,19.053064429830396,19.769260406060646,1,0.1,1.5
1999,80,0.0061734616341954885,2.829832968504951e-4,0.0650976418799856,0.0011291747698572452,0.6740529609986422,19.71098632268822,20.44331336705929,1,0.1,1.5
1999,79,0.006844604556394974,2.7495137862642666e-4,0.06542445726806274,0.0010959402082777218,0.6772134448608368,20.372543478859377,21.120526811920126,1,0.1,1.5
1999,78,0.00751361466098227,2.6672958375689954e-4,0.06573881072027964,0.0010619523924161997,0.6802352279441086,21.037607958340395,21.800762039864235,1,0.1,1.5
1999,77,0.008166211697511217,2.583304465994098e-4,0.06604305292974376,0.001027262619092001,0.6831331551678487,21.706065933235504,22.483895195032083,1,0.1,1.5
1999,76,0.008787170376952902,2.4976574203018805e-4,0.0663396562199799,9.919189985540505e-4,0.6859226046126512,22.37781826644024,23.169817799644733,1,0.1,1.5
1999,75,0.009360877582253783,2.410256197670399e-4,0.06662525110354695,9.558837609034228e-4,0.688558834586596,23.052721618728217,23.85837663423133,1,0.1,1.5
1999,74,0.00990134123530219,2.321081702436189e-4,0.06689586969964892,9.191510074762729e-4,0.691011401534026,23.73060229158401,24.549388035765357,1,0.1,1.5
1999,73,0.010430239219584653,2.230327981789682e-4,0.06715294859351494,8.817993359300275e-4,0.6933104401004244,24.411315598314005,25.242698475865783,1,0.1,1.5
1999,72,0.01094333046363602,2.1380893205145602e-4,0.06739707907355924,8.438676256706822e-4,0.6954596854938264,25.094720032012535,25.93815816135961,1,0.1,1.5
1999,71,0.011436329974013604,2.04445888175207e-4,0.067628882077808955,8.05394237664413e-4,0.6974631316091517,25.780677531655055,26.63562129296876,1,0.1,1.5
1999,70,0.01190494062748788,1.9495282798155317e-4,0.06784900152224073,7.664168428402809e-4,0.6993249826277901,26.46905370224227,27.33494627559655,1,0.1,1.5
1999,69,0.012344886190564777,1.8533871874963441e-4,0.06805809691187817,7.269722651600393e-4,0.7010495985070361,27.15971798267559,28.035995874103588,1,0.1,1.5
1999,68,0.012751945479591274,1.756122994312919e-4,0.06825683558065587,6.870963458765558e-4,0.7026414378712166,27.852543758462858,28.738637311974806,1,0.1,1.5
1999,67,0.013121987590356252,1.6578205203342169e-4,0.06844588459823041,6.468238308094919e-4,0.704104998669678,28.5474084166924,29.442742310644483,1,0.1,1.5
1999,66,0.01345100817199879,1.5585618060008614e-4,0.06862590313411726,6.061882885713833e-4,0.7054447646223828,29.244193348620904,30.148187075266865,1,0.1,1.5
1999,65,0.013735163050711197,1.458425860625558e-4,0.06879753002047871,5.652220141759367e-4,0.7066651016350668,29.94278385005346,30.854852176901932,1,0.1,1.5
1999,64,0.01397082421089456,1.3574808902865623e-4,0.06896096113382937,5.239530391052457e-4,0.7077660184516325,30.6430648250893,31.562618195353565,1,0.1,1.5
1999,63,0.014156619385626764,1.255791209229484e-4,0.06911599349584047,4.8240787521497516e-4,0.7087450134992183,31.34491829751402,32.27136320885278,1,0.1,1.5
1999,62,0.014293555797178744,1.153429391174908e-4,0.06926265165276926,4.406162004830826e-4,0.7096035002667451,32.04822728063101,32.98096670911953,1,0.1,1.5
1999,61,0.014381997663121843,1.0504655289293963e-4,0.0694008787109218,3.9860669513496665e-4,0.7103416324392996,32.752874531711235,33.69130834155883,1,0.1,1.5
1999,60,0.014422593205688047,9.469696090076434e-5,0.06953057618426065,3.564079670504783e-4,0.7109593359751748,33.45874232529997,34.402267677534006,1,0.1,1.5
1999,59,0.014416253186073598,8.43011698915647e-5,0.06965160679471678,3.1404862745285827e-4,0.7114563240670781,34.16571224040344,35.113724001601085,1,0.1,1.5
1999,58,0.014364130186678955,7.386621421890405e-5,0.06976379954451378,2.7155736870216945e-4,0.7118321353599057,34.87366498478188,35.82555613696099,1,0.1,1.5
1999,57,0.014267588057521598,6.33991729883809e-5,0.06986695735791386,2.2896303164517172e-4,0.7120861911327774,35.582480275462586,36.53764232809377,1,0.1,1.5
1999,56,0.014128158199904888,5.290667000326375e-5,0.0699601044973572,1.862928791808026e-4,0.7122102106523147,36.29202915926946,37.24985253874608,1,0.1,1.5
1999,55,0.013951118016842803,4.239927162257147e-5,0.07004835345609269,1.4358759328323995e-4,0.7122595239543321,37.002237431891174,37.96211206270041,1,0.1,1.5
1999,54,0.013713438286392123,3.20276958446713e-5,0.070524259925252325,1.0130183856002289e-4,0.7161523375241842,37.71694260029307,38.6782644002246,1,0.1,1.5
1999,53,0.011543807283382081,2.1324904767298033e-5,0.07045207368910189,5.7965983557744464e-5,0.7132579429403428,38.42937245775402,39.391522343164944,1,0.1,1.5
1999,52,0.23087614566764164,1.2214187834755271e-5,1.2577581800799793,1.558872407218196e-5,12.731844069181408,51.16099383087725,52.12336641234635,20,0.1,1.5
1999,51,0.23087614566764164,4.989453433369195e-60,1.065204717035763,0,10.805964600802724,61.96695843167997,62.929331013149074,20,0.1,1.5
1999,50,0.23087614566764164,5.409732407192062e-90,1.1809042455157432,0,11.962959885602526,73.9299183172825,74.8922908987516,20,0.1,1.5
1999,49,0.23087614566764164,7.75843450946572e-124,1.3017884375261841,0,13.171801805706934,87.10172012298943,88.06409270445853,20,0.1,1.5
1999,48,0.23087614566764164,4.033626724420753e-146,1.3880253292153173,0,14.034170722598267,101.1358908455877,102.09826342705679,20,0.1,1.5
1999,47,0.23087614566764164,3.5675475847651654e-148,1.391908333567702,0,14.073000766122114,115.2088916117098,116.1712641931789,20,0.1,1.5
1999,46,0.23087614566764164,3.5675475847652104e-188,1.3891271599402994,0,14.045189029848089,129.2540806415579,130.21645322302697,20,0.1,1.5
1999,45,0.23087614566764164,3.567547584765257e-228,1.3863515433790903,0,14.017432864235996,143.27151350579388,144.23388608726296,20,0.1,1.5
1999,44,0.23087614566764164,3.5675475847653023e-268,1.3835814727804954,0,13.989732158250048,157.2612456640439,158.223618245513,20,0.1,1.5
1999,43,0.23087614566764164,3.567547584765346e-308,1.3808169370631194,0,13.962086801076287,171.2233324651202,172.18570504658928,20,0.1,1.5
1999,42,0.23087614566764164,0,1.3780579251677114,0,13.934496682122209,185.1578291472424,186.1202017287115,20,0.1,1.5
1999,41,0.23087614566764164,0,1.3753044260571161,0,13.906961691016255,199.06479083825866,200.02716341972774,20,0.1,1.5
1999,40,0.23087614566764164,0,1.372556428716231,0,13.879481717607405,212.94427255586606,213.90664513733515,20,0.1,1.5
1999,39,0.23087614566764164,0,1.3698139221519643,0,13.852056651964737,226.7963292078308,227.7587017892999,20,0.1,1.5
1999,38,0.23087614566764164,0,1.367076895393188,0,13.824686384376975,240.62101559220778,241.58338817367687,20,0.1,1.5
1999,37,0.23087614566764164,0,1.3643453374906978,0,13.797370805352072,254.41838639755986,255.38075897902894,20,0.1,1.5
1999,36,0.23087614566764164,0,1.3616192375171645,0,13.77010980561674,268.1884962031766,269.1508687846457,20,0.1,1.5
1999,35,0.23087614566764164,0,1.3588985845670956,0,13.74290327611605,281.9313994792927,282.89377206076176,20,0.1,1.5
1999,34,0.23087614566764164,0,1.356183367756787,0,13.715751108012963,295.64715058730565,296.60952316877473,20,0.1,1.5
1999,33,0.23087614566764164,0,1.35347357622428,0,13.688653192687894,309.33580377999357,310.29817636146265,20,0.1,1.5
1999,32,0.23087614566764164,0,1.3507691991293214,0,13.661609421738307,322.9974132017319,323.95978578320097,20,0.1,1.5
1999,31,0.23087614566764164,0,1.3480702256533184,0,13.634619686978278,336.63203288871017,337.59440547017925,20,0.1,1.5
1999,30,0.23087614566764164,0,1.3453766449992932,0,13.607683880438026,350.23971676914823,351.20208935061726,20,0.1,1.5
1999,29,0.23087614566764164,0,1.3426884463918431,0,13.580801894363525,363.8205186635118,364.78289124498076,20,0.1,1.5
1999,28,0.23087614566764164,0,1.3400056190770935,0,13.553973621216029,377.37449228472786,378.3368648661968,20,0.1,1.5
1999,27,0.23087614566764164,0,1.3373281523226586,0,13.527198953671679,390.90169123839956,391.8640638198685,20,0.1,1.5
1999,26,0.23087614566764164,0,1.3346560354175963,0,13.500477784621056,404.40216902302063,405.36454160448955,20,0.1,1.5
1999,25,0.23087614566764164,0,1.3319892576723666,0,13.47381000716876,417.8759790301894,418.8383516116583,20,0.1,1.5
1999,24,0.23087614566764164,0,1.3293278084187885,0,13.447195514632979,431.3231745448224,432.2855471262913,20,0.1,1.5
1999,23,0.23087614566764164,0,1.3266716770099969,0,13.420634200545063,444.74380874536746,445.7061813268364,20,0.1,1.5
1999,22,0.23087614566764164,0,1.3240208528204005,0,13.394125958649099,458.1379347040166,459.1003072854855,20,0.1,1.5
1999,21,0.23087614566764164,0,1.3213753252456382,0,13.367670682901476,471.5056053869181,472.46797796838695,20,0.1,1.5
1999,20,0.23087614566764164,0,1.3187350837025376,0,13.34126826747047,484.84687365438856,485.8092462358574,20,0.1,1.5
1999,19,0.23087614566764164,0,1.3161001176290725,0,13.31491860673582,498.1617922611244,499.12416484259325,20,0.1,1.5
1999,18,0.23087614566764164,0,1.3134704164843214,0,13.288621595288308,511.4504138564127,512.4127864378816,20,0.1,1.5
1999,17,0.23087614566764164,0,1.3108459697484238,0,13.262377127929332,524.712790984342,525.6751635658109,20,0.1,1.5
1999,16,0.23087614566764164,0,1.30822676692254,0,13.236185099670495,537.9489760840124,538.9113486654813,20,0.1,1.5
1999,15,0.23087614566764164,0,1.3056127975288077,0,13.21004540573317,551.1590214897456,552.1213940712145,20,0.1,1.5
1999,14,0.23087614566764164,0,1.3030040511102998,0,13.183957941548092,564.3429794312937,565.3053520127626,20,0.1,1.5
1999,13,0.23087614566764164,0,1.3004005172309838,0,13.157922602754931,577.5009020340485,578.4632746155175,20,0.1,1.5
1999,12,0.23087614566764164,0,1.297802185475678,0,13.131939285201874,590.6328413192504,591.5952139007194,20,0.1,1.5
1999,11,0.23087614566764164,0,1.2952090454500134,0,13.106007884945228,603.7388492041955,604.7012217856646,20,0.1,1.5
1999,10,0.23087614566764164,0,1.2926210867803887,0,13.080128298248981,616.8189775024445,617.7813500839136,20,0.1,1.5
1999,9,0.23087614566764164,0,1.2900382991139305,0,13.054300421584399,629.8732779240288,630.8356505054979,20,0.1,1.5
1999,8,0.23087614566764164,0,1.2874606721184525,0,13.028524151629618,642.9018020756583,643.8641746571276,20,0.1,1.5
1999,7,0.23087614566764164,0,1.2848881954824112,0,13.002799385269206,655.9046014609276,656.8669740423968,20,0.1,1.5
1999,6,0.23087614566764164,0,1.2823208589148674,0,12.977126019593767,668.8817274805212,669.8441000619906,20,0.1,1.5
1999,5,0.23087614566764164,0,1.279758652145445,0,12.951503951899543,681.8332314324208,682.7956040138902,20,0.1,1.5
1999,4,0.23087614566764164,0,1.2772015649242883,0,12.925933079687976,694.7591645121088,695.7215370935781,20,0.1,1.5
1999,3,0.23087614566764164,0,1.2746495870220218,0,12.900413300665312,707.659577812774,708.6219503942434,20,0.1,1.5
1999,2,0.011543807283382081,0,5.416162000094161e-4,0,0.013112033522348882,707.6726898462964,708.6350624277658,1,0.1,1.5
1999,1,150,0,1.2868812953442048,0,112.86881295344205,820.5415027997385,821.5038753812078,99999,0.1,1.5
2000,125,1.1963921492872403e-4,0.029720329721839522,0.029720329721839522,0,0.5944863539134096,0,0,1,0.1,1.5
2000,124,1.1561821479923121e-4,2.8990485907088816e-4,0.028987586858498095,0.001057622343152742,0.3079608866020237,0.29285199598555595,0.3079608866020237,1,0.1,1.5
2000,123,1.11579602478561e-4,2.5408487860692914e-4,0.028473478350938518,0.0010294020007438375,0.3020557615648759,0.5802020146826627,0.6100166481668996,1,0.1,1.5
2000,122,1.0752209555897999e-4,2.4613489543769417e-4,0.027871046396156528,9.995261642816984e-4,0.29552243951700585,0.8614455089956442,0.9055390876839055,1,0.1,1.5
2000,121,1.0328346784523969e-4,2.389668575090518e-4,0.027270388161175076,9.702639434625264e-4,0.28902331931010755,1.1366079148277157,1.194562406994013,1,0.1,1.5
2000,120,9.932212979683068e-5,2.3313391300231904e-4,0.02680809756956823,9.463815728909297e-4,0.2839982663344881,1.4070864444066191,1.4785606733285013,1,0.1,1.5
2000,119,9.62260267864903e-5,2.2859957572512525e-4,0.026485940397504813,9.277803759081869e-4,0.28046355578694065,1.6742959948234428,1.7590242291154419,1,0.1,1.5
2000,118,9.390931573591983e-5,2.2532155956635374e-4,0.026303406066058552,9.142854684677199e-4,0.27841110344484993,1.9396458772901826,2.0374353325602916,1,0.1,1.5
2000,117,9.22954497642281e-5,2.2322121880791307e-4,0.0262555236815457,9.055736017808081e-4,0.27778574504310477,2.2044948565935614,2.3152210776033963,1,0.1,1.5
2000,116,9.130967607481812e-5,2.221921956382795e-4,0.02633377608321562,9.012094430625786e-4,0.2784949765211019,2.4701154124994837,2.5937160541244983,1,0.1,1.5
2000,115,9.087992059173088e-5,2.2207031577242488e-4,0.026522378063731686,9.005236308552993e-4,0.2803696937067018,2.7376204829082527,2.8740857478312,1,0.1,1.5
2000,114,9.091815117761276e-5,2.226875999567068e-4,0.026804503338759354,9.028320012877756e-4,0.28323012150634247,3.007953004396198,3.1573158693375425,1,0.1,1.5
2000,113,9.13426677909883e-5,2.2374194610035614e-4,0.027146374163372896,9.06907435554979e-4,0.2867178767145214,3.2817150606027914,3.444033746052064,1,0.1,1.5
2000,112,9.200910956291632e-5,2.2507872328445346e-4,0.027531024300605274,9.121216273506286e-4,0.2906526786074244,3.5593374302480636,3.734686424659488,1,0.1,1.5
2000,111,9.284534809936176e-5,2.2614342662818495e-4,0.02789129206691882,9.162269919243128e-4,0.29432520886169317,3.8405736820822662,4.029011633521181,1,0.1,1.5
2000,110,9.357403999398109e-5,2.2776713921992644e-4,0.028330312120615198,9.225903045842466e-4,0.2988230367857412,4.126216857373946,4.327834670306922,1,0.1,1.5
2000,109,9.461904786567915e-5,2.314897602009175e-4,0.029045027905779053,9.374444047465353e-4,0.30622031894999396,4.41904511339899,4.634054989256916,1,0.1,1.5
2000,108,9.680993256055058e-5,2.3740515555505386e-4,0.03005754951445122,9.611604556320777e-4,0.3167449503069899,4.722059200054094,4.950799939563906,1,0.1,1.5
2000,107,1.002973031437515e-4,2.4557964024616273e-4,0.03138827305788243,9.939967957987494e-4,0.3306053460757448,5.038464591904143,5.281405285639651,1,0.1,1.5
2000,106,1.052787964286831e-4,2.560154872019692e-4,0.033051383185329464,0.0010359511214094574,0.347943474324021,5.371608764493743,5.629348759963672,1,0.1,1.5
2000,105,1.1200539294907983e-4,2.686169003896014e-4,0.03505043246034199,0.0010866229099461857,0.3687883482970846,5.724873928363024,5.998137108260757,1,0.1,1.5
2000,104,1.2078554187489775e-4,2.831518961348329e-4,0.0373729823553081,0.0011450596531106202,0.39299986125345004,6.101515794572037,6.391136969514207,1,0.1,1.5
2000,103,1.3198617346202014e-4,2.992083853079922e-4,0.03998383784576958,0.001209580183008427,0.4201981699932041,6.50443424766512,6.8113351395074115,1,0.1,1.5
2000,102,1.4602202388434211e-4,3.1616974673476825e-4,0.042819967242045655,0.0012776775392584069,0.44971125417884716,6.935892965568847,7.261046393686259,1,0.1,1.5
2000,101,1.6334010276924227e-4,3.331833751362444e-4,0.04578337782172698,0.0013458942770519535,0.48050156647122055,7.397167470939325,7.7415479601574795,1,0.1,1.5
2000,100,1.8435643015790414e-4,3.4925234635582654e-4,0.04874980122802097,0.0014101958816279605,0.511259095482368,7.888280910969865,8.252807055639847,1,0.1,1.5
2000,99,2.0946298636496464e-4,3.6315637366895613e-4,0.051553157352666606,0.0014656549980352391,0.5402407077976261,8.40758369022413,8.793047763437473,1,0.1,1.5
2000,98,2.386986777674896e-4,3.743763962676247e-4,0.05411396863707793,0.0015101848507865804,0.5666166520822516,8.95262627300943,9.359664415519724,1,0.1,1.5
2000,97,2.735450781808852e-4,3.818278214561594e-4,0.05625892702548833,0.001539426560037391,0.588581719855433,9.519216184864328,9.948246135375157,1,0.1,1.5
2000,96,3.15752856364506e-4,3.8371677583633364e-4,0.057686637139788145,0.0015461789200076376,0.6030023113463111,10.100130225924817,10.551248446721468,1,0.1,1.5
2000,95,3.6499349100483974e-4,3.8019964271934715e-4,0.0583631873064089,0.0015311173231947386,0.6095503031023535,10.687807424410103,11.160798749823822,1,0.1,1.5
2000,94,4.1905823642545445e-4,3.759223010702811e-4,0.0589606852544433,0.0015129832827432657,0.6152594946090851,11.281452872122856,11.776058244432907,1,0.1,1.5
2000,93,4.8244847594487646e-4,3.7130683289993854e-4,0.05954047100468399,0.001493479812712509,0.6207748365890288,11.880892282815992,12.396833081021935,1,0.1,1.5
2000,92,6.029918506527495e-4,3.663755165794887e-4,0.06010169519626551,0.0014726982879832244,0.6261212486667407,12.485974984511545,13.022954329688675,1,0.1,1.5
2000,91,7.907735232346679e-4,3.611404259501988e-4,0.060644538336296586,0.0014506888922119925,0.6313080970028908,13.096558954482836,13.654262426691567,1,0.1,1.5
2000,90,0.0010414617850304983,3.556085769837999e-4,0.06116933770591361,0.0014274814262265467,0.6363363624888975,13.712502725168497,14.290598789180464,1,0.1,1.5
2000,89,0.0013484144448885575,3.4978825972471853e-4,0.061676791710062503,0.0014031107812175047,0.6412091823928099,14.333667467829628,14.931807971573274,1,0.1,1.5
2000,88,0.0017028060738419133,3.4368873630942205e-4,0.062167930404772066,0.0013776157052657304,0.6459316198209817,14.959918863289671,15.577739591394256,1,0.1,1.5
2000,87,0.0020938867977229147,3.37301293206659e-4,0.06264055563390164,0.0013509629231220972,0.6504739641332139,15.59109335709257,16.228213555527468,1,0.1,1.5
2000,86,0.0025291127635232425,3.3062171735143635e-4,0.06309168952725196,0.0013231374029759682,0.6548111505213727,16.22700254471429,16.88302470604884,1,0.1,1.5
2000,85,0.003022913070043806,0.00032366656810633087,0.06352164559272457,0.0012942073320574626,0.6589570731605876,16.867470941702624,17.541981779209426,1,0.1,1.5
2000,84,0.003572266014939471,3.164456080553389e-4,0.06393066496812634,0.001264213603501471,0.6629128107741783,17.51232355814107,18.204894589983603,1,0.1,1.5
2000,83,0.004172172715696933,3.089696753219053e-4,0.06431932733673379,0.0012332013631040125,0.6666815809277454,18.161387976738755,18.871576170911347,1,0.1,1.5
2000,82,0.004815657340267675,3.0125051816407163e-4,0.06468855732445795,0.0012012193243513094,0.6702687927152268,18.814496493391818,19.541844963626573,1,0.1,1.5
2000,81,0.0054937872513675535,2.93300540353469e-4,0.06503961135287988,0.0011683187286889718,0.673681911319278,19.471488137158396,20.21552687494585,1,0.1,1.5
2000,80,0.0061734616341954885,2.8512352543281626e-4,0.06537342580826191,0.0011345164312324505,0.6769085120154459,20.132189271584807,20.892435386961296,1,0.1,1.5
2000,79,0.006844604556394974,2.767345658556947e-4,0.06569189987440538,0.0010998742990038235,0.679961904092643,20.796438685691683,21.57239729105394,1,0.1,1.5
2000,78,0.00751361466098227,2.681553939416189e-4,0.06599772493731165,0.001064480373073401,0.6828747422256647,21.46410656544487,22.255272033279603,1,0.1,1.5
2000,77,0.008166211697511217,2.593989592389943e-4,0.06629326427922377,0.0010283875279386515,0.6856620239154253,22.13507733896117,22.94093405719503,1,0.1,1.5
2000,76,0.008787170376952902,2.504774070588145e-4,0.06658100200399643,9.916452704411783e-4,0.6883392687014902,22.80925024665636,23.62927332589652,1,0.1,1.5
2000,75,0.009360877582253783,2.4138119642352608e-4,0.06685755951866246,9.54217251638415e-4,0.6908616672291016,23.486480238862057,24.32013499312562,1,0.1,1.5
2000,74,0.00990134123530219,2.321088335715044e-4,0.06711896786454802,9.16099338666976e-4,0.6931987945475916,24.16659190000012,25.01333378767321,1,0.1,1.5
2000,73,0.010430239219584653,2.2268016196429655e-4,0.06736668313263809,8.773717101324312e-4,0.6953810073324007,24.849439025759203,25.708714795005612,1,0.1,1.5
2000,72,0.01094333046363602,2.1310499573818511e-4,0.06760130627206956,8.380747318488529e-4,0.6974121624897709,25.534878692079705,26.40612695749538,1,0.1,1.5
2000,71,0.011436329974013604,2.0339301829785532e-4,0.06782346774901728,7.982481729346448e-4,0.6992963729834648,26.222771519735534,27.105423330478846,1,0.1,1.5
2000,70,0.01190494062748788,1.9355373898988576e-4,0.06803382083279857,7.579310323357661e-4,0.7010379589791017,26.91298189253841,27.806461289457946,1,0.1,1.5
2000,69,0.012344886190564777,1.8359645347750618e-4,0.068233034168477,7.17161381029399e-4,0.7026413929327223,27.605378122885,28.50910268239067,1,0.1,1.5
2000,68,0.012751945479591274,1.7353020946345187e-4,0.06842178398356695,6.75976226427572e-4,0.7041112421513778,28.2998325618017,29.213213924542046,1,0.1,1.5
2000,67,0.013121987590356252,1.633637782227072e-4,0.06860074596747295,6.344114007830095e-4,0.7054521091950466,28.99622165098556,29.918666033737093,1,0.1,1.5
2000,66,0.01345100817199879,1.5310563394884668e-4,0.0687705876159467,5.925014813499352e-4,0.7066685781567157,29.69442592226585,30.62533461189381,1,0.1,1.5
2000,65,0.013735163050711197,1.4276392940460974e-4,0.06893195577102064,5.502796978185869e-4,0.7077651109116587,30.394329894637245,31.333099722805468,1,0.1,1.5
2000,64,0.01397082421089456,1.3234574066659798e-4,0.06908505329749229,5.077750455811793e-4,0.7087418024114402,31.095817767826098,32.04184152521691,1,0.1,1.5
2000,63,0.014156619385626764,1.2185776001297327e-4,0.06922968386529463,4.650150279952685e-4,0.7095962343386644,31.798770930336257,32.75143775955557,1,0.1,1.5
2000,62,0.014293555797178744,1.1130747951194557e-4,0.06936587943772475,4.220301928158929e-4,0.7103299091249989,32.503071836706745,33.46176766868057,1,0.1,1.5
2000,61,0.014381997663121843,1.0070213931267106e-4,0.06949359029683445,3.788500770261702e-4,0.7109430667610692,33.20860275951029,34.17271073544164,1,0.1,1.5
2000,60,0.014422593205688047,9.004896137162722e-5,0.06961272511840484,3.3550411340106754e-4,0.7114357188406195,33.91524556244518,34.88414645428226,1,0.1,1.5
2000,59,0.014416253186073598,7.935516856213021e-5,0.06972315379090054,2.9202170765366565e-4,0.7118076637327757,34.62288148749719,35.59595411801504,1,0.1,1.5
2000,58,0.014364130186678955,6.86280043177314e-5,0.06982471250673487,2.4843231665344547e-4,0.7120585249966944,35.33139097939883,36.30801264301173,1,0.1,1.5
2000,57,0.014267588057521598,5.787474964117674e-5,0.06991721142008936,2.0476551504950693e-4,0.7121878087125508,36.04065356646782,37.02020045172428,1,0.1,1.5
2000,56,0.014128158199904888,4.710228649523329e-5,0.06999968170670268,1.6104954382009087e-4,0.7121873198341075,36.75054017853307,37.732387771558386,1,0.1,1.5
2000,55,0.013951118016842803,3.6320891037035704e-5,0.0700772455190679,1.1732369250019381e-4,0.712112462195614,37.460976587978685,38.444500233754,1,0.1,1.5
2000,54,0.013713438286392123,2.5645736598452436e-5,0.0705425329588998,7.389029346807239e-5,0.7158796547668831,38.1758006671246,39.16037988852088,1,0.1,1.5
2000,53,0.011543807283382081,1.4704744937109096e-5,0.07045951997762241,2.968744017113308e-5,0.7128622250360088,38.888238785872446,39.873242113556884,1,0.1,1.5
2000,52,0.23087614566764164,4.019322896393043e-6,1.2576363014429894,6.92420782922394e-7,12.730330529829422,51.61855942397639,52.60357264338631,20,0.1,1.5
2000,51,0.23087614566764164,4.989453433369198e-62,1.0650981965640594,0,10.804899396085688,62.42345882006208,63.408472039471995,20,0.1,1.5
2000,50,0.23087614566764164,5.409732407192065e-92,1.1807861550911918,0,11.961778981357012,74.3852378014191,75.370251020829,20,0.1,1.5
2000,49,0.23087614566764164,7.758434509465725e-126,1.3016582586824315,0,13.170500017269408,87.5557378186885,88.5407510380984,20,0.1,1.5
2000,48,0.23087614566764164,4.033626724420755e-148,1.3878865266823959,0,14.032782697269052,101.58852051595755,102.57353373536746,20,0.1,1.5
2000,47,0.23087614566764164,3.5675475847651674e-150,1.3917691427343453,0,14.071608857788547,115.6601293737461,116.64514259315601,20,0.1,1.5
2000,46,0.23087614566764164,3.5675475847652123e-190,1.3889882472243054,0,14.043799902688148,129.70392927643425,130.68894249584415,20,0.1,1.5
2000,45,0.23087614566764164,3.567547584765259e-230,1.3862129082247523,0,14.016046512692617,143.71997578912686,144.70498900853676,20,0.1,1.5
2000,44,0.23087614566764164,3.567547584765304e-270,1.3834431146332173,0,13.988348576777268,157.70832436590413,158.69333758531403,20,0.1,1.5
2000,43,0.23087614566764164,3.56754758476535e-310,1.3806788553694131,0,13.960705984139226,171.66903035004336,172.65404356945325,20,0.1,1.5
2000,42,0.23087614566764164,0,1.3779201193751947,0,13.933118624197041,185.6021489742404,186.5871621936503,20,0.1,1.5
2000,41,0.23087614566764164,0,1.3751668956145104,0,13.905586386590198,199.5077353608306,200.4927485802405,20,0.1,1.5
2000,40,0.23087614566764164,0,1.3724191730733595,0,13.878109161178688,213.38584452200928,214.37085774141917,20,0.1,1.5
2000,39,0.23087614566764164,0,1.369676940759749,0,13.850686838042584,227.23653136005186,228.22154457946175,20,0.1,1.5
2000,38,0.23087614566764164,0,1.3669401877036487,0,13.823319307481581,241.05985066753342,242.04486388694332,20,0.1,1.5
2000,37,0.23087614566764164,0,1.3642089029569486,0,13.79600646001458,254.855857127548,255.8408703469579,20,0.1,1.5
2000,36,0.23087614566764164,0,1.3614830755934129,0,13.768748186379222,268.62460531392725,269.60961853333714,20,0.1,1.5
2000,35,0.23087614566764164,0,1.3587626947086389,0,13.741544377531483,282.36614969145876,283.35116291086865,20,0.1,1.5
2000,34,0.23087614566764164,0,1.3560477494200114,0,13.714394924645207,296.08054461610396,297.06555783551386,20,0.1,1.5
2000,33,0.23087614566764164,0,1.3533382288666576,0,13.68729971911167,309.76784433521567,310.7528575546255,20,0.1,1.5
2000,32,0.23087614566764164,0,1.3506341222094085,0,13.660258652539179,323.42810298775487,324.4131162071647,20,0.1,1.5
2000,31,0.23087614566764164,0,1.347935418630753,0,13.633271616752625,337.06137460450753,338.0463878239173,20,0.1,1.5
2000,30,0.23087614566764164,0,1.3452421073347933,0,13.606338503793028,350.6677131083006,351.65272632771035,20,0.1,1.5
2000,29,0.23087614566764164,0,1.342554177547204,0,13.579459205917134,364.2471723142177,365.2321855336275,20,0.1,1.5
2000,28,0.23087614566764164,0,1.3398716185151858,0,13.552633615596951,377.7998059298147,378.78481914922446,20,0.1,1.5
2000,27,0.23087614566764164,0,1.3371944195074263,0,13.525861625519358,391.32566755533406,392.31068077474384,20,0.1,1.5
2000,26,0.23087614566764164,0,1.3345225698140546,0,13.49914312858564,404.82481068391974,405.80982390332946,20,0.1,1.5
2000,25,0.23087614566764164,0,1.3318560587465995,0,13.472478017911088,418.29728870183084,419.28230192124056,20,0.1,1.5
2000,24,0.23087614566764164,0,1.3291948756379466,0,13.44586618682456,431.7431548886554,432.7281681080651,20,0.1,1.5
2000,23,0.23087614566764164,0,1.326539009842296,0,13.419307528868053,445.1624624175235,446.14747563693317,20,0.1,1.5
2000,22,0.23087614566764164,0,1.3238884507351185,0,13.392801937796278,458.5552643553198,459.54027757472943,20,0.1,1.5
2000,21,0.23087614566764164,0,1.3212431877131137,0,13.36634930757623,471.92161366289605,472.90662688230566,20,0.1,1.5
2000,20,0.23087614566764164,0,1.3186032101941674,0,13.339949532386768,485.26156319528286,486.2465764146924,20,0.1,1.5
2000,19,0.23087614566764164,0,1.3159685076173095,0,13.313602506618189,498.5751657019011,499.5601789213106,20,0.1,1.5
2000,18,0.23087614566764164,0,1.313339069442673,0,13.287308124871824,511.86247382677294,512.8474870461824,20,0.1,1.5
2000,17,0.23087614566764164,0,1.310714885151449,0,13.261066281959584,525.1235401087325,526.108553328142,20,0.1,1.5
2000,16,0.23087614566764164,0,1.3080959442458477,0,13.234876872903572,538.3584169816361,539.3434302010455,20,0.1,1.5
2000,15,0.23087614566764164,0,1.3054822362490548,0,13.208739792935642,551.5671567745717,552.5521699939811,20,0.1,1.5
2000,14,0.23087614566764164,0,1.3028737507051888,0,13.182654937496983,564.7498117120687,565.7348249314781,20,0.1,1.5
2000,13,0.23087614566764164,0,1.3002704771792608,0,13.156622202237703,577.9064339143064,578.8914471337158,20,0.1,1.5
2000,12,0.23087614566764164,0,1.2976724052571305,0,13.130641483016399,591.0370753973227,592.0220886167322,20,0.1,1.5
2000,11,0.23087614566764164,0,1.2950795245454685,0,13.104712675899778,604.1417880732224,605.126801292632,20,0.1,1.5
2000,10,0.23087614566764164,0,1.2924918246717108,0,13.078835677162202,617.2206237503846,618.2056369697941,20,0.1,1.5
2000,9,0.23087614566764164,0,1.2899092952840192,0,13.053010383285287,630.2736341336698,631.2586473530794,20,0.1,1.5
2000,8,0.23087614566764164,0,1.2873319260512406,0,13.0272366909575,643.3008708246273,644.2858840440368,20,0.1,1.5
2000,7,0.23087614566764164,0,1.2847597066628629,0,13.001514497073723,656.302385321701,657.2873985411105,20,0.1,1.5
2000,6,0.23087614566764164,0,1.2821926268289758,0,12.975843698734852,669.2782290204358,670.2632422398453,20,0.1,1.5
2000,5,0.23087614566764164,0,1.2796306762802303,0,12.950224193247397,682.2284532136831,683.2134664330928,20,0.1,1.5
2000,4,0.23087614566764164,0,1.2770738447677958,0,12.924655878123053,695.1531090918062,696.1381223112159,20,0.1,1.5
2000,3,0.23087614566764164,0,1.2745221220633196,0,12.89913865107829,708.0522477428844,709.0372609622941,20,0.1,1.5
2000,2,0.011543807283382081,0,5.415620383894152e-4,0,0.013111491906148874,708.0653592347907,709.0503724542002,1,0.1,1.5
2000,1,150,0,1.2867526072146704,0,112.8675260721467,820.9328853069374,821.9178985263469,99999,0.1,1.5
2001,126,1.23720720195679e-4,0.030419525893542354,0.030419525893542354,0,0.6084729983509776,0,0,1,0.1,1.5
2001,125,1.1963921492872403e-4,2.972032972183954e-4,0.029717357688867338,0.0011097657359934038,0.31607916556595367,0.30022536933747646,0.31607916556595367,1,0.1,1.5
2001,124,1.1561821479923121e-4,2.6730463437889436e-4,0.02924909368560043,0.0010823076487007192,0.31070259984824106,0.595466431347136,0.6267817654141947,1,0.1,1.5
2001,123,1.11579602478561e-4,2.598913489720287e-4,0.028727981503289382,0.0010542145863954545,0.3050133233013444,0.8854195462714024,0.9317950887155391,1,0.1,1.5
2001,122,1.0752209555897999e-4,2.5234289002480154e-4,0.028118140832587336,0.0010234119617584176,0.2983966895054238,1.1691960648945632,1.2301917782209628,1,0.1,1.5
2001,121,1.0328346784523969e-4,2.449556544407221e-4,0.02751022710822459,9.932318615041476e-4,0.29180970986479965,1.4468167481664465,1.5220014880857624,1,0.1,1.5
2001,120,9.932212979683068e-5,2.3892673235275562e-4,0.027042012153034003,9.685735055874761e-4,0.28671236797260086,1.7196923517735119,1.8087138560583633,1,0.1,1.5
2001,119,9.62260267864903e-5,2.3423108973429796e-4,0.02671523689744211,9.493315440587477e-4,0.2831207097571276,1.9892511823298002,2.091834565815491,1,0.1,1.5
2001,118,9.390931573591983e-5,2.3082458271259353e-4,0.026529347092568878,9.353224212696329e-4,0.28102607183858574,2.2569155052931054,2.3728606376540764,1,0.1,1.5
2001,117,9.22954497642281e-5,2.2862561263328117e-4,0.02647929152962275,9.26211081924845e-4,0.2803722886070437,2.5240562070155086,2.6532329262611203,1,0.1,1.5
2001,116,9.130967607481812e-5,2.2752428272202746e-4,0.026556445066372943,9.215482159331305e-4,0.2810655411216633,2.7919567736238413,2.9342984673827837,1,0.1,1.5
2001,115,9.087992059173088e-5,2.2735161087154908e-4,0.026744856733639136,9.206457052245748e-4,0.2829347515620429,3.0617394436826757,3.2172332189448265,1,0.1,1.5
2001,114,9.091815117761276e-5,2.2793487632151097e-4,0.027027530888747424,9.228009606665689e-4,0.28579814061813963,3.3343547134341502,3.503031359562966,1,0.1,1.5
2001,113,9.13426677909883e-5,2.2896427834974832e-4,0.027370386384845305,9.267572859294895e-4,0.2892937915428038,3.610409115177961,3.79232515110577,1,0.1,1.5
2001,112,9.200910956291632e-5,2.3028119407050168e-4,0.027756301605012874,9.31871017546883e-4,0.2932396105050216,3.89033628257517,4.085564761610792,1,0.1,1.5
2001,111,9.284534809936176e-5,2.3131818224736005e-4,0.028117559685693207,9.358454075754972e-4,0.29691989568635996,4.173886958153308,4.382484657297152,1,0.1,1.5
2001,110,9.357403999398109e-5,2.3292524753826092e-4,0.0285581266655492,9.421189234235952e-4,0.30143174358739816,4.461859859977512,4.6839164008845495,1,0.1,1.5
2001,109,9.461904786567915e-5,2.3667599878864298e-4,0.02927648450417511,9.570514530209835e-4,0.3088668480094668,4.7570545443723935,4.992783248894017,1,0.1,1.5
2001,108,9.680993256055058e-5,2.4266416546356998e-4,0.030294833873407794,9.8101252255369e-4,0.3194539849516638,5.062494064716148,5.31223723384568,1,0.1,1.5
2001,107,1.002973031437515e-4,2.5095499535214897e-4,0.03163363342952633,0.0010142551660659352,0.33340210863277486,5.381406813833696,5.6456393424784554,1,0.1,1.5
2001,106,1.052787964286831e-4,2.6154793522438404e-4,0.03330706582736329,0.0010567649729833453,0.3508529659613532,5.717163137323858,5.996492308439809,1,0.1,1.5
2001,105,1.1200539294907983e-4,2.743418964904424e-4,0.035318583144582506,0.0011081198676940482,0.37183420449689625,6.073167057996553,6.368326512936705,1,0.1,1.5
2001,104,1.2078554187489775e-4,2.890964322390034e-4,0.03765550997035023,0.001167333757811586,0.3962027842606411,6.452693645717028,6.764529297197346,1,0.1,1.5
2001,103,1.3198617346202014e-4,3.0538712960518667e-4,0.04028223450773711,0.0012326774020631555,0.42357388432806176,6.85865785287276,7.188103181525408,1,0.1,1.5
2001,102,1.4602202388434211e-4,3.225810822819494e-4,0.043135104630136055,0.0013015811196983107,0.453268221135793,7.293332058012863,7.641371402661201,1,0.1,1.5
2001,101,1.6334010276924227e-4,3.3980540301435083e-4,0.04611527305320779,0.0013705102956253637,0.4842383964730013,7.757991735976931,8.125609799134201,1,0.1,1.5
2001,100,1.8435643015790414e-4,3.560414938705484e-4,0.04909747521830516,0.001435348909990926,0.5151630558369709,8.25264980738546,8.640772854971171,1,0.1,1.5
2001,99,2.0946298636496464e-4,3.7004531324549936e-4,0.051914415786440155,0.0014910816842178232,0.544285419905164,8.775634060373225,9.185058274876335,1,0.1,1.5
2001,98,2.386986777674896e-4,3.8128997665932133e-4,0.05448610345291087,0.001535594241634487,0.5707701273423252,9.324467127120771,9.75582840221866,1,0.1,1.5
2001,97,2.735450781808852e-4,3.8867491822390933e-4,0.05663815777279513,0.0015644714948294927,0.5928002830789227,9.894917817416415,10.348628685297582,1,0.1,1.5
2001,96,3.15752856364506e-4,3.903818977602727e-4,0.05806741320607608,0.001570427922921916,0.6072231375557766,10.479706270359022,10.955851822853358,1,0.1,1.5
2001,95,3.6499349100483974e-4,3.865813272258781e-4,0.05874013031847695,0.001554197060767394,0.6137132606048514,11.071216715810053,11.56956508345821,1,0.1,1.5
2001,94,4.1905823642545445e-4,3.8200504369651926e-4,0.059333035006603675,0.0015348364437336153,0.619356007571099,11.668646488470673,12.188921091029309,1,0.1,1.5
2001,93,4.8244847594487646e-4,3.7708302150712665e-4,0.05990788691076165,0.0015140781548800167,0.6248010195668416,12.271817820110657,12.813722110596151,1,0.1,1.5
2001,92,6.029918506527495e-4,3.71838327161601e-4,0.06046385959874168,0.0014920166893478133,0.6300734979596749,12.880576793936793,13.443795608555826,1,0.1,1.5
2001,91,7.907735232346679e-4,3.6628362731250014e-4,0.061001146105515956,0.0014687046270965766,0.6351829743499159,13.494778273613901,14.078978582905743,1,0.1,1.5
2001,90,0.0010414617850304983,3.6042644232647466e-4,0.061520091128699654,0.0014441738408918804,0.6401305384368323,14.114277757180849,14.719109121342575,1,0.1,1.5
2001,89,0.0013484144448885575,3.5427557790162334e-4,0.06202140172619587,0.0014184613257068428,0.6449194492286173,14.738933473185083,15.364028570571191,1,0.1,1.5
2001,88,0.0017028060738419133,3.4784081367952684e-4,0.06250611753804802,0.001391607928534083,0.649554900831276,15.368608260751587,16.013583471402466,1,0.1,1.5
2001,87,0.0020938867977229147,3.411137437125909e-4,0.06297203230911877,0.0013635817695068614,0.6540071246245126,16.003135645811717,16.66759059602698,1,0.1,1.5
2001,86,0.0025291127635232425,3.340905679175064e-4,0.06341616470904322,0.0013343696091860713,0.6582510509336619,16.64232427375701,17.32584164696064,1,0.1,1.5
2001,85,0.003022913070043806,3.26788498695429e-4,0.06383884526117967,0.001304042223926821,0.6623007876063061,17.285995886735787,17.988142434566946,1,0.1,1.5
2001,84,0.003572266014939471,3.192178569559211e-4,0.0642403253025049,0.0012726427634021996,0.6661575531769801,17.933972829007022,18.654299987743926,1,0.1,1.5
2001,83,0.004172172715696933,3.113900375292222e-4,0.06462119574477612,0.0012402186093091912,0.6698247150046016,18.586080135307206,19.324124702748527,1,0.1,1.5
2001,82,0.004815657340267675,3.0331733626946805e-4,0.06498239329981334,0.0012068206605103256,0.6733078397378206,19.242147679894877,19.997432542486347,1,0.1,1.5
2001,81,0.0054937872513675535,2.9501268757577766e-4,0.06532518707391682,0.0011725022628348001,0.6766145547753823,19.902012202344046,20.67404709726173,1,0.1,1.5
2001,80,0.0061734616341954885,2.864803430624408e-4,0.0656505175734892,0.0011372821990118785,0.6797325088122926,20.565497822599024,21.353779606074024,1,0.1,1.5
2001,79,0.006844604556394974,2.777359204095128e-4,0.0659602992591689,0.0011012243851831135,0.6826751984312347,21.23244124409907,22.036454804505258,1,0.1,1.5
2001,78,0.00751361466098227,2.6880164720776643e-4,0.06625724525808627,0.0010644187135292894,0.6854755271154421,21.902710789592664,22.7219303316207,1,0.1,1.5
2001,77,0.008166211697511217,2.596908715770528e-4,0.06654373183478052,0.0010269195907406123,0.6881486480629728,22.576189157787915,23.410078979683675,1,0.1,1.5
2001,76,0.008787170376952902,2.504160916808827e-4,0.06682225522140632,9.887778694477824e-4,0.6907102248504756,23.252773984503424,24.100789204534152,1,0.1,1.5
2001,75,0.009360877582253783,2.40968124873839e-4,0.0670894280756202,9.499587940035878e-4,0.6931153869741131,23.9323185315632,24.793904591508266,1,0.1,1.5
2001,74,0.00990134123530219,2.3134592300245907e-4,0.06734128080242831,9.104601079823707e-4,0.6953337343823525,24.614645692974378,25.489238325890618,1,0.1,1.5
2001,73,0.010430239219584653,2.2156972915275076e-4,0.06757928939185794,8.703634484511008e-4,0.6973958475724649,25.299607776997544,26.186634173463084,1,0.1,1.5
2001,72,0.01094333046363602,2.1164973291959506e-4,0.06780406482440456,8.297106409293226e-4,0.6993057083717986,25.98706047621321,26.885939881834883,1,0.1,1.5
2001,71,0.011436329974013604,2.0159597341663974e-4,0.06801624744547605,7.885428310197902e-4,0.7010675517575995,26.676863130384813,27.587007433592483,1,0.1,1.5
2001,70,0.01190494062748788,1.9141829547384038e-4,0.06821650020879924,7.469003095069277e-4,0.7026858165492502,27.368878942512534,28.28969325014173,1,0.1,1.5
2001,69,0.012344886190564777,1.8112630979212483e-4,0.0684055012103175,7.048223541885697e-4,0.7041650901022617,28.062975141840674,28.993858340243992,1,0.1,1.5
2001,68,0.012751945479591274,1.7072935870152752e-4,0.06858393586177548,6.623470949164848e-4,0.705510050547114,28.75902309103184,29.699368390791108,1,0.1,1.5
2001,67,0.013121987590356252,1.6023648797797946e-4,0.06875248874307197,6.195114036305685e-4,0.7067254069464117,29.45689833506924,30.40609379773752,1,0.1,1.5
2001,66,0.01345100817199879,1.4965642667697228e-4,0.06891183592752259,5.76350816915509e-4,0.7078158454221211,30.15648059739257,31.11390964315964,1,0.1,1.5
2001,65,0.013735163050711197,1.3899756374869283e-4,0.06906263249989818,5.328994478795744e-4,0.7087859252590318,30.85765367339618,31.822695568418673,1,0.1,1.5
2001,64,0.01397082421089456,1.2826721880196079e-4,0.06920508855355784,4.891872171814845e-4,0.7096358293477394,31.56030111392704,32.53233139776641,1,0.1,1.5
2001,63,0.014156619385626764,1.1747233459894685e-4,0.06933901465390692,4.4524258647749655e-4,0.7103632245203931,32.26430373006918,33.242694622286805,1,0.1,1.5
2001,62,0.014293555797178744,1.0662062299909268e-4,0.06946445039798495,4.01096923780759e-4,0.7109697034619704,32.96954347747714,33.953664325748775,1,0.1,1.5
2001,61,0.014381997663121843,9.571954064966926e-5,0.0695813534570613,3.56780574989272e-4,0.7114555937761806,33.67590220589633,34.665119919524955,1,0.1,1.5
2001,60,0.014422593205688047,8.477651796398316e-5,0.06968963987424326,3.123237480650472e-4,0.7118209938886985,34.383261431955525,35.376940913413655,1,0.1,1.5
2001,59,0.014416253186073598,7.379897859903772e-5,0.06978918690243487,2.6775659163204985e-4,0.7120657884338936,35.09150212622325,36.08900670184755,1,0.1,1.5
2001,58,0.014364130186678955,6.279435920653868e-5,0.06987983811464757,2.2310927353644955e-4,0.7121896868658953,35.80050453775291,36.80119638871345,1,0.1,1.5
2001,57,0.014267588057521598,5.17701262587885e-5,0.06996141107770973,1.784120466154478e-4,0.7121922809344441,36.510148075164274,37.513388669647895,1,0.1,1.5
2001,56,0.014128158199904888,4.073340881997505e-5,0.07003294412448702,1.3369409454243178e-4,0.7120654631026603,37.22030362263062,38.225454132750556,1,0.1,1.5
2001,55,0.013951118016842803,2.969413203541881e-5,0.07009956871764103,8.899309175293066e-5,0.711864703723511,37.930896996471944,38.93731883647407,1,0.1,1.5
2001,54,0.013713438286392123,1.8729030733002623e-5,0.07055395127897092,4.444800839545739e-5,0.7155040668364739,38.64576609175991,39.65282290331054,1,0.1,1.5
2001,53,0.011543807283382081,7.568907492154361e-6,0.07045989588566744,5.310884790710657e-6,0.712446389236575,39.35813661121376,40.36526929254712,1,0.1,1.5
2001,52,0.23087614566764164,2.1329842469452896e-7,1.2575107109180408,0,12.729026672609749,52.0871632838235,53.09429596515687,20,0.1,1.5
2001,51,0.23087614566764164,4.989453433369201e-64,1.064991686744403,0,10.803834297889123,62.89099758171262,63.89813026304599,20,0.1,1.5
2001,50,0.23087614566764164,5.409732407192068e-94,1.1806680764756827,0,11.960598195201921,74.85159577691454,75.85872845824791,20,0.1,1.5
2001,49,0.23087614566764164,7.758434509465729e-128,1.3015280928565631,0,13.169198359010725,88.02079413592526,89.02792681725863,20,0.1,1.5
2001,48,0.23087614566764164,4.033626724420757e-150,1.3877477380297276,0,14.03139481074237,102.05218894666763,103.059321628001,20,0.1,1.5
2001,47,0.23087614566764164,3.5675475847651694e-152,1.391629965820072,0,14.070217088645814,116.12240603531343,117.12953871664682,20,0.1,1.5
2001,46,0.23087614566764164,3.5675475847652144e-192,1.388849348399583,0,14.042410914440923,130.16481694975434,131.17194963108776,20,0.1,1.5
2001,45,0.23087614566764164,3.567547584765261e-232,1.3860742869339298,0,14.014660299784392,144.17947724953873,145.18660993087215,20,0.1,1.5
2001,44,0.23087614566764164,3.567547584765306e-272,1.383304770321754,0,13.986965133662634,158.16644238320137,159.1735750645348,20,0.1,1.5
2001,43,0.23087614566764164,3.567547584768e-312,1.3805407874838762,0,13.959325305283857,172.1257676884852,173.13290036981866,20,0.1,1.5
2001,42,0.23087614566764164,0,1.3777823273632572,0,13.931740704077667,186.05750839256288,187.06464107389633,20,0.1,1.5
2001,41,0.23087614566764164,0,1.375029378924949,0,13.904211219694584,199.96171961225747,200.9688522935909,20,0.1,1.5
2001,40,0.23087614566764164,0,1.3722819311560521,0,13.876736742005615,213.8384563542631,214.84558903559653,20,0.1,1.5
2001,39,0.23087614566764164,0,1.3695399730656732,0,13.849317161101826,227.6877735153649,228.69490619669835,20,0.1,1.5
2001,38,0.23087614566764164,0,1.3668034936848783,0,13.821952367293877,241.50972588265878,242.51685856399223,20,0.1,1.5
2001,37,0.23087614566764164,0,1.364072482066653,0,13.794642251111624,255.3043681337704,256.31150081510384,20,0.1,1.5
2001,36,0.23087614566764164,0,1.3613469272858536,0,13.76738670330363,269.071754837074,270.0788875184075,20,0.1,1.5
2001,35,0.23087614566764164,0,1.358626818439168,0,13.740185614836776,282.8119404519108,283.8190731332443,20,0.1,1.5
2001,34,0.23087614566764164,0,1.3559121446450695,0,13.713038876895789,296.52497932880664,297.53211201014005,20,0.1,1.5
2001,33,0.23087614566764164,0,1.353202895043771,0,13.685946380882802,310.2109257096895,311.21805839102285,20,0.1,1.5
2001,32,0.23087614566764164,0,1.3504990587971875,0,13.658908018416968,323.86983372810647,324.87696640943983,20,0.1,1.5
2001,31,0.23087614566764164,0,1.34780062508889,0,13.631923681333994,337.5017574094405,338.50889009077383,20,0.1,1.5
2001,30,0.23087614566764164,0,1.3451075831240598,0,13.604993261685692,351.1067506711262,352.11388335245954,20,0.1,1.5
2001,29,0.23087614566764164,0,1.3424199221294493,0,13.578116651739586,364.6848673228658,365.69200000419914,20,0.1,1.5
2001,28,0.23087614566764164,0,1.3397376313533342,0,13.551293743978436,378.23616106684426,379.24329374817756,20,0.1,1.5
2001,27,0.23087614566764164,0,1.3370607000654757,0,13.52452443109985,391.7606854979441,392.7678181792774,20,0.1,1.5
2001,26,0.23087614566764164,0,1.3343891175570732,0,13.497808606015827,405.25849410395995,406.26562678529325,20,0.1,1.5
2001,25,0.23087614566764164,0,1.331722873140725,0,13.471146161852342,418.7296402658123,419.7367729471456,20,0.1,1.5
2001,24,0.23087614566764164,0,1.3290619561503827,0,13.44453699194892,432.17417725776124,433.1813099390945,20,0.1,1.5
2001,23,0.23087614566764164,0,1.3264063559413117,0,13.417980989858211,445.59215824761947,446.5992909289527,20,0.1,1.5
2001,22,0.23087614566764164,0,1.323756061890045,0,13.391478049345544,458.983636296965,459.99076897829826,20,0.1,1.5
2001,21,0.23087614566764164,0,1.3211110633943424,0,13.365028064388518,472.34866436135354,473.3557970426868,20,0.1,1.5
2001,20,0.23087614566764164,0,1.318471349873148,0,13.338630929176574,485.68729529053013,486.6944279718634,20,0.1,1.5
2001,19,0.23087614566764164,0,1.3158369107665477,0,13.312286538110571,498.9995818286407,500.00671450997396,20,0.1,1.5
2001,18,0.23087614566764164,0,1.3132077355357288,0,13.285994785802382,512.285576614443,513.2927092957764,20,0.1,1.5
2001,17,0.23087614566764164,0,1.3105838136629337,0,13.259755567074432,525.5453321815174,526.5524648628508,20,0.1,1.5
2001,16,0.23087614566764164,0,1.3079651346514232,0,13.233568776959325,538.7789009584767,539.7860336398102,20,0.1,1.5
2001,15,0.23087614566764164,0,1.30535168802543,0,13.207434310699393,551.986335269176,552.9934679505095,20,0.1,1.5
2001,14,0.23087614566764164,0,1.3027434633301183,0,13.181352063746276,565.1676873329222,566.1748200142558,20,0.1,1.5
2001,13,0.23087614566764164,0,1.300140450131543,0,13.155321931760524,578.3230092646827,579.3301419460164,20,0.1,1.5
2001,12,0.23087614566764164,0,1.2975426380166049,0,13.129343810611143,591.4523530752938,592.4594857566275,20,0.1,1.5
2001,11,0.23087614566764164,0,1.294950016593014,0,13.103417596375232,604.5557706716689,605.5629033530028,20,0.1,1.5
2001,10,0.23087614566764164,0,1.2923625754892436,0,13.07754318533753,617.6333138570064,618.6404465383403,20,0.1,1.5
2001,9,0.23087614566764164,0,1.2897803043544909,0,13.051720473990002,630.6850343309964,631.6921670123303,20,0.1,1.5
2001,8,0.23087614566764164,0,1.2872031928586354,0,13.025949359031447,643.7109836900278,644.7181163713617,20,0.1,1.5
2001,7,0.23087614566764164,0,1.2846312306921965,0,13.000229737367059,656.7112134273948,657.7183461087287,20,0.1,1.5
2001,6,0.23087614566764164,0,1.282064407566293,0,12.974561506108024,669.6857749335028,670.6929076148367,20,0.1,1.5
2001,5,0.23087614566764164,0,1.2795027132126022,0,12.948944562571116,682.6347194960739,683.6418521774078,20,0.1,1.5
2001,4,0.23087614566764164,0,1.276946137383319,0,12.923378804278284,695.5580983003522,696.5652309816861,20,0.1,1.5
2001,3,0.23087614566764164,0,1.2743946698511133,0,12.897864128956227,708.4559624293083,709.4630951106424,20,0.1,1.5
2001,2,0.011543807283382081,0,5.415078821855763e-4,0,0.013110950344110483,708.4690733796525,709.4762060609864,1,0.1,1.5
2001,1,150,0,1.286623931953949,0,112.86623931953949,821.335312699192,822.342445380526,99999,0.1,1.5
2002,127,1.279018102901947e-4,0.031102626923529775,0.031102626923529775,0,0.6221378063441223,0,0,1,0.1,1.5
2002,126,1.23720720195679e-4,3.041952589354237e-4,0.030416483940953,0.0011616755471891272,0.3238846374388593,0.30728927247901466,0.3238846374388593,1,0.1,1.5
2002,125,1.1963921492872403e-4,2.804134669705349e-4,0.0299918273870968,0.0011349813183844995,0.31901618685135674,0.6100914404963073,0.6429008242902161,1,0.1,1.5
2002,124,1.1561821479923121e-4,2.7324995851896877e-4,0.02951674568840705,0.0011074777238179918,0.3137981456193833,0.9080684757754336,0.9566989699095994,1,0.1,1.5
2002,123,1.11579602478561e-4,2.6615256008858393e-4,0.02898866235173792,0.0010784966740736224,0.3080296308638263,1.200691011295351,1.2647286007734255,1,0.1,1.5
2002,122,1.0752209555897999e-4,2.5837641933985244e-4,0.02837118200894368,0.0010467415422748829,0.3013207162838015,1.4870582769752256,1.5660493170572272,1,0.1,1.5
2002,121,1.0328346784523969e-4,2.507575219204441e-4,0.027755784050889805,0.0010156410178875338,0.294643428771726,1.7671925483485584,1.860692745828953,1,0.1,1.5
2002,120,9.932212979683068e-5,2.445326437203966e-4,0.027281451328215568,9.902028399230278e-4,0.2894718093286008,2.042518602821116,2.150164555157554,1,0.1,1.5
2002,119,9.62260267864903e-5,2.396751969120299e-4,0.026949898259767055,9.703141731280806e-4,0.285821516296002,2.314478488072431,2.4359860714535557,1,0.1,1.5
2002,118,9.390931573591983e-5,2.3613885114453416e-4,0.02676052476317703,9.55782497266769e-4,0.2836832780289457,2.5845077304261372,2.7196693494825013,1,0.1,1.5
2002,117,9.22954497642281e-5,2.3383902660754406e-4,0.026708196370951,9.462607884324621e-4,0.2829998955387491,2.8539896147015655,3.0026692450212504,1,0.1,1.5
2002,116,9.130967607481812e-5,2.3266229681050292e-4,0.02678417647584959,9.412857054838315e-4,0.28367619949375317,3.12421887554555,3.2863454445150038,1,0.1,1.5
2002,115,9.087992059173088e-5,2.3243494241485918e-4,0.026972343674271915,9.401505207832694e-4,0.2855390945060708,3.3963272483261453,3.5718845390210747,1,0.1,1.5
2002,114,9.091815117761276e-5,2.3297958892985732e-4,0.027255528375825195,9.421344342439064e-4,0.28840475509467706,3.671272940074481,3.8602892941157516,1,0.1,1.5
2002,113,9.13426677909883e-5,2.3397896426586984e-4,0.027599338667689193,9.459518407021093e-4,0.29190766915572713,3.949667011505892,4.152196963271479,1,0.1,1.5
2002,112,9.200910956291632e-5,2.3527056632742578e-4,0.027986493729239094,9.509440476596612e-4,0.295863897328607,4.2319459938679325,4.448060860600085,1,0.1,1.5
2002,111,9.284534809936176e-5,2.3627453371634789e-4,0.028348709281618513,9.547667750389572e-4,0.2995512604097809,4.5178577289200135,4.747612121009866,1,0.1,1.5
2002,110,9.357403999398109e-5,2.3785898333128142e-4,0.028790800583738542,9.609275941321148e-4,0.30407651542305775,4.808206707284041,5.051688636432924,1,0.1,1.5
2002,109,9.461904786567915e-5,2.416296232431323e-4,0.029512819718979937,9.759081944844231e-4,0.31154911842296623,5.105814280071516,5.36323775485589,1,0.1,1.5
2002,108,9.680993256055058e-5,2.476797722930582e-4,0.030537057520658877,0.0010000754318321703,0.3221987047678764,5.413726192956076,5.685436459623766,1,0.1,1.5
2002,107,1.002973031437515e-4,2.560733414700053e-4,0.03188403385769986,0.001033675998657202,0.3362347368412783,5.735194129816537,6.021671196465044,1,0.1,1.5
2002,106,1.052787964286831e-4,2.668067225980802e-4,0.0335679263640264,0.0010766824543119709,0.353798694649273,6.073611646547067,6.375469891114316,1,0.1,1.5
2002,105,1.1200539294907983e-4,2.7977338588841647e-4,0.03559208125319156,0.0011286504919106545,0.3749167951086323,6.4324048631998325,6.7503866862229485,1,0.1,1.5
2002,104,1.2078554187489775e-4,2.9472440377528654e-4,0.03794357785880609,0.001188560177760587,0.39944297743126256,6.81486840952023,7.149829663654211,1,0.1,1.5
2002,103,1.3198617346202014e-4,3.1122322181184077e-4,0.04058637563480212,0.0012546346018378,0.42698733080327334,7.223932388868678,7.576816994457484,1,0.1,1.5
2002,102,1.4602202388434211e-4,3.286210907473972e-4,0.04345618639959762,0.0013242426543715565,0.45686317512468094,7.6618778117880515,8.033680169582166,1,0.1,1.5
2002,101,1.6334010276924227e-4,3.4602562793648446e-4,0.046453289099808816,0.001393775043340023,0.48801311272701375,8.12997985246735,8.52169328230918,1,0.1,1.5
2002,100,1.8435643015790414e-4,3.62397642436437e-4,0.04945140269828106,0.0014590378105023899,0.5191043049868382,8.6282407601613,9.040797587296018,1,0.1,1.5
2002,99,2.0946298636496464e-4,3.764708741869108e-4,0.05228199476591597,0.0015149329798340573,0.5483661981038539,9.154965058553238,9.589163785399872,1,0.1,1.5
2002,98,2.386986777674896e-4,3.87711460175215e-4,0.0548645534029742,0.0015593215782040467,0.5749578036291112,9.707646839636578,10.164121589028984,1,0.1,1.5
2002,97,2.735450781808852e-4,3.9500462288961225e-4,0.05702361183072522,0.001587738551481677,0.5970505072284833,10.282015367558179,10.761172096257466,1,0.1,1.5
2002,96,3.15752856364506e-4,3.9651079970808175e-4,0.05845421344548595,0.0015928248965505392,0.6114723857354767,10.870733111914364,11.372644481992943,1,0.1,1.5
2002,95,3.6499349100483974e-4,3.9241507846410724e-4,0.05912280557063695,0.0015753750215075305,0.6179008929351214,11.466128647399376,11.990545374928065,1,0.1,1.5
2002,94,4.1905823642545445e-4,3.87529161370369e-4,0.05971081081403642,0.0015547416659949234,0.6234733671401836,12.067391419311061,12.614018742068248,1,0.1,1.5
2002,93,4.8244847594487646e-4,3.8229036893507544e-4,0.06028041566079058,0.0015326841207408664,0.6288441800537083,12.674340111925614,13.242862922121956,1,0.1,1.5
2002,92,6.029918506527495e-4,3.767225556085693e-4,0.060830817385118766,0.001509300017933069,0.6340388228019904,13.28681750589999,13.876901744923947,1,0.1,1.5
2002,91,7.907735232346679e-4,3.7083899304726916e-4,0.06136222214767955,0.0014846443919913947,0.6390669993559683,13.904675299656082,14.515968744279915,1,0.1,1.5
2002,90,0.0010414617850304983,3.6464772464623484e-4,0.06187498257980975,0.0014587512673338728,0.6439299147203021,14.52776591055733,15.159898659000216,1,0.1,1.5
2002,89,0.0013484144448885575,3.5815808720572693e-4,0.06236981491744996,0.001431659810301593,0.6486309560141242,15.155944583567145,15.80852961501434,1,0.1,1.5
2002,88,0.0017028060738419133,3.51380390270316e-4,0.06284776890842773,0.0014034130225984262,0.6531754545019002,15.789071280603354,16.461705069516242,1,0.1,1.5
2002,87,0.0020938867977229147,3.4430657981384126e-4,0.06330663054826458,0.001373980589192836,0.6575335899439256,16.426976576415957,17.119238659460166,1,0.1,1.5
2002,86,0.0025291127635232425,3.369333079756929e-4,0.06374341549486884,0.0013433512150779383,0.6616802948480981,17.069466139620086,17.780918954308262,1,0.1,1.5
2002,85,0.003022913070043806,3.292784409686595e-4,0.06415847193263526,0.0013115982794668598,0.6656298973941662,17.716358918736155,18.446548851702428,1,0.1,1.5
2002,84,0.003572266014939471,3.213528694201091e-4,0.0645520619608252,0.0012787672392691209,0.6693837623972096,18.367474577715235,19.115932614099638,1,0.1,1.5
2002,83,0.004172172715696933,3.1316855270259003e-4,0.06492478827752894,0.0012449077490841573,0.6729454131949346,19.02263559449468,19.788878027294572,1,0.1,1.5
2002,82,0.004815657340267675,3.047383384902761e-4,0.06527760022561094,0.0012100729161441074,0.6763205798127729,19.681669418362535,20.465198607107347,1,0.1,1.5
2002,81,0.0054937872513675535,2.960756925844578e-4,0.06561178012091813,0.0011743182001436438,0.6795170572570371,20.344410501331804,21.144715664364384,1,0.1,1.5
2002,80,0.0061734616341954885,2.8718535318359405e-4,0.06592827307148483,0.0011376643849075755,0.6825225736919702,21.010680726667953,21.827238238056353,1,0.1,1.5
2002,79,0.006844604556394974,2.7808345549987354e-4,0.06622900932553875,0.0011001774129420375,0.6853508176995359,21.680314724182605,22.51258905575589,1,0.1,1.5
2002,78,0.00751361466098227,2.687926948544e-4,0.06651672421194278,0.0010619489305835588,0.6880349445169632,22.353178969691232,23.200624000272853,1,0.1,1.5
2002,77,0.008166211697511217,2.593268064009236e-4,0.0667938073592822,0.0010230348369117557,0.6905902661729589,23.029154452479737,23.89121426644581,1,0.1,1.5
2002,76,0.008787170376952902,2.496986282787544e-4,0.06706276746324613,9.8348728456133e-4,0.6930325928507602,23.708137226979623,24.58424685929657,1,0.1,1.5
2002,75,0.009360877582253783,2.3989937974963534e-4,0.06732020883131354,9.432732736088384e-4,0.6953169996455938,24.38997889414509,25.279563858942165,1,0.1,1.5
2002,74,0.00990134123530219,2.299284862256173e-4,0.06756216170134366,9.023925299478804e-4,0.6974131178889592,25.074500690177654,25.976976976831125,1,0.1,1.5
2002,73,0.010430239219584653,2.198065594043027e-4,0.06779012232503152,8.609280362808108e-4,0.6993517536042834,25.761553471835068,26.676328730435408,1,0.1,1.5
2002,72,0.01094333046363602,2.095441575615266e-4,0.06800471207815445,8.18923053895898e-4,0.7011370167695252,26.450991587834654,27.377465747204933,1,0.1,1.5
2002,71,0.011436329974013604,1.9915166748911395e-4,0.06820658152848645,7.76420075802827e-4,0.7027732673110432,27.142673139777088,28.080239014515975,1,0.1,1.5
2002,70,0.01190494062748788,1.8863926033147032e-4,0.0683964036361551,7.334606508670515e-4,0.7042650653479582,27.836460195826945,28.784504079863932,1,0.1,1.5
2002,69,0.012344886190564777,1.7801685164506366e-4,0.06857486624874361,6.900852257466191e-4,0.7056171154987386,28.532218950957876,29.490121195362672,1,0.1,1.5
2002,68,0.012751945479591274,1.6729406731613649e-4,0.06874266424191842,6.463330110645777e-4,0.7068342088082338,29.229819831036618,30.196955404170907,1,0.1,1.5
2002,67,0.013121987590356252,1.5648021578742194e-4,0.06890049134510531,6.022418735659358e-4,0.7079211626724876,29.929137538372448,30.904876566843395,1,0.1,1.5
2002,66,0.01345100817199879,1.4558426849564697e-4,0.06904903244815871,5.578482615336902e-4,0.7088827668269287,30.630051044320325,31.613759333670323,1,0.1,1.5
2002,65,0.013735163050711197,1.3461483760738053e-4,0.06918895109861808,5.131871217267112e-4,0.7097236793254913,31.332443479049722,32.323483012995815,1,0.1,1.5
2002,64,0.01397082421089456,1.2357947648339074e-4,0.06932046484899786,4.682892621723795e-4,0.7104441726645381,32.0361978051118,33.03392718566035,1,0.1,1.5
2002,63,0.014156619385626764,1.124853699653636e-4,0.0694433913990609,4.2318407009485793e-4,0.711042000662988,32.74119431905915,33.74496918632334,1,0.1,1.5
2002,62,0.014293555797178744,1.0134043717518067e-4,0.06955777818389033,3.7790368535713407e-4,0.7115188474853047,33.44731454246792,34.45648803380864,1,0.1,1.5
2002,61,0.014381997663121843,9.01523391538147e-5,0.06966359046546292,3.324792159091314e-4,0.7118751295726646,34.15443996895617,35.1683631633813,1,0.1,1.5
2002,60,0.014422593205688047,7.892870219590163e-5,0.0697607518472721,2.8694159622299044e-4,0.7121110332921338,34.86245183658797,35.88047419667343,1,0.1,1.5
2002,59,0.014416253186073598,6.767713769400284e-5,0.06984914713165263,2.4132166735722554e-4,0.7122265305416662,35.57123091473882,36.592700727215096,1,0.1,1.5
2002,58,0.014364130186678955,5.640526197617778e-5,0.06992862744922022,1.9565025580067742e-4,0.7122214175573787,36.28065732864191,37.304922144772476,1,0.1,1.5
2002,57,0.014267588057521598,4.5120712916449834e-5,0.06999901794825582,1.499582382793129e-4,0.712095372530251,36.99061044062531,38.017017517302726,1,0.1,1.5
2002,56,0.014128158199904888,3.3830857723807696e-5,0.07005936435371019,1.0427570673317548e-4,0.7118403772009408,37.70096116487292,38.72885789450367,1,0.1,1.5
2002,55,0.013951118016842803,2.2545214258586854e-5,0.0701148070337075,5.8638502812722194e-5,0.7115119607215472,38.411635432697146,39.440369855225214,1,0.1,1.5
2002,54,0.013713438286392123,1.1299292406194374e-5,0.0705580078859419,1.4098358405874138e-5,0.7150367690944929,39.126470796671555,40.15540662431971,1,0.1,1.5
2002,53,0.011543807283382081,1.4034102725992078e-6,0.07045417761727656,0,0.7122516817977462,39.8387224784693,40.867658306117455,1,0.1,1.5
2002,52,0.23087614566764164,2.132984246945291e-9,1.257384959846949,0,12.727767050244427,52.566489528713724,53.595425356361886,20,0.1,1.5
2002,51,0.23087614566764164,4.989453433369205e-66,1.0648851875757286,0,10.80276930620238,63.3692588349161,64.39819466256426,20,0.1,1.5
2002,50,0.23087614566764164,5.409732407192071e-96,1.1805500096680352,0,11.959417527125446,75.32867636204155,76.35761218968972,20,0.1,1.5
2002,49,0.23087614566764164,7.758434509465734e-130,1.3013979400472775,0,13.167896830917869,88.49657319295942,89.52550902060759,20,0.1,1.5
2002,48,0.23087614566764164,4.033626724420759e-152,1.3876089632559248,0,14.03000706300434,102.52658025596375,103.55551608361193,20,0.1,1.5
2002,47,0.23087614566764164,3.5675475847651715e-154,1.39149080282349,0,14.068825458679994,116.59540571464375,117.62434154229193,20,0.1,1.5
2002,46,0.23087614566764164,3.567547584765216e-194,1.388710463464743,0,14.041022065092523,130.63642777973627,131.66536360738445,20,0.1,1.5
2002,45,0.23087614566764164,3.5675475847652625e-234,1.3859356795052364,0,14.013274225497458,144.6497020052337,145.67863783288192,20,0.1,1.5
2002,44,0.23087614566764164,3.567547584765308e-274,1.3831664398447219,0,13.985581828892313,158.63528383412603,159.66421966177424,20,0.1,1.5
2002,43,0.23087614566764164,3.5675475846e-314,1.3804027334051279,0,13.957944764496373,172.5932285986224,173.62216442627061,20,0.1,1.5
2002,42,0.23087614566764164,0,1.377644549130521,0,13.930362921750303,186.5235915203727,187.55252734802093,20,0.1,1.5
2002,41,0.23087614566764164,0,1.3748918759870565,0,13.902836190315659,200.42642771068836,201.4553635383366,20,0.1,1.5
2002,40,0.23087614566764164,0,1.3721447029629366,0,13.87536446007446,214.3017921707628,215.33072799841105,20,0.1,1.5
2002,39,0.23087614566764164,0,1.3694030190683666,0,13.84794762112876,228.14973979189156,229.1786756195398,20,0.1,1.5
2002,38,0.23087614566764164,0,1.3666668133355098,0,13.820585563800192,241.97032535569176,242.99926118334,20,0.1,1.5
2002,37,0.23087614566764164,0,1.3639360748184464,0,13.793278178629558,255.7636035343213,256.79253936196955,20,0.1,1.5
2002,36,0.23087614566764164,0,1.361210792593125,0,13.766025356376343,269.52962889069767,270.5585647183459,20,0.1,1.5
2002,35,0.23087614566764164,0,1.3584909557573241,0,13.738826988018335,283.268455878716,284.29739170636424,20,0.1,1.5
2002,34,0.23087614566764164,0,1.355776553430605,0,13.711682964751144,296.98013884346716,298.0090746711154,20,0.1,1.5
2002,33,0.23087614566764164,0,1.3530675747542664,0,13.684593177987757,310.66473202145494,311.6936678491032,20,0.1,1.5
2002,32,0.23087614566764164,0,1.3503640088913078,0,13.657557519358171,324.32228954081313,325.35122536846137,20,0.1,1.5
2002,31,0.23087614566764164,0,1.3476658450263812,0,13.630575880708905,337.95286542152206,338.9818012491703,20,0.1,1.5
2002,30,0.23087614566764164,0,1.3449730723657474,0,13.603648154102567,351.55651357562465,352.5854494032729,20,0.1,1.5
2002,29,0.23087614566764164,0,1.3422856801372363,0,13.576774231817456,365.1332878074421,366.16222363509036,20,0.1,1.5
2002,28,0.23087614566764164,0,1.3396036575901988,0,13.549954006347082,378.6832418137892,379.71217764143745,20,0.1,1.5
2002,27,0.23087614566764164,0,1.336926993995469,0,13.523187370399786,392.206429184189,393.23536501183725,20,0.1,1.5
2002,26,0.23087614566764164,0,1.3342556786453175,0,13.49647421689827,405.7029034010873,406.7318392287355,20,0.1,1.5
2002,25,0.23087614566764164,0,1.3315897008534108,0,13.469814438979201,419.1727178400665,420.2016536677147,20,0.1,1.5
2002,24,0.23087614566764164,0,1.3289290499547677,0,13.44320792999277,432.61592577005933,433.64486159770746,20,0.1,1.5
2002,23,0.23087614566764164,0,1.3262737153057176,0,13.41665458350227,446.0325803535616,447.06151618120975,20,0.1,1.5
2002,22,0.23087614566764164,0,1.323623686283856,0,13.390154293283654,459.4227346468453,460.4516704744934,20,0.1,1.5
2002,21,0.23087614566764164,0,1.3209789522880029,0,13.363706953325122,472.78644160017046,473.81537742781853,20,0.1,1.5
2002,20,0.23087614566764164,0,1.3183395027381606,0,13.3373124578267,486.1237540579972,487.15268988564526,20,0.1,1.5
2002,19,0.23087614566764164,0,1.315705327075471,0,13.310970701199805,499.434724759197,500.46366058684504,20,0.1,1.5
2002,18,0.23087614566764164,0,1.3130764147621752,0,13.284681578066845,512.7194063372639,513.7483421649118,20,0.1,1.5
2002,17,0.23087614566764164,0,1.3104527552815675,0,13.258444983260768,525.9778513205246,527.0067871481726,20,0.1,1.5
2002,16,0.23087614566764164,0,1.307834338137958,0,13.232260811824673,539.2101121323492,540.2390479599973,20,0.1,1.5
2002,15,0.23087614566764164,0,1.3052211528566273,0,13.206128959011368,552.4162410913606,553.4451769190086,20,0.1,1.5
2002,14,0.23087614566764164,0,1.3026131889837853,0,13.180049320282947,565.5962904116435,566.6252262392916,20,0.1,1.5
2002,13,0.23087614566764164,0,1.3000104360865299,0,13.154021791310393,578.7503122029539,579.7792480306019,20,0.1,1.5
2002,12,0.23087614566764164,0,1.2974128837528032,0,13.128046267973126,591.878358470927,592.907294298575,20,0.1,1.5
2002,11,0.23087614566764164,0,1.2948205215913546,0,13.10212264635864,604.9804811172855,606.0094169449337,20,0.1,1.5
2002,10,0.23087614566764164,0,1.2922333392316947,0,13.076250822762042,618.0567319400476,619.0856677676958,20,0.1,1.5
2002,9,0.23087614566764164,0,1.2896513263240554,0,13.050430693685648,631.1071626337332,632.1360984613814,20,0.1,1.5
2002,8,0.23087614566764164,0,1.2870744725393495,0,13.02466215583859,644.1318247895717,645.1607606172199,20,0.1,1.5
2002,7,0.23087614566764164,0,1.2845027675691274,0,12.998945106136368,657.1307698957081,658.1597057233563,20,0.1,1.5
2002,6,0.23087614566764164,0,1.2819362011255364,0,12.973279441700457,670.1040493374086,671.1329851650568,20,0.1,1.5
2002,5,0.23087614566764164,0,1.279374762941281,0,12.947665059857904,683.0517143972664,684.0806502249146,20,0.1,1.5
2002,4,0.23087614566764164,0,1.2768184427695808,0,12.922101858140902,695.9738162554073,697.0027520830555,20,0.1,1.5
2002,3,0.23087614566764164,0,1.2742672303841283,0,12.896589734286376,708.8704059896936,709.8993418173419,20,0.1,1.5
2002,2,0.011543807283382081,0,5.414537313973577e-4,0,0.013110408836228299,708.8835163985299,709.9124522261782,1,0.1,1.5
2002,1,150,0,1.2864952695607537,0,112.86495269560754,821.7484690941374,822.7774049217858,99999,0.1,1.5
2003,128,1.322315569196459e-4,0.03177595938325317,0.03177595938325317,0,0.6356073420363432,0,0,1,0.1,1.5
2003,127,1.279018102901947e-4,3.110262692352979e-4,0.031099516660837424,0.0012140872577274834,0.3315348008560752,0.31419069717425396,0.3315348008560752,1,0.1,1.5
2003,126,1.23720720195679e-4,2.9346083938663604e-4,0.03070386117935619,0.001187663132999229,0.32702231685326194,0.6242463978418127,0.6585571177093371,1,0.1,1.5
2003,125,1.1963921492872403e-4,2.8654946426583024e-4,0.030272573533954218,0.0011607238478294932,0.32225275871352665,0.9299173873006323,0.9808098764228638,1,0.1,1.5
2003,124,1.1561821479923121e-4,2.7960193053968766e-4,0.029790663444792708,0.001132332395445967,0.3169559096409896,1.2306971198638224,1.2977657860638534,1,0.1,1.5
2003,123,1.11579602478561e-4,2.7228569411929144e-4,0.02925538765402115,0.001102431348078342,0.3111001391413188,1.526048239746879,1.6088659252051722,1,0.1,1.5
2003,122,1.0752209555897999e-4,2.6426914976211924e-4,0.028630030276311506,0.001069713191221577,0.3042962926752267,1.8150629154046547,1.9131622178803989,1,0.1,1.5
2003,121,1.0328346784523969e-4,2.5641782969108786e-4,0.0280069187269566,0.001037683546568278,0.2975262718769682,2.0977651366163617,2.210688489757367,1,0.1,1.5
2003,120,9.932212979683068e-5,2.4999603641796093e-4,0.027526273893063502,0.0010114562350631029,0.29227828883462825,2.375594050664374,2.502966778591995,1,0.1,1.5
2003,119,9.62260267864903e-5,2.4497529525114046e-4,0.0271897818132231,9.909105339461844e-4,0.2885675865399265,2.6500057724336408,2.7915343651319215,1,0.1,1.5
2003,118,9.390931573591983e-5,2.4130701282813757e-4,0.026996794335017404,9.758446227498717e-4,0.28638425715680127,2.9224493921225867,3.0779186222887227,1,0.1,1.5
2003,117,9.22954497642281e-5,2.3890358737419098e-4,0.02694209074842202,9.658992678520228e-4,0.2856700346271195,3.1943208657803916,3.363588656915842,1,0.1,1.5
2003,116,9.130967607481812e-5,2.3764804933906292e-4,0.027016819484572963,9.605969442607654e-4,0.28632836194594297,3.466926414236895,3.6499170188617853,1,0.1,1.5
2003,115,9.087992059173088e-5,2.3736197961996596e-4,0.027204684070100304,9.59212319589484e-4,0.28818408024792314,3.7414074613478254,3.9381010991097085,1,0.1,1.5
2003,114,9.091815117761276e-5,2.378634044502752e-4,0.027488336431548587,9.610064547111193e-4,0.29105127409950393,4.018730071808599,4.229152373209212,1,0.1,1.5
2003,113,9.13426677909883e-5,0.00023882774981818602,0.02783306669399795,9.64665260443465e-4,0.2945607718420715,4.299509911358621,4.523713145051284,1,0.1,1.5
2003,112,9.200910956291632e-5,2.4008871757818956e-4,0.028221431091781084,9.695152183475487e-4,0.298526754904933,4.584186448858589,4.822239899956217,1,0.1,1.5
2003,111,9.284534809936176e-5,2.4105443909690279e-4,0.02858456610445009,9.73165716485055e-4,0.3022204697125608,4.872504551192792,5.124460369668777,1,0.1,1.5
2003,110,9.357403999398109e-5,2.4261048836634152e-4,0.029028153402213198,9.791914831062366e-4,0.3067584713577852,5.165274572791916,5.4312188410265625,1,0.1,1.5
2003,109,9.461904786567915e-5,2.463933448535371e-4,0.029753845485629146,9.94191932575994e-4,0.31426820956401336,5.465340040461987,5.745487050590576,1,0.1,1.5
2003,108,9.680993256055058e-5,2.5249565568097315e-4,0.030784022672864855,0.001018530261611645,0.32498015554923637,5.775769763702486,6.070467206139813,1,0.1,1.5
2003,107,1.002973031437515e-4,2.6097973307900055e-4,0.03213926445397839,0.0010524458055057313,0.33910424681798973,6.099839070441822,6.4095714529578025,1,0.1,1.5
2003,106,1.052787964286831e-4,2.718386808039735e-4,0.033833740184967986,0.001095897140525087,0.35678164795807804,6.440965044963828,6.766353100915881,1,0.1,1.5
2003,105,1.1200539294907983e-4,2.849603568365478e-4,0.03587068466804391,0.0011484169446616683,0.3780370768630802,6.802596165474598,7.144390177778961,1,0.1,1.5
2003,104,1.2078554187489775e-4,3.0008728847789965e-4,0.038236923545460356,0.0012089509771776228,0.4027213602793604,7.188046797508564,7.547111538058322,1,0.1,1.5
2003,103,1.3198617346202014e-4,3.167708826775684e-4,0.04089597564769809,0.0012756747228715557,0.43043938069851545,7.600262253594629,7.977550918756837,1,0.1,1.5
2003,102,1.4602202388434211e-4,3.343468745003631e-4,0.04378290144455055,0.0013458964473969021,0.46049692331210196,8.04153208480106,8.438047842068938,1,0.1,1.5
2003,101,1.6334010276924227e-4,3.5190401711437063e-4,0.04679708753173384,0.0014159340256157055,0.4918264378276955,8.513130893691388,8.929874279896634,1,0.1,1.5
2003,100,1.8435643015790414e-4,3.6838342904996186e-4,0.04981121701063683,0.001481518390485737,0.5230834571191504,9.015049802375028,9.452957737015785,1,0.1,1.5
2003,99,2.0946298636496464e-4,3.8249795370038346e-4,0.05265549981139789,0.0015374732189785073,0.552483522770157,9.54556942201692,10.005441259785941,1,0.1,1.5
2003,98,2.386986777674896e-4,3.937075091527638e-4,0.05524889734218491,0.0015816376067978592,0.5791800039194768,10.102154602982141,10.584621263705419,1,0.1,1.5
2003,97,2.735450781808852e-4,4.0088468409931534e-4,0.057414844107412565,0.0016095020449102412,0.6013325376564334,10.680494254282713,11.185953801361851,1,0.1,1.5
2003,96,3.15752856364506e-4,4.021713321347156e-4,0.05884657424827904,0.0016136436757527473,0.615750010219134,11.273192211991095,11.801703811580985,1,0.1,1.5
2003,95,3.6499349100483974e-4,3.977679061615237e-4,0.05951073704545677,0.0015949207278861271,0.6221129603371308,11.872520590501281,12.423816771918116,1,0.1,1.5
2003,94,4.1905823642545445e-4,3.9256070811243454e-4,0.06009352514945374,0.0015729636887822913,0.6276111405730257,12.477660821234561,13.05142791249114,1,0.1,1.5
2003,93,4.8244847594487646e-4,3.8699393387456733e-4,0.06065755864940972,0.0015495575016917942,0.6329036938885936,13.0884279793847,13.684331606379734,1,0.1,1.5
2003,92,6.029918506527495e-4,3.8109223003935294e-4,0.06120205930786352,0.001524802971691846,0.6380164095417283,13.704661489330832,14.322348015921463,1,0.1,1.5
2003,91,7.907735232346679e-4,3.7486948792832134e-4,0.061727247023462634,0.0014987576570613483,0.6429591711350375,14.326209836793565,14.965307187056501,1,0.1,1.5
2003,90,0.0010414617850304983,3.6833429407993055e-4,0.06223348289838524,0.0014714578208202076,0.647733305793056,14.952922316574904,15.613040492849557,1,0.1,1.5
2003,89,0.0013484144448885575,3.6149653344745553e-4,0.06272149288853361,0.0014429448759320702,0.6523423354106707,15.584651153757974,16.265382828260226,1,0.1,1.5
2003,88,0.0017028060738419133,3.543670595523097e-4,0.0631923373871865,0.0014132640424895314,0.6567917348378952,16.22125340227459,16.92217456309812,1,0.1,1.5
2003,87,0.0020938867977229147,3.469382130963474e-4,0.06364379503250796,0.0013823867350989147,0.6610516389178428,16.862556659262452,17.583226202015965,1,0.1,1.5
2003,86,0.0025291127635232425,3.392071368492415e-4,0.06407287895708884,0.0013503037535131613,0.6650969897366796,17.508363595377517,18.248323191752643,1,0.1,1.5
2003,85,0.003022913070043806,3.311923542764015e-4,0.0644799556553087,0.0013170911054219564,0.6689423426961939,18.158490350853395,18.917265534448838,1,0.1,1.5
2003,84,0.003572266014939471,3.2290533851148134e-4,0.06486529856444641,0.0012827966125207389,0.6725892155993586,18.812753900559603,19.589854750048197,1,0.1,1.5
2003,83,0.004172172715696933,3.143586227980652e-4,0.06522952273597223,0.0012474722464689816,0.6760412941572481,19.470974162624437,20.265896044205444,1,0.1,1.5
2003,82,0.004815657340267675,3.055656124209296e-4,0.0655735906946244,0.0012111733532116716,0.6793044777717508,20.132976163921732,20.945200521977196,1,0.1,1.5
2003,81,0.0054937872513675535,2.965403069617555e-4,0.06589879849294195,0.0011739575231712275,0.682386734592871,20.798592076755014,21.627587256570067,1,0.1,1.5
2003,80,0.0061734616341954885,2.8728794975872984e-4,0.06620609634040457,0.0011358476162013197,0.6852758785082582,21.46764156074611,22.312863135078324,1,0.1,1.5
2003,79,0.006844604556394974,2.778251877905081e-4,0.06649743077784172,0.0010969115869094669,0.6879857948878637,22.139957190106696,23.00084892996619,1,0.1,1.5
2003,78,0.00751361466098227,2.681751595944337e-4,0.06677555977216747,0.0010572427511734918,0.6905498936321808,22.81540361586497,23.69139882359837,1,0.1,1.5
2003,77,0.008166211697511217,2.583519772919482e-4,0.06704288668777421,0.001016898466956855,0.6929836487388622,23.493860143647307,24.384382472337233,1,0.1,1.5
2003,76,0.008787170376952902,2.4836880742312e-4,0.06730193300764013,9.75932146600368e-4,0.6953030195438443,24.175221275382576,25.079685491881076,1,0.1,1.5
2003,75,0.009360877582253783,2.3821731219970596e-4,0.06754929512883262,9.343126999373499e-4,0.6974630337499784,24.859336984847737,25.777148525631056,1,0.1,1.5
2003,74,0.00990134123530219,2.2789741734922627e-4,0.0677810036176605,8.920419378045106e-4,0.6994333607613156,25.546026889354703,26.47658188639237,1,0.1,1.5
2003,73,0.010430239219584653,2.1743007466424572e-4,0.06799857532186922,8.492040857170805e-4,0.7012450337172065,26.235140436133094,27.177826920109577,1,0.1,1.5
2003,72,0.01094333046363602,2.0682620504958976e-4,0.06820264237042062,8.058438202770731e-4,0.7029022939725129,26.92653067553022,27.88072921408209,1,0.1,1.5
2003,71,0.011436329974013604,1.960965356255979e-4,0.06839386588928431,7.620049560822086e-4,0.7044096293186634,27.620054519761997,28.585138843400756,1,0.1,1.5
2003,70,0.01190494062748788,1.8525155532007757e-4,0.06857292915850824,7.177302693411743e-4,0.7057717237852917,28.31557295398527,29.29091056718605,1,0.1,1.5
2003,69,0.012344886190564777,1.743014749531054e-4,0.06874053006855538,6.730613403974856e-4,0.7069934015678063,29.012951193547398,29.997903968753857,1,0.1,1.5
2003,68,0.012751945479591274,1.6325619343930578e-4,0.06889737322826038,6.280384215225417e-4,0.7080795686537131,29.71205878475079,30.70598353740757,1,0.1,1.5
2003,67,0.013121987590356252,1.5212527054935817e-4,0.06904416176436229,5.82700331690369e-4,0.7090351525287403,30.41276964682681,31.41501868993631,1,0.1,1.5
2003,66,0.01345100817199879,1.4091790806837901e-4,0.06918158961029733,5.370843853268257e-4,0.709865048041087,31.1149620607918,32.1248837379774,1,0.1,1.5
2003,65,0.013735163050711197,1.296429288077516e-4,0.0693103289839399,4.912263149209248e-4,0.710574013279202,31.81851855528642,32.8354577512566,1,0.1,1.5
2003,64,0.01397082421089456,1.1830811030792879e-4,0.06943060511805606,4.4515777917008854e-4,0.7111624119361899,32.52332157037732,33.546620163192785,1,0.1,1.5
2003,63,0.014156619385626764,1.0692087122336812e-4,0.06954224307744471,0.00039890905913562763,0.7116280865885598,33.229250956121085,34.258248249781346,1,0.1,1.5
2003,62,0.014293555797178744,9.548932571103533e-5,0.06964529832741123,3.5251301961482457e-4,0.7119728140095535,33.93618786985043,34.9702210637909,1,0.1,1.5
2003,61,0.014381997663121843,8.402132736882099e-5,0.06973974391039366,3.060014851304516e-4,0.7121971006072838,34.644013520670136,35.682418164398186,1,0.1,1.5
2003,60,0.014422593205688047,7.252468607770662e-5,0.06982551117114312,2.5940606941390193e-4,0.7123012217009609,35.352608941379465,36.39471938609915,1,0.1,1.5
2003,59,0.014416253186073598,6.1007188216246415e-5,0.06990249263377878,2.1275825697076364e-4,0.7122852373483435,36.061854775056794,37.107004623447494,1,0.1,1.5
2003,58,0.014364130186678955,4.947661656993113e-5,0.06997054715042547,1.66089482174218e-4,0.7121490313492764,36.77163109951787,37.81915365479677,1,0.1,1.5
2003,57,0.014267588057521598,3.7940766698992725e-5,0.07002950760603081,1.194311930224159e-4,0.7118923689992993,37.48181730861685,38.53104602379607,1,0.1,1.5
2003,56,0.014128158199904888,2.640723526053195e-5,0.07007842734395811,7.281435692164549e-5,0.711507323024337,38.19228442654231,39.24255334682041,1,0.1,1.5
2003,55,0.013951118016842803,1.4885077845766417e-5,0.07012245517870731,2.6272768022782885e-5,0.7110494731675608,38.9029585744524,39.95360281998797,1,0.1,1.5
2003,54,0.013713438286392123,3.6375825255304783e-6,0.07055447667475477,9.895038728506295e-8,0.7147248483406923,39.61768200921613,40.668327668328665,1,0.1,1.5
2003,53,0.011543807283382081,1.4034102725992086e-8,0.07044713219951483,0,0.7121673338584302,40.32984934307456,41.3804950021871,1,0.1,1.5
2003,52,0.23087614566764164,2.1329842469452923e-11,1.2572592213509644,0,12.726509644168036,53.05635898724259,54.107004646355136,20,0.1,1.5
2003,51,0.23087614566764164,4.989453433369207e-68,1.064778699056971,0,10.801704421014804,63.858063408257394,64.90870906736994,20,0.1,1.5
2003,50,0.23087614566764164,5.409732407192074e-98,1.1804319546670685,0,11.95823697711578,75.81630038537317,76.86694604448572,20,0.1,1.5
2003,49,0.23087614566764164,7.758434509465738e-132,1.3012678002532727,0,13.166595432977822,88.98289581835098,90.03354147746353,20,0.1,1.5
2003,48,0.23087614566764164,4.033626724420761e-154,1.3874702023595993,0,14.028619454041086,103.01151527239206,104.06216093150462,20,0.1,1.5
2003,47,0.23087614566764164,3.5675475847651735e-156,1.3913516537432078,0,14.067433967877172,117.07894924026922,118.1295948993818,20,0.1,1.5
2003,46,0.23087614566764164,3.567547584765218e-196,1.3885715924183966,0,14.039633354629059,131.11858259489827,132.16922825401085,20,0.1,1.5
2003,45,0.23087614566764164,3.5675475847652643e-236,1.385797085937286,0,14.011888289817954,145.13047088471623,146.1811165438288,20,0.1,1.5
2003,44,0.23087614566764164,3.5675475847653096e-276,1.3830281232007373,0,13.984198662452467,159.1146695471687,160.16531520628126,20,0.1,1.5
2003,43,0.23087614566764164,3.5675476e-316,1.3802646931317875,0,13.956564361762968,173.07123390893165,174.12187956804422,20,0.1,1.5
2003,42,0.23087614566764164,0,1.377506784675608,0,13.928985277201173,187.00021918613282,188.0508648452454,20,0.1,1.5
2003,41,0.23087614566764164,0,1.3747543867994578,0,13.901461298439672,200.9016804845725,201.95232614368507,20,0.1,1.5
2003,40,0.23087614566764164,0,1.3720074884926403,0,13.873992315371497,214.77567279994398,215.82631845905658,20,0.1,1.5
2003,39,0.23087614566764164,0,1.3692660787664597,0,13.846578218109691,228.62225101805367,229.67289667716628,20,0.1,1.5
2003,38,0.23087614566764164,0,1.3665301466541762,0,13.819218896986856,242.44146991504053,243.49211557415313,20,0.1,1.5
2003,37,0.23087614566764164,0,1.3637996812109645,0,13.79191424255474,256.2333841575953,257.28402981670786,20,0.1,1.5
2003,36,0.23087614566764164,0,1.3610746715138657,0,13.764664145583751,269.9980483031791,271.0486939622916,20,0.1,1.5
2003,35,0.23087614566764164,0,1.3583551066617485,0,13.73746849706258,283.73551680024167,284.7861624593542,20,0.1,1.5
2003,34,0.23087614566764164,0,1.3556409757752619,0,13.710327188197713,297.44584398843944,298.4964896475519,20,0.1,1.5
2003,33,0.23087614566764164,0,1.352932267996791,0,13.683240110413005,311.12908409885245,312.17972975796494,20,0.1,1.5
2003,32,0.23087614566764164,0,1.3502289724904186,0,13.65620715534928,324.78529125420175,325.83593691331424,20,0.1,1.5
2003,31,0.23087614566764164,0,1.3475310784418786,0,13.629228214863879,338.4145194690657,339.4651651281781,20,0.1,1.5
2003,30,0.23087614566764164,0,1.3448385750585108,0,13.602303181030202,352.0168226500959,353.0674683092083,20,0.1,1.5
2003,29,0.23087614566764164,0,1.3421514515692226,0,13.57543194613732,365.59225459623326,366.64290025534564,20,0.1,1.5
2003,28,0.23087614566764164,0,1.3394696972244398,0,13.548614402689491,379.14086899892277,380.19151465803515,20,0.1,1.5
2003,27,0.23087614566764164,0,1.3367933012960695,0,13.52185044340579,392.6627194423286,393.71336510144096,20,0.1,1.5
2003,26,0.23087614566764164,0,1.334122253077453,0,13.495139961219625,406.15785940354823,407.2085050626606,20,0.1,1.5
2003,25,0.23087614566764164,0,1.3314565418833255,0,13.468482849278349,419.6263422528266,420.67698791193897,20,0.1,1.5
2003,24,0.23087614566764164,0,1.3287961570497722,0,13.441879000942816,433.0682212537694,434.1188669128818,20,0.1,1.5
2003,23,0.23087614566764164,0,1.326141087934187,0,13.415328309786965,446.48354956355644,447.53419522266876,20,0.1,1.5
2003,22,0.23087614566764164,0,1.3234913239152275,0,13.388830669597368,459.8723802331538,460.92302589226614,20,0.1,1.5
2003,21,0.23087614566764164,0,1.320846854392774,0,13.362385974372835,473.23476620752666,474.285411866639,20,0.1,1.5
2003,20,0.23087614566764164,0,1.3182076687878868,0,13.335994118323962,486.57076032585064,487.62140598496296,20,0.1,1.5
2003,19,0.23087614566764164,0,1.3155737565427634,0,13.309654995872728,499.8804153217234,500.9310609808357,20,0.1,1.5
2003,18,0.23087614566764164,0,1.312945107120699,0,13.283368501652085,513.1637838233754,514.2144294824877,20,0.1,1.5
2003,17,0.23087614566764164,0,1.3103217100060394,0,13.257134530505487,526.4209183538809,527.4715640129932,20,0.1,1.5
2003,16,0.23087614566764164,0,1.3077035547041442,0,13.230952977486536,539.6518713313674,540.7025169904797,20,0.1,1.5
2003,15,0.23087614566764164,0,1.3050906307413417,0,13.204823737858511,552.8566950692259,553.9073407283382,20,0.1,1.5
2003,14,0.23087614566764164,0,1.302482927664887,0,13.178746707093964,566.0354417763199,567.0860874354322,20,0.1,1.5
2003,13,0.23087614566764164,0,1.2998804350429212,0,13.152721780874305,579.1881635571941,580.2388092163065,20,0.1,1.5
2003,12,0.23087614566764164,0,1.297283142464428,0,13.126748855089375,592.3149124122834,593.365558071396,20,0.1,1.5
2003,11,0.23087614566764164,0,1.2946910395391955,0,13.10082782583705,605.4157402381204,606.4663858972331,20,0.1,1.5
2003,10,0.23087614566764164,0,1.2921041158977715,0,13.07495858942281,618.4906988275432,619.5413444866559,20,0.1,1.5
2003,9,0.23087614566764164,0,1.289522361191423,0,13.049141042359324,631.5398398699025,632.5904855290153,20,0.1,1.5
2003,8,0.23087614566764164,0,1.2869457650920955,0,13.023375081366048,644.5632149512685,645.6138606103813,20,0.1,1.5
2003,7,0.23087614566764164,0,1.2843743172923705,0,12.997660603368798,657.5608755546373,658.61152121375,20,0.1,1.5
2003,6,0.23087614566764164,0,1.281808007505424,0,12.971997505499333,670.5328730601366,671.5835187192494,20,0.1,1.5
2003,5,0.23087614566764164,0,1.279246825464987,0,12.946385685094963,683.4792587452315,684.5299044043443,20,0.1,1.5
2003,4,0.23087614566764164,0,1.2766907609253038,0,12.920825039698132,696.4000837849296,697.4507294440424,20,0.1,1.5
2003,3,0.23087614566764164,0,1.2741398036610898,0,12.895315467055992,709.2953992519856,710.3460449110984,20,0.1,1.5
2003,2,0.011543807283382081,0,5.41399586024218e-4,0,0.013109867382496901,709.3085091193682,710.3591547784808,1,0.1,1.5
2003,1,150,0,1.2863666200337975,0,112.86366620033797,822.1721753197062,823.2228209788188,99999,0.1,1.5
2004,129,1.3675023599015403e-4,0.03244641006082816,0.03244641006082816,0,0.6490193680405566,0,0,1,0.1,1.5
2004,128,1.322315569196459e-4,3.177595938325319e-4,0.031772781787314845,0.00126738725320036,0.3390991003713301,0.32099356818275354,0.3390991003713301,1,0.1,1.5
2004,127,1.279018102901947e-4,3.066320771242238e-4,0.03139992852360321,0.0012410283137748571,0.3348798497918705,0.6381444420635547,0.6739789501632006,1,0.1,1.5
2004,126,1.23720720195679e-4,2.9985039164367365e-4,0.030997706576488062,0.0012141233180491362,0.3304026689907211,0.9512024922250025,1.0043816191539219,1,0.1,1.5
2004,125,1.1963921492872403e-4,2.9304645660003164e-4,0.030559727238558196,0.001186288484485125,0.3255544747779889,1.259809988653204,1.3299360939319107,1,0.1,1.5
2004,124,1.1561821479923121e-4,2.858791181668886e-4,0.03007076747730972,0.001156974431058323,0.3201717509226083,1.563453533417836,1.650107844854519,1,0.1,1.5
2004,123,1.11579602478561e-4,2.783306939607784e-4,0.029528069952275336,0.0011261362314018753,0.3142260533126117,1.8615919262818497,1.9643338981671308,1,0.1,1.5
2004,122,1.0752209555897999e-4,2.700709893030154e-4,0.028894595571089268,0.001092440530304782,0.30732464029103046,2.1533102732828118,2.271658538458161,1,0.1,1.5
2004,121,1.0328346784523969e-4,2.6198506493898036e-4,0.028263538921725975,0.0010594688132955785,0.3004593642732451,2.438634368794691,2.572117902731406,1,0.1,1.5
2004,120,9.932212979683068e-5,2.5536401912995533e-4,0.027776385324439972,0.001032439478382012,0.2951328435943545,2.719018076983588,2.8672507463257606,1,0.1,1.5
2004,119,9.62260267864903e-5,2.501773864390575e-4,0.027434790468528324,0.0010112234883367212,0.2913598790675798,2.9959319062177863,3.1586106253933406,1,0.1,1.5
2004,118,9.390931573591983e-5,2.463742258157493e-4,0.02723805581127137,9.95609347073459e-4,0.28912989725383975,3.270838812799148,3.4477405226471802,1,0.1,1.5
2004,117,9.22954497642281e-5,2.438638528367476e-4,0.027180871356310185,9.852253159062247e-4,0.28838352976140097,3.54514769519046,3.7361240524085813,1,0.1,1.5
2004,116,9.130967607481812e-5,2.4252571655858197e-4,0.027254267038689696,9.79579468999103e-4,0.2890227930841389,3.820176495860326,4.025146845492721,1,0.1,1.5
2004,115,9.087992059173088e-5,2.4217669969357067e-4,0.027441766681590665,9.779277871485438e-4,0.290870417385835,4.097076516286896,4.316017262878556,1,0.1,1.5
2004,114,9.091815117761276e-5,2.4263024772228257e-4,0.02772583921158321,9.795131787715156e-4,0.29373835210486166,4.376821822980736,4.609755614983418,1,0.1,1.5
2004,113,9.13426677909883e-5,2.4355459260904812e-4,0.028071449702439414,9.829933560559156e-4,0.2972537002917155,4.660032761043081,4.9070093152751335,1,0.1,1.5
2004,112,9.200910956291632e-5,2.4477969176266905e-4,0.028460987753258796,9.876801060559345e-4,0.30122872965738895,4.947151774899671,5.208238044932522,1,0.1,1.5
2004,111,9.284534809936176e-5,2.4570197351223277e-4,0.028824999076960907,9.911374487054504e-4,0.3049280138135422,5.237920682303136,5.513166058746064,1,0.1,1.5
2004,110,9.357403999398109e-5,2.4722397566022256e-4,0.029270048457649536,9.970056716243896e-4,0.3094780451924896,5.533155789329562,5.822644103938553,1,0.1,1.5
2004,109,9.461904786567915e-5,2.510119165925339e-4,0.029999418084224582,0.0010119984635710267,0.3170245002815725,5.835723168702978,6.139668604220126,1,0.1,1.5
2004,108,9.680993256055058e-5,2.57157521959721e-4,0.03103557683600048,0.0010364743811035182,0.3277986604075497,6.148715052237621,6.467467264627675,1,0.1,1.5
2004,107,1.002973031437515e-4,2.6572124870722285e-4,0.03239916197890943,0.0010706643799205493,0.34201090257236544,6.47543074938255,6.809478167200041,1,0.1,1.5
2004,106,1.052787964286831e-4,2.7669267193931147e-4,0.034104331096080756,0.0011145120643788473,0.35980202446418424,6.819311172927036,7.1692801916642255,1,0.1,1.5
2004,105,1.1200539294907983e-4,2.8995383973378253e-4,0.03615420183574253,0.0011675262358863384,0.38119517324367685,7.183827399943765,7.550475364907903,1,0.1,1.5
2004,104,1.2078554187489775e-4,3.052386171791847e-4,0.038535337597400215,0.0012286177483993395,0.40603796796036784,7.572313685784143,7.956513332868271,1,0.1,1.5
2004,103,1.3198617346202014e-4,3.220863895446646e-4,0.04121080473085121,0.0012959143440474407,0.43392996404408735,7.98773058777041,8.390443296912359,1,0.1,1.5
2004,102,1.4602202388434211e-4,3.398175805942292e-4,0.04411499726625532,0.0013666641948950778,0.4641692706972052,8.432376084254829,8.854612567609564,1,0.1,1.5
2004,101,1.6334010276924227e-4,3.575025465750701e-4,0.04714639132938459,0.0014371138361445861,0.4956780298206512,8.90752391641627,9.350290597430215,1,0.1,1.5
2004,100,1.8435643015790414e-4,3.740634319119339e-4,0.050176615486557205,0.0015029215379835964,0.5271000011569432,9.413153609887734,9.877390598587159,1,0.1,1.5
2004,99,2.0946298636496464e-4,3.881932842816307e-4,0.053034602566161375,0.0015588365426854119,0.5566366939622743,9.947521210383073,10.434027292549432,1,0.1,1.5
2004,98,2.386986777674896e-4,3.9934647679099245e-4,0.05563878185415016,0.0016026785314375686,0.5834358233532217,10.508061626144329,11.017463115902654,1,0.1,1.5
2004,97,2.735450781808852e-4,4.0638435806855346e-4,0.05781147813422939,0.0016298987208814512,0.605645255749597,11.090422614452763,11.62310837165225,1,0.1,1.5
2004,96,3.15752856364506e-4,4.0743263225953395e-4,0.059244100509792404,0.0016330194820516957,0.620054683068358,11.687148447777526,12.243163054720608,1,0.1,1.5
2004,95,3.6499349100483974e-4,4.02707861033147e-4,0.05990351615372376,0.0016129659903630711,0.6263479404324733,12.290454016919098,12.869510995153082,1,0.1,1.5
2004,94,4.1905823642545445e-4,3.971665292766972e-4,0.060480756719134374,0.0015896307165534653,0.6317676148782058,12.899512621560826,13.501278610031287,1,0.1,1.5
2004,93,4.8244847594487646e-4,3.912593147616942e-4,0.06103888226896773,0.0015648228556316892,0.6369776603779006,13.514135669715417,14.138256270409187,1,0.1,1.5
2004,92,6.029918506527495e-4,3.85011665223355e-4,0.0615771398448557,0.0015386464327696073,0.6420041729931726,14.13415917938331,14.780260443402359,1,0.1,1.5
2004,91,7.907735232346679e-4,3.784381091446203e-4,0.06209576371302562,0.0015111616066898362,0.6468572235232374,14.759428379953837,15.427117666925596,1,0.1,1.5
2004,90,0.0010414617850304983,0.00037154779814585124,0.06259512400530046,0.001482406970927796,0.6515382683329757,15.389789405844986,16.07865593525857,1,0.1,1.5
2004,89,0.0013484144448885575,3.643511843174921e-4,0.06307595695822778,0.001452426265224319,0.6560509710347734,16.0250914302337,16.734706906293344,1,0.1,1.5
2004,88,0.0017028060738419133,3.56859681217906e-4,0.06353933416407018,0.0014212669964481918,0.6604009567370829,16.665188572735808,17.395107863030425,1,0.1,1.5
2004,87,0.0020938867977229147,3.490660659056921e-4,0.06398302733677944,0.0013889024724627406,0.6645583224509913,17.309905431294474,18.059666185481415,1,0.1,1.5
2004,86,0.0025291127635232425,3.4096800974678273e-4,0.06440404760757142,0.0013553257382312247,0.6684980276093102,17.95904166264334,18.728164213090725,1,0.1,1.5
2004,85,0.003022913070043806,3.325846998982531e-4,0.06480278043609866,0.0013206154615748639,0.6722348619053534,18.612410589383337,19.400399074996077,1,0.1,1.5
2004,84,0.003572266014939471,3.239282065152995e-4,0.06517951118772014,0.0012848218900047453,0.6757705030476199,19.26982649400232,20.076169578043697,1,0.1,1.5
2004,83,0.004172172715696933,3.1501164784522606e-4,0.06553486784531587,0.0012479993597481983,0.6791088056908593,19.93110673741106,20.755278383734556,1,0.1,1.5
2004,82,0.004815657340267675,3.058489944271272e-4,0.06586982667385786,0.0012102054889786466,0.682255844752247,20.596073932320753,21.437534228486804,1,0.1,1.5
2004,81,0.0054937872513675535,2.9645478386242444e-4,0.06618569799388546,0.0011715000186306682,0.6852197671635906,21.264557984932477,22.122753995650395,1,0.1,1.5
2004,80,0.0061734616341954885,2.868347835479172e-4,0.06648343763482087,0.0011319079597554426,0.6879884789839434,21.936376350205627,22.81074247463434,1,0.1,1.5
2004,79,0.006844604556394974,2.770061486052718e-4,0.0667650089314913,0.0010914992677796757,0.69057606718779585,22.611359570710857,23.501318541822133,1,0.1,1.5
2004,78,0.00751361466098227,2.6699243938931727e-4,0.06703319290398362,0.0010503688477156033,0.6930161991274643,23.28937050058524,24.194334740949596,1,0.1,1.5
2004,77,0.008166211697511217,2.568081365121332e-4,0.06729040701584464,0.001008575484338265,0.6953245138600741,23.970286793240483,24.889659254809672,1,0.1,1.5
2004,76,0.008787170376952902,2.4646672472432323e-4,0.06753918585098946,9.661738102736061e-4,0.6975171223456818,24.65400143258226,25.587176377155355,1,0.1,1.5
2004,75,0.009360877582253783,2.3596034810633454e-4,0.06777611837430407,9.231347945636373e-4,0.6995490122012774,25.3403628048612,26.286725389356633,1,0.1,1.5
2004,74,0.00990134123530219,2.252894586246199e-4,0.06799723600174987,8.794624331958972e-4,0.7013898978062686,26.029188953621812,26.988115287162902,1,0.1,1.5
2004,73,0.010430239219584653,2.1447532217591257e-4,0.0682040764857663,8.352420941854372e-4,0.7030710408094134,26.72032796451429,27.691186327972314,1,0.1,1.5
2004,72,0.01094333046363602,2.0352921711976418e-4,0.06839728306125285,7.905198488530817e-4,0.7045968171240513,27.41363164094044,28.395783145096367,1,0.1,1.5
2004,71,0.011436329974013604,1.924622043768081e-4,0.06857752774171594,7.453408072344103e-4,0.7059718452612376,28.108955760384045,29.101754990357605,1,0.1,1.5
2004,70,0.01190494062748788,1.8128508288849435e-4,0.06874550443292769,6.997489416370232e-4,0.7072009356951111,28.806160282627197,29.808955926052718,1,0.1,1.5
2004,69,0.012344886190564777,1.7000834984890245e-4,0.06890192135064789,6.537869302377171e-4,0.7082890344211212,29.505109503759208,30.51724496047384,1,0.1,1.5
2004,68,0.012751945479591274,1.586421673150285e-4,0.06904749309631819,6.074960270024887e-4,0.7092411642941904,30.205672153381936,31.22648612476803,1,0.1,1.5
2004,67,0.013121987590356252,1.4719633562808583e-4,0.06918293243110846,5.609159595888246e-4,0.7100623645312527,30.907721432776203,31.936548489299284,1,0.1,1.5
2004,66,0.01345100817199879,1.3568027541239022e-4,0.069308942547668,5.140848619114308e-4,0.710757636468014,31.611134999788337,32.6473061257673,1,0.1,1.5
2004,65,0.013735163050711197,1.2410300801830873e-4,0.06942620452977175,4.6703920306136876e-4,0.7113318393602036,32.31579485053338,33.35863796512751,1,0.1,1.5
2004,64,0.01397082421089456,1.1247252589560142e-4,0.06953495150233678,4.198114543049903e-4,0.7117854295796582,33.02158297362296,34.07042339470716,1,0.1,1.5
2004,63,0.014156619385626764,1.0079647349614059e-4,0.06963501611792088,3.7243275738886627e-4,0.7121163401339528,33.72837884579422,34.782539734841116,1,0.1,1.5
2004,62,0.014293555797178744,8.90831481608165e-5,0.06972646205248219,3.249366538683484e-4,0.7123264414026684,34.43606333499877,35.49486617624378,1,0.1,1.5
2004,61,0.014381997663121843,7.734058455630111e-5,0.06980927030728523,2.7735563810712873e-4,0.7124163307620269,35.144517442359266,36.20728250700581,1,0.1,1.5
2004,60,0.014422593205688047,6.557676421425255e-5,0.06988338013737948,2.2972195465130376e-4,0.712386373362367,35.85362207351233,36.91966888036817,1,0.1,1.5
2004,59,0.014416253186073598,5.379963612485337e-5,0.0699486919487581,1.8206768134983262e-4,0.712236718182638,36.563257824818535,37.63190559855081,1,0.1,1.5
2004,58,0.014364130186678955,4.201713670925381e-5,0.07000507246625398,1.3442480867715666e-4,0.7119673372304254,37.27330480763929,38.343872935781235,1,0.1,1.5
2004,57,0.014267588057521598,3.0237205922593903e-5,0.07005236245352582,8.682530236714218e-5,0.711578083428553,37.983642529605454,39.05545101920979,1,0.1,1.5
2004,56,0.014128158199904888,1.8467661583016694e-5,0.07008962309045412,3.930097180384132e-5,0.7110611221079819,38.6941422092591,39.766512141317776,1,0.1,1.5
2004,55,0.013951118016842803,6.717042784153385e-6,0.07012201112519514,2.5577970856882886e-6,0.7106245669827217,39.40473023628345,40.4771367083005,1,0.1,1.5
2004,54,0.013713438286392123,6.111342207657054e-8,0.07054744596468411,0,0.7146173629719899,40.11934759925544,41.19175407127249,1,0.1,1.5
2004,53,0.011543807283382081,1.4034102725992094e-10,0.07044008748629488,0,0.7120967477886138,40.831444347044055,41.903850819061105,1,0.1,1.5
2004,52,0.23087614566764164,2.1329842469452934e-13,1.2571334954288294,0,12.725252384735521,53.556696731779574,54.629103203796625,20,0.1,1.5
2004,51,0.23087614566764164,4.9894534333692094e-70,1.0646722211870654,0,10.800639642315748,64.35733637409533,65.42974284611238,20,0.1,1.5
2004,50,0.23087614566764164,5.409732407192077e-100,1.180313911471602,0,11.957056545161112,76.31439291925643,77.38679939127348,20,0.1,1.5
2004,49,0.23087614566764164,7.758434509465742e-134,1.3011376734732474,0,13.165294165177567,89.479687084434,90.55209355645106,20,0.1,1.5
2004,48,0.23087614566764164,4.0336267244207633e-156,1.3873314553393634,0,14.027231983838728,103.50691906827274,104.57932554028979,20,0.1,1.5
2004,47,0.23087614566764164,3.5675475847651756e-158,1.3912125185778335,0,14.066042616223429,117.57296168449616,118.64536815651321,20,0.1,1.5
2004,46,0.23087614566764164,3.56754758476522e-198,1.3884327352591548,0,14.038244783036642,131.6112064675328,132.68361293954985,20,0.1,1.5
2004,45,0.23087614566764164,3.567547584765266e-238,1.3856585062286921,0,14.010502492732016,145.6217089602648,146.69411543228188,20,0.1,1.5
2004,44,0.23087614566764164,3.5675475847653114e-278,1.3828898203884172,0,13.982815634329267,159.60452459459407,160.67693106661113,20,0.1,1.5
2004,43,0.23087614566764164,3.56755e-318,1.3801266666624743,0,13.955184097069838,173.5597086916639,174.63211516368096,20,0.1,1.5
2004,42,0.23087614566764164,0,1.3773690339971405,0,13.927607770416499,187.4873164620804,188.55972293409746,20,0.1,1.5
2004,41,0.23087614566764164,0,1.3746169113607778,0,13.900086544052872,201.38740300613327,202.45980947815033,20,0.1,1.5
2004,40,0.23087614566764164,0,1.3718702877437912,0,13.872620307883006,215.26002331401628,216.33242978603334,20,0.1,1.5
2004,39,0.23087614566764164,0,1.369129152158583,0,13.845208952030925,229.1052322660472,230.17763873806427,20,0.1,1.5
2004,38,0.23087614566764164,0,1.3663934936395108,0,13.817852366840201,242.9230846328874,243.9954911049045,20,0.1,1.5
2004,37,0.23087614566764164,0,1.3636633012428434,0,13.790550442873528,256.7136350757609,257.78604154777804,20,0.1,1.5
2004,36,0.23087614566764164,0,1.3609385640467144,0,13.763303070912238,270.4769381466732,271.54934461869027,20,0.1,1.5
2004,35,0.23087614566764164,0,1.3582192711510823,0,13.736110141955917,284.2130482886291,285.2854547606462,20,0.1,1.5
2004,34,0.23087614566764164,0,1.3555054116776843,0,13.708971547221937,297.9220198358511,298.99442630786814,20,0.1,1.5
2004,33,0.23087614566764164,0,1.3527969747699913,0,13.681887178145006,311.6039070139961,312.67631348601316,20,0.1,1.5
2004,32,0.23087614566764164,0,1.3500939495931696,0,13.654856926376791,325.2587639403729,326.33117041238995,20,0.1,1.5
2004,31,0.23087614566764164,0,1.3473963253340344,0,13.627880683785438,338.88664462415835,339.9590510961754,20,0.1,1.5
2004,30,0.23087614566764164,0,1.3447040912010049,0,13.600958342455142,352.4876029666135,353.5600094386306,20,0.1,1.5
2004,29,0.23087614566764164,0,1.3420172364240657,0,13.57408979468575,366.0616927612993,367.1340992333163,20,0.1,1.5
2004,28,0.23087614566764164,0,1.3393357502547174,0,13.547274932992268,379.6089676942916,380.68137416630856,20,0.1,1.5
2004,27,0.23087614566764164,0,1.33665962196594,0,13.520513650104492,393.12948134439614,394.20188781641303,20,0.1,1.5
2004,26,0.23087614566764164,0,1.3339888408521452,0,13.493805838966546,406.6232871833627,407.69569365537956,20,0.1,1.5
2004,25,0.23087614566764164,0,1.331323396229137,0,13.467151392736465,420.0904385760992,421.162845048116,20,0.1,1.5
2004,24,0.23087614566764164,0,1.3286632774340672,0,13.440550204785765,433.53098878088497,434.6033952529018,20,0.1,1.5
2004,23,0.23087614566764164,0,1.3260084738253937,0,13.41400216869903,446.944990949584,448.01739742160083,20,0.1,1.5
2004,22,0.23087614566764164,0,1.323358974782836,0,13.387507178273454,460.3324981278575,461.40490459987427,20,0.1,1.5
2004,21,0.23087614566764164,0,1.3207147697073347,0,13.36106512751844,473.693563255376,474.7659697273927,20,0.1,1.5
2004,20,0.23087614566764164,0,1.318075848021008,0,13.334675910655173,487.0282391660312,488.10064563804787,20,0.1,1.5
2004,19,0.23087614566764164,0,1.3154421991671092,0,13.308339422116186,500.3365785881474,501.40898506016407,20,0.1,1.5
2004,18,0.23087614566764164,0,1.3128138126099869,0,13.282055556544963,513.6186341446924,514.6910406167091,20,0.1,1.5
2004,17,0.23087614566764164,0,1.3101906778350387,0,13.255824208795481,526.8744583534879,527.9468648255046,20,0.1,1.5
2004,16,0.23087614566764164,0,1.3075727843486737,0,13.229645273931832,540.1041036274197,541.1765100994364,20,0.1,1.5
2004,15,0.23087614566764164,0,1.3049601216782676,0,13.203518647227769,553.3076222746474,554.3800287466642,20,0.1,1.5
2004,14,0.23087614566764164,0,1.3023526793721205,0,13.1774442241663,566.4850664988137,567.5574729708304,20,0.1,1.5
2004,13,0.23087614566764164,0,1.299750446999417,0,13.151421900439264,579.6364883992529,580.7088948712696,20,0.1,1.5
2004,12,0.23087614566764164,0,1.2971534141501815,0,13.12545157194691,592.7619399711998,593.8343464432165,20,0.1,1.5
2004,11,0.23087614566764164,0,1.2945615704352416,0,13.09953313479751,605.8614731059973,606.9338795780141,20,0.1,1.5
2004,10,0.23087614566764164,0,1.2919749054861818,0,13.073666485306912,618.9351395913042,620.007546063321,20,0.1,1.5
2004,9,0.23087614566764164,0,1.2893934089553039,0,13.047851519998133,631.9829911113022,633.0553975833192,20,0.1,1.5
2004,8,0.23087614566764164,0,1.2868170705155864,0,13.022088135600958,645.0050792469032,646.0774857189201,20,0.1,1.5
2004,7,0.23087614566764164,0,1.2842458798606413,0,12.996376229051506,658.0014554759547,659.0738619479716,20,0.1,1.5
2004,6,0.23087614566764164,0,1.2816798267046734,0,12.970715697491828,670.9721711734464,672.0445776454635,20,0.1,1.5
2004,5,0.23087614566764164,0,1.2791189007824404,0,12.945106438269498,683.9172776117159,684.989684083733,20,0.1,1.5
2004,4,0.23087614566764164,0,1.2765630918492112,0,12.919548348937207,696.8368259606531,697.9092324326701,20,0.1,1.5
2004,3,0.23087614566764164,0,1.2740123896807236,0,12.89404132725233,709.7308672879054,710.8032737599225,20,0.1,1.5
2004,2,0.011543807283382081,0,5.413454460656156e-4,0,0.013109325982910876,709.7439766138883,710.8163830859054,1,0.1,1.5
2004,1,150,0,1.286237983371794,0,112.86237983371794,822.6063564476062,823.6787629196233,99999,0.1,1.5
2005,130,1.4149865906933965e-4,0.03311843516523222,0.03311843516523222,0,0.6624630357440239,0,0,1,0.1,1.5
2005,129,1.3675023599015403e-4,3.2446410060828174e-4,0.032443165419822076,0.0013219884617563303,0.34665301148195893,0.32776746202829704,0.34665301148195893,1,0.1,1.5
2005,128,1.322315569196459e-4,3.200244092384153e-4,0.032086451322436205,0.0012954497078013405,0.34265933608518795,0.6519203737163229,0.6893123475671469,1,0.1,1.5
2005,127,1.279018102901947e-4,3.133233992149565e-4,0.03170704560919456,0.0012683430788906634,0.3384081447989172,0.9722093316739449,1.027720492366064,1,0.1,1.5
2005,126,1.23720720195679e-4,3.0652933342872077e-4,0.0312981376353427,0.0012405171008993108,0.33385082303783475,1.2883384818417896,1.3615713154038989,1,0.1,1.5
2005,125,1.1963921492872403e-4,2.9950258568728154e-4,0.030853243386955623,0.0012117505213507576,0.32891794093663046,1.5999457010448377,1.6904892563405294,1,0.1,1.5
2005,124,1.1561821479923121e-4,2.9210239894624966e-4,0.030357004008326572,0.0011814914625696148,0.32344659234787454,1.906513843927432,2.013935848688404,1,0.1,1.5
2005,123,1.11579602478561e-4,2.8431736479007664e-4,0.029806651203130575,0.0011496958487182654,0.3174082984911198,2.207497916008291,2.3313441471795238,1,0.1,1.5
2005,122,1.0752209555897999e-4,2.7581084246922565e-4,0.029164816244108355,0.0011150044996250546,0.3104065879717444,2.5019758682711064,2.6417507351512683,1,0.1,1.5
2005,121,1.0328346784523969e-4,2.6748705397328446e-4,0.028525579771157696,0.0010810743174624877,0.3034434427174327,2.789975392167646,2.945194177868701,1,0.1,1.5
2005,120,9.932212979683068e-5,2.6066350978680257e-4,0.02803171755550303,0.0010532271487757859,0.29803612753146463,3.072965417573742,3.2432303054001657,1,0.1,1.5
2005,119,9.62260267864903e-5,2.5530764594857086e-4,0.02768485286156565,0.0010313251818807173,0.2941989726436768,3.352431173333409,3.5374292780438426,1,0.1,1.5
2005,118,9.390931573591983e-5,2.5136607902652224e-4,0.02748423434245861,0.001015146832653152,0.2919207080346726,3.629849783758751,3.8293499860785154,1,0.1,1.5
2005,117,9.22954497642281e-5,2.487449675049237e-4,0.02742445959815111,0.001004307515829527,0.29114082618253917,3.906643359715154,4.120490812261054,1,0.1,1.5
2005,116,9.130967607481812e-5,2.4732012441536157e-4,0.0274964364792356,9.983006356532732e-4,0.29175987680608245,4.184141798869047,4.412250689067137,1,0.1,1.5
2005,115,9.087992059173088e-5,2.4690371378407165e-4,0.027683504451709643,9.963633374629856e-4,0.2935984302324219,4.463506467137711,4.705849119299558,1,0.1,1.5
2005,114,9.091815117761276e-5,2.4730459717010173e-4,0.02796794492235493,9.977202997015274e-4,0.29646625443462865,4.745719574433746,5.002315373734187,1,0.1,1.5
2005,113,9.13426677909883e-5,2.481838849400694e-4,0.02831439089648315,0.0010010012219662712,0.29998666038275384,5.031406217359839,5.3023020341169405,1,0.1,1.5
2005,112,9.200910956291632e-5,2.4936782343161035e-4,0.028705061680997453,0.0010055032770330153,0.30396996697970896,5.321011851810505,5.60627200109665,1,0.1,1.5
2005,111,9.284534809936176e-5,2.502413819114849e-4,0.029069900939229575,0.0010087459200919654,0.3076739761114573,5.6142751719206485,5.913945977208106,1,0.1,1.5
2005,110,9.357403999398109e-5,2.517236576626996e-4,0.029516372870709868,0.001014433634832952,0.31223525704609717,5.912018519897703,6.226181234254204,1,0.1,1.5
2005,109,9.461904786567915e-5,2.55509735058682e-4,0.030249417758308916,0.0010293913443173621,0.3198179449320249,6.217130874196624,6.545999179186229,1,0.1,1.5
2005,108,9.680993256055058e-5,2.6169017049547676e-4,0.03129159187359276,0.0010539719736714233,0.330654102876943,6.532728234592547,6.876653282063172,1,0.1,1.5
2005,107,1.002973031437515e-4,2.7032330746720956e-4,0.03266358815769167,0.0010883970556017023,0.34495450888608986,6.862134214112898,7.221607790949262,1,0.1,1.5
2005,106,1.052787964286831e-4,2.8139494281410497e-4,0.03437954867906586,0.0011325941921525929,0.3628595391138368,7.208813836195984,7.584467330063099,1,0.1,1.5
2005,105,1.1200539294907983e-4,2.947810973689224e-4,0.03644246797453054,0.0011860473766363393,0.38439069493290834,7.576260997176944,7.968858024996007,1,0.1,1.5
2005,104,1.2078554187489775e-4,3.102068232716267e-4,0.038838638500740305,0.0012476318534605745,0.4093922891269965,7.9678299741116465,8.378250314123003,1,0.1,1.5
2005,103,1.3198617346202014e-4,3.2719944990730685e-4,0.04153066223638999,0.0013154273357811482,0.4374584267278688,8.386496581756928,8.815708740850871,1,0.1,1.5
2005,102,1.4602202388434211e-4,3.4506422452971173e-4,0.04445225181525247,0.0013866222418337853,0.46787939758279873,8.834567090170673,9.28358813843367,1,0.1,1.5
2005,101,1.6334010276924227e-4,3.6285348450189726e-4,0.0475009551492878,0.0014573930281082245,0.49956688014128925,9.313314069910415,9.78315501857496,1,0.1,1.5
2005,100,1.8435643015790414e-4,3.7947101881501843e-4,0.05054732820950445,0.0015233275061108647,0.5311527180858361,9.822704966480384,10.314307736660796,1,0.1,1.5
2005,99,2.0946298636496464e-4,3.9359106851416927e-4,0.05341900824157611,0.0015791041358009846,0.5608242656032555,10.360970601572195,10.875132002264051,1,0.1,1.5
2005,98,2.386986777674896e-4,4.0466309762730206e-4,0.056033887608824134,0.0016225256324769418,0.5877235771231727,10.925515241088554,11.462855579387224,1,0.1,1.5
2005,97,2.735450781808852e-4,4.1153852380104836e-4,0.05821317166663633,0.0016490089551731164,0.6099867360780151,11.511944706378381,12.07284231546524,1,0.1,1.5
2005,96,3.15752856364506e-4,4.1232919683551925e-4,0.05964643097025435,0.001651030520941582,0.6243842538743071,12.112742809953524,12.697226569339547,1,0.1,1.5
2005,95,3.6499349100483974e-4,4.072685762010993e-4,0.06030076729969915,0.0016295857539278045,0.6306034842376886,12.72006649770653,13.327830053577236,1,0.1,1.5
2005,94,4.1905823642545445e-4,4.013793444311333e-4,0.060872116322600825,0.0016048143538578868,0.6359402481687636,13.333080826534466,13.963770301745999,1,0.1,1.5
2005,93,4.8244847594487646e-4,3.951183070555392e-4,0.06142398409464876,0.0015785484590438593,0.6410633486063946,13.951593482868807,14.604833650352393,1,0.1,1.5
2005,92,6.029918506527495e-4,3.885117248446354e-4,0.06195564373906362,0.0015508953703565686,0.6459991973541355,14.575437032074992,15.25083284770653,1,0.1,1.5
2005,91,7.907735232346679e-4,3.8157478276390526e-4,0.06246734453832678,0.0015219179292065529,0.6507580602626807,15.204453407634723,15.90159090796921,1,0.1,1.5
2005,90,0.0010414617850304983,3.743172207134075e-4,0.06295946623563187,0.0014916571557297936,0.6553415303591368,15.838485550054862,16.556932438328346,1,0.1,1.5
2005,89,0.0013484144448885575,3.667500781492547e-4,0.06343275592883803,0.0014601592004631421,0.6597534201826052,16.477379553087996,17.21668585851095,1,0.1,1.5
2005,88,0.0017028060738419133,3.58885345924227e-4,0.06388829697976582,0.0014274739289230696,0.6639995120050294,17.120986580394124,17.88068537051598,1,0.1,1.5
2005,87,0.0020938867977229147,3.5071627877474205e-4,0.06432385465216145,0.0013935767062437118,0.6680498725018015,17.7691282142353,18.54873524301778,1,0.1,1.5
2005,86,0.0025291127635232425,3.42241114655274e-4,0.06473643863736846,0.0013584629741081676,0.6718794866117505,18.421601086931222,19.22061472962953,1,0.1,1.5
2005,85,0.003022913070043806,3.334797123926985e-4,0.06512645402344877,0.0013222140957955748,0.6755033855355236,19.078215699669666,19.896118115165056,1,0.1,1.5
2005,84,0.003572266014939471,3.2444475456633933e-4,0.06549419870910256,0.0012848828078070229,0.6789234139962727,19.738783644982984,20.57504152916133,1,0.1,1.5
2005,83,0.004172172715696933,3.1514995641550184e-4,0.06584031419846838,0.0012465258602666791,0.682143602315494,20.403119735008953,21.257185131476824,1,0.1,1.5
2005,82,0.004815657340267675,3.056098621889329e-4,0.06616579106343515,0.0012072031785505966,0.6851702071766658,21.071044182492038,21.94235533865349,1,0.1,1.5
2005,81,0.0054937872513675535,2.958395524962913e-4,0.06647195442874373,0.0011669766749511216,0.6880115600030898,21.74238464713868,22.63036689865658,1,0.1,1.5
2005,80,0.0061734616341954885,2.858453377743398e-4,0.06675976628099624,0.0011258735866786344,0.6906556656582927,22.41695640441585,23.321022564314873,1,0.1,1.5
2005,79,0.006844604556394974,2.7564487843097164e-4,0.06703120724754308,0.001083965859340682,0.6931168175260136,23.094587995379854,24.014139381840888,1,0.1,1.5
2005,78,0.00751361466098227,2.65262136322794e-4,0.06728908179662212,0.0010413499073435551,0.695428943017869,23.775140511149957,24.709568324858758,1,0.1,1.5
2005,77,0.008166211697511217,2.547119524496876e-4,0.06753582184622763,9.98085909495774e-4,0.6976078492541011,24.458489990268404,25.40717617411286,1,0.1,1.5
2005,76,0.008787170376952902,2.4400811981564475e-4,0.06777397538497276,9.542296781038834e-4,0.6996698011768605,25.144527938900925,26.10684597528972,1,0.1,1.5
2005,75,0.009360877582253783,2.3314330212197265e-4,0.06800012446110755,9.097543880451299e-4,0.7015697539449186,25.833101201588057,26.80841572923464,1,0.1,1.5
2005,74,0.00990134123530219,2.2211850288522052e-4,0.06821030188644868,8.646663187432471e-4,0.7032774740322536,26.524026299638265,27.511693203266894,1,0.1,1.5
2005,73,0.010430239219584653,2.109552767681184e-4,0.0684060666016641,8.190518796071357e-4,0.7048244527346235,27.217150011235645,28.216517656001518,1,0.1,1.5
2005,72,0.01094333046363602,1.9966525438446807e-4,0.068588073295160007,7.72958514380664e-4,0.706215203629021,27.912322950373515,28.92273285963054,1,0.1,1.5
2005,71,0.011436329974013604,1.8825982385237066e-4,0.06875700519075037,7.264326005083344e-4,0.7074544787073936,28.60939982050222,29.630187338337933,1,0.1,1.5
2005,70,0.01190494062748788,1.7675008623814075e-4,0.06891356711789366,6.795192731108755e-4,0.7085472173136081,29.308239619628527,30.33873455565154,1,0.1,1.5
2005,69,0.012344886190564777,1.651468160579183e-4,0.06905847789107225,6.322622701681936e-4,0.7094984893436048,30.008705790826873,31.048233044995147,1,0.1,1.5
2005,68,0.012751945479591274,1.5346042842377246e-4,0.06919246235375918,5.847038050870957e-4,0.710313436309468,30.7106663156351,31.758546481304617,1,0.1,1.5
2005,67,0.013121987590356252,1.41700953253487e-4,0.06931624312776256,5.36884468261755e-4,0.7109972106550897,31.41399374817216,32.46954369195971,1,0.1,1.5
2005,66,0.01345100817199879,1.2987801823198162e-4,0.0694305328688911,4.888431639608311e-4,0.7115549214234324,32.11856519582472,33.18109861338314,1,0.1,1.5
2005,65,0.013735163050711197,1.1800083084552528e-4,0.0695360217100841,4.4061704620556143e-4,0.711991530007945,32.824262196601154,33.893090143391085,1,0.1,1.5
2005,64,0.01397082421089456,1.0607758883520359e-4,0.0696329508707628,3.9223935821664467e-4,0.7123075868063379,33.5309663640044,34.605397730197424,1,0.1,1.5
2005,63,0.014156619385626764,9.411615408217797e-5,0.0697211608056563,3.4374206684774627e-4,0.712501116809437,34.23855687985887,35.31789884700686,1,0.1,1.5
2005,62,0.014293555797178744,8.212499494869527e-5,0.06980072356974402,2.951593398037881e-4,0.7125740848422433,34.94691440270392,36.030472931849104,1,0.1,1.5
2005,61,0.014381997663121843,7.011231537234519e-5,0.06987162828978127,2.46524292199261e-4,0.7125271800964641,35.655919807197535,36.74300011194557,1,0.1,1.5
2005,60,0.014422593205688047,5.8086256304968466e-5,0.06993382228802857,1.9786974866753187e-4,0.712360858275711,36.36545395477799,37.45536097022128,1,0.1,1.5
2005,59,0.014416253186073598,4.605491669870669e-5,0.06998721399990067,1.492283281055635e-4,0.712075357882027,37.07539747940137,38.16743632810331,1,0.1,1.5
2005,58,0.014364130186678955,3.4026373536381706e-5,0.07003167816117664,1.0063252321622406e-4,0.711670739612767,37.78563061153962,38.87910706771607,1,0.1,1.5
2005,57,0.014267588057521598,2.2008697651011485e-5,0.07006706354287226,5.211476195527689e-5,0.7111469443762748,38.49603305931653,39.590254012092345,1,0.1,1.5
2005,56,0.014128158199904888,1.0009919566790497e-5,0.07009243937109604,8.038186484688728e-6,0.7105580962753937,39.20647632435643,40.30081210836774,1,0.1,1.5
2005,55,0.013951118016842803,7.06619699263606e-7,0.07011563837335405,0,0.710464195275095,39.916940519631524,41.01127630364283,1,0.1,1.5
2005,54,0.013713438286392123,6.111342207657057e-10,0.07054039122008764,0,0.7145462105031467,40.631486730134675,41.725822514145975,1,0.1,1.5
2005,53,0.011543807283382081,1.4034102725992102e-12,0.07043304347754625,0,0.7120263063117512,41.343513036446424,42.437848820457724,1,0.1,1.5
2005,52,0.23087614566764164,2.1329842469452945e-15,1.2570077820792864,0,12.72399525123798,54.067508287684404,55.161844071695704,20,0.1,1.5
2005,51,0.23087614566764164,4.989453433369212e-72,1.0645657539649467,0,10.799574970094561,64.86708325777896,65.96141904179026,20,0.1,1.5
2005,50,0.23087614566764164,5.40973240719208e-102,1.1801958800804548,0,11.955876231249642,76.82295948902859,77.91729527303991,20,0.1,1.5
2005,49,0.23087614566764164,7.758434509465746e-136,1.3010075597059,0,13.163993027504095,89.98695251653268,91.081288300544,20,0.1,1.5
2005,48,0.23087614566764164,4.033626724420766e-158,1.3871927221938294,0,14.025844652383388,104.01279716891607,105.10713295292739,20,0.1,1.5
2005,47,0.23087614566764164,3.5675475847651775e-160,1.3910733973259757,0,14.06465140370485,118.07744857262091,119.17178435663223,20,0.1,1.5
2005,46,0.23087614566764164,3.567547584765222e-200,1.388293891985629,0,14.036856350301383,132.1143049229223,133.2086407069336,20,0.1,1.5
2005,45,0.23087614566764164,3.567547584765268e-240,1.3855199403780694,0,14.009116834225788,146.12342175714807,147.2177575411594,20,0.1,1.5
2005,44,0.23087614566764164,3.567547584765313e-280,1.3827515314063783,0,13.981432744508878,160.10485450165694,161.19919028566827,20,0.1,1.5
2005,43,0.23087614566764164,3.5676e-320,1.3799886539958082,0,13.953803970403175,174.0586584720601,175.15299425607145,20,0.1,1.5
2005,42,0.23087614566764164,0,1.3772312970937408,0,13.926230401382503,187.9848888734426,189.07922465745395,20,0.1,1.5
2005,41,0.23087614566764164,0,1.3744794496696418,0,13.89871192714151,201.8836008005841,202.97793658459545,20,0.1,1.5
2005,40,0.23087614566764164,0,1.3717331007150169,0,13.871248437595263,215.75484923817936,216.8491850221907,20,0.1,1.5
2005,39,0.23087614566764164,0,1.3689922392433673,0,13.843839822878767,229.59868906105814,230.6930248450695,20,0.1,1.5
2005,38,0.23087614566764164,0,1.3662568542901468,0,13.81648597334656,243.41517503440468,244.50951081841606,20,0.1,1.5
2005,37,0.23087614566764164,0,1.363526934912719,0,13.789186779572285,257.204361813977,258.29869759798834,20,0.1,1.5
2005,36,0.23087614566764164,0,1.3608024701903099,0,13.761942132348192,270.96630394632524,272.0606397303365,20,0.1,1.5
2005,35,0.23087614566764164,0,1.3580834492239673,0,13.734751922684767,284.70105586901,285.7953916530213,20,0.1,1.5
2005,34,0.23087614566764164,0,1.3553698611365166,0,13.70761604181026,298.4086719108203,299.5030076948315,20,0.1,1.5
2005,33,0.23087614566764164,0,1.3526616950725143,0,13.680534381170236,312.0892062919906,313.18354207600174,20,0.1,1.5
2005,32,0.23087614566764164,0,1.3499589401982104,0,13.653506832427198,325.74271312441783,326.8370489084289,20,0.1,1.5
2005,31,0.23087614566764164,0,1.3472615857015011,0,13.626533287460106,339.36924641187795,340.46358219588905,20,0.1,1.5
2005,30,0.23087614566764164,0,1.3445696207918847,0,13.599613638363941,352.9688600502419,354.063195834253,20,0.1,1.5
2005,29,0.23087614566764164,0,1.3418830347004234,0,13.572747777449328,366.5416078276913,367.6359436117023,20,0.1,1.5
2005,28,0.23087614566764164,0,1.339201816679692,0,13.545935597242014,380.0875434249333,381.18187920894434,20,0.1,1.5
2005,27,0.23087614566764164,0,1.3365259560037432,0,13.519176990482526,393.60672041541585,394.7010561994269,20,0.1,1.5
2005,26,0.23087614566764164,0,1.33385544196806,0,13.492471850125693,407.09919226554155,408.1935280495526,20,0.1,1.5
2005,25,0.23087614566764164,0,1.3311902638895141,0,13.465820069340236,420.56501233488183,421.6593481188928,20,0.1,1.5
2005,24,0.23087614566764164,0,1.3285304111063239,0,13.439221541508333,434.0042338763902,435.09856966040115,20,0.1,1.5
2005,23,0.23087614566764164,0,1.3258758729780111,0,13.412676160225205,447.4169100366154,448.51124582062636,20,0.1,1.5
2005,22,0.23087614566764164,0,1.3232266388853577,0,13.38618381929867,460.8030938559141,461.897429639925,20,0.1,1.5
2005,21,0.23087614566764164,0,1.320582698230364,0,13.359744412748732,474.1628382686628,475.25717405267375,20,0.1,1.5
2005,20,0.23087614566764164,0,1.317944040436206,0,13.333357834807153,487.49619610347,488.5905318874809,20,0.1,1.5
2005,19,0.23087614566764164,0,1.3153106549471925,0,13.307023979917018,500.8032200833871,501.8975558673979,20,0.1,1.5
2005,18,0.23087614566764164,0,1.3126825312287258,0,13.280742742732352,514.0839628261194,515.1782986101302,20,0.1,1.5
2005,17,0.23087614566764164,0,1.3100596587672553,0,13.254514018117646,527.338476844237,528.4328126282479,20,0.1,1.5
2005,16,0.23087614566764164,0,1.307442027070239,0,13.228337701147483,540.5668145453844,541.6611503293954,20,0.1,1.5
2005,15,0.23087614566764164,0,1.3048296256660998,0,13.202213687106092,553.7690282324905,554.8633640165015,20,0.1,1.5
2005,14,0.23087614566764164,0,1.3022224441041834,0,13.176141871486928,566.9451701039775,568.0395058879884,20,0.1,1.5
2005,13,0.23087614566764164,0,1.299620471954717,0,13.150122149992265,580.0952922539698,581.1896280379807,20,0.1,1.5
2005,12,0.23087614566764164,0,1.2970236988087664,0,13.124154418532758,593.2194466725025,594.3137824565134,20,0.1,1.5
2005,11,0.23087614566764164,0,1.294432114278198,0,13.098238573227075,606.3176852457295,607.4120210297405,20,0.1,1.5
2005,10,0.23087614566764164,0,1.2918457079956331,0,13.072374510401426,619.3900597561309,620.4843955401419,20,0.1,1.5
2005,9,0.23087614566764164,0,1.2892644696144084,0,13.046562126589178,632.43662188272,633.5309576667311,20,0.1,1.5
2005,8,0.23087614566764164,0,1.2866883888085348,0,13.020801318530442,645.4574232012504,646.5517589852615,20,0.1,1.5
2005,7,0.23087614566764164,0,1.2841174552726553,0,12.995091983171648,658.452515184422,659.5468509684331,20,0.1,1.5
2005,6,0.23087614566764164,0,1.281551658722003,0,12.969434017665124,671.4219492020871,672.5162849860982,20,0.1,1.5
2005,5,0.23087614566764164,0,1.278990988892362,0,12.943827319368715,684.3657765214558,685.4601123054669,20,0.1,1.5
2005,4,0.23087614566764164,0,1.2764354355400263,0,12.918271785845356,697.2840483073012,698.3783840913122,20,0.1,1.5
2005,3,0.23087614566764164,0,1.2738849884417556,0,12.892767314862649,710.1768156221638,711.2711514061749,20,0.1,1.5
2005,2,0.011543807283382081,0,5.41291311521009e-4,0,0.013108784637464812,710.1899244068013,711.2842601908123,1,0.1,1.5
2005,1,150,0,1.286109359573457,0,112.86109359573457,823.0510180025359,824.1453537865469,99999,0.1,1.5
2006,131,1.4651592188159846e-4,0.033795663917996155,0.033795663917996155,0,0.6760109556411775,0,0,1,0.1,1.5
2006,130,1.4149865906933965e-4,3.311843516523224e-4,0.0331151233217157,0.0013781924991445786,0.3542458734465537,0.33455740917305976,0.3542458734465537,1,0.1,1.5
2006,129,1.3675023599015403e-4,3.337417564451654e-4,0.03277041821871918,0.0013513122148015235,0.35043722678708716,0.6656901757486966,0.7046831002336409,1,0.1,1.5
2006,128,1.322315569196459e-4,3.2706267104271926e-4,0.0324071051042543,0.0013237257936488357,0.3463402006049476,0.9931200078729464,1.0510233008385885,1,0.1,1.5
2006,127,1.279018102901947e-4,3.202190037148154e-4,0.03202096067435631,0.0012956627058716532,0.34200653188097596,1.3166170725271844,1.3930298327195645,1,0.1,1.5
2006,126,1.23720720195679e-4,3.131945685591149e-4,0.031605137096803994,0.001266879539745808,0.3373640762729873,1.635882869660946,1.7303939089925517,1,0.1,1.5
2006,125,1.1963921492872403e-4,3.0593265619456225e-4,0.031153095692954616,0.001237154658690928,0.3323436809494098,1.9505529126290568,2.0627375899419613,1,0.1,1.5
2006,124,1.1561821479923121e-4,2.982938896318662e-4,0.030649341173568143,0.0012059260482955522,0.3267809444175169,2.260106342070923,2.3895185343594783,1,0.1,1.5
2006,123,1.11579602478561e-4,2.9026713582746714e-4,0.03009109450018983,0.001173150364484878,0.32064729368303785,2.5639943448327487,2.7101658280425163,1,0.1,1.5
2006,122,1.0752209555897999e-4,2.815092333309559e-4,0.02944065088739021,0.0011374428707945816,0.313542466472745,2.8612876274369996,3.023708294515261,1,0.1,1.5
2006,121,1.0328346784523969e-4,2.7294344990535477e-4,0.0287929957925462,0.0011025355724494721,0.30647875624759535,3.152015875506745,3.3301870507628566,1,0.1,1.5
2006,120,9.932212979683068e-5,2.6591342229181447e-4,0.028292221170941427,0.0010738527963299667,0.30098831491881556,3.437663436192275,3.6311753656816723,1,0.1,1.5
2006,119,9.62260267864903e-5,2.60384371929665e-4,0.027939915671749676,0.0010512474653684154,0.2970849720551522,3.7197305873135926,3.9282603377368246,1,0.1,1.5
2006,118,9.390931573591983e-5,2.563003689535532e-4,0.02773527262718765,0.0010344874637383903,0.29475672851102247,3.9997089234854952,4.223017066247847,1,0.1,1.5
2006,117,9.22954497642281e-5,2.5356432863243096e-4,0.027672794031148678,0.0010231749843433245,0.29394189938827275,4.279034037383149,4.516958965636119,1,0.1,1.5
2006,116,9.130967607481812e-5,2.5204836015747193e-4,0.027743261994500997,0.0010167884578810124,0.2945395260622681,4.559048014047117,4.811498491698387,1,0.1,1.5
2006,115,9.087992059173088e-5,2.515598715035871e-4,0.02792982693563022,0.001014546006994369,0.29636796907069973,4.840922468732183,5.1078664607690865,1,0.1,1.5
2006,114,9.091815117761276e-5,2.5190312089708286e-4,0.028214578202788075,0.001015653967445162,0.29923476772971036,5.125647894069819,5.407101228498797,1,0.1,1.5
2006,113,9.13426677909883e-5,2.5273214434096846e-4,0.028561809762885068,0.0010187141659396613,0.3027593736975447,5.41385420825394,5.709860602196342,1,0.1,1.5
2006,112,9.200910956291632e-5,2.538694974925699e-4,0.028953566994087607,0.001023009217115821,0.30675012170954585,5.7059899125761175,6.016610723905887,1,0.1,1.5
2006,111,9.284534809936176e-5,2.546888938421062e-4,0.029319180429158643,0.0010260147531366368,0.3104579437449781,6.001790502704858,6.327068667650865,1,0.1,1.5
2006,110,9.357403999398109e-5,2.56125645284865e-4,0.029767029642131033,0.0010314981765099504,0.3150296238033447,6.302084438272346,6.64209829145421,1,0.1,1.5
2006,109,9.461904786567915e-5,2.599029334299273e-4,0.030503740652612424,0.0010463927387723403,0.32264798292241503,6.609783953498014,6.964746274376625,1,0.1,1.5
2006,108,9.680993256055058e-5,2.661098951228106e-4,0.03155195570782326,0.001071044713337225,0.3335458347464614,6.928029149482516,7.298292109123087,1,0.1,1.5
2006,107,1.002973031437515e-4,2.748024969750977e-4,0.03293242106277633,0.001105665131441977,0.34793431662973356,7.2601682499487925,7.64622642575282,1,0.1,1.5
2006,106,1.052787964286831e-4,2.8596249746628926e-4,0.0346592592722361,0.0011501645180783799,0.3659533252481437,7.6096906535101025,8.012179751000964,1,0.1,1.5
2006,105,1.1200539294907983e-4,2.9945965513277406e-4,0.036735335571892166,0.0012040010716639314,0.3876226378417002,7.980113276042317,8.399802388842664,1,0.1,1.5
2006,104,1.2078554187489775e-4,3.1501003159785986e-4,0.03914666260025538,0.001266013656097699,0.41278315938593996,8.374810526055432,8.812585548228604,1,0.1,1.5
2006,103,1.3198617346202014e-4,3.321288284443601e-4,0.04185536600411164,0.001334233592372653,0.4410234189989059,8.7967734651633,9.25360896722751,1,0.1,1.5
2006,102,1.4602202388434211e-4,3.501062027037434e-4,0.04479446215052939,0.001405789802772864,0.47162574301643795,9.248316496711553,9.725234710243948,1,0.1,1.5
2006,101,1.6334010276924227e-4,3.679767918720751e-4,0.04786055331079993,0.001476789846424894,0.5034911922346361,9.730710691140118,10.228725902478583,1,0.1,1.5
2006,100,1.8435643015790414e-4,3.846265867158664e-4,0.05092310535321122,0.0015427532186974488,0.5352395553817206,10.243910914826161,10.763965457860303,1,0.1,1.5
2006,99,2.0946298636496464e-4,3.9871194463538787e-4,0.0538084423747022,0.0015982912123799456,0.5650439167897136,10.786122100010447,11.329009374650017,1,0.1,1.5
2006,98,2.386986777674896e-4,4.096780390955085e-4,0.056433915628182486,0.0016411920545642547,0.5920406699041142,11.354717169135071,11.92105004455413,1,0.1,1.5
2006,97,2.735450781808852e-4,4.163676240312896e-4,0.058619602588262945,0.0016668435008252538,0.6143541155201856,11.945259234643467,12.535404160074316,1,0.1,1.5
2006,96,3.15752856364506e-4,4.1688092220375065e-4,0.060053223957392723,0.00166768489892943,0.6287356206849138,12.550170785343676,13.16413978075923,1,0.1,1.5
2006,95,3.6499349100483974e-4,4.1146912424396215e-4,0.060702133661451135,0.001644785377761865,0.6348762908189808,13.16155014219463,13.799016071578212,1,0.1,1.5
2006,94,4.1905823642545445e-4,4.05217381908783e-4,0.06126723269943304,0.0016185172762735924,0.6401255483463721,13.778554015165666,14.439141619924584,1,0.1,1.5
2006,93,4.8244847594487646e-4,3.985882978315202e-4,0.061812478811000264,0.0015907343828284973,0.6451570803031643,14.400986318571281,15.084298700227748,1,0.1,1.5
2006,92,6.029918506527495e-4,3.9160895983758853e-4,0.06233717201727886,0.0015615473337907953,0.6499976233924206,15.028676122909548,15.73429632362017,1,0.1,1.5
2006,91,7.907735232346679e-4,3.842952301292773e-4,0.06284157728617458,0.0015310217387798511,0.6546576466372881,15.661462030421411,16.388953970257457,1,0.1,1.5
2006,90,0.0010414617850304983,3.766574611395825e-4,0.06332608457794076,0.0014992011432954872,0.6591388874374259,16.299183758668903,17.048092857694883,1,0.1,1.5
2006,89,0.0013484144448885575,3.687073008972781e-4,0.06379145245336093,0.0014661341947919695,0.6634453147171548,16.941684299174746,17.711538172412038,1,0.1,1.5
2006,88,0.0017028060738419133,3.6045733569000965e-4,0.06423877663229861,0.0014318731908180527,0.6675828750265149,17.58881184290386,18.379121047438552,1,0.1,1.5
2006,87,0.0020938867977229147,3.5190133934867536e-4,0.06466581644325717,0.0013963957195340464,0.6715216126369314,18.240384945261734,19.050642660075482,1,0.1,1.5
2006,86,0.0025291127635232425,3.430381546735946e-4,0.06506958073703177,0.0013596997724182234,0.6752365465558533,18.896197209354472,19.725879206631337,1,0.1,1.5
2006,85,0.003022913070043806,3.338883210728207e-4,0.06545049490199532,0.0013218694438419658,0.678742956808453,19.556056316965183,20.40462216343979,1,0.1,1.5
2006,84,0.003572266014939471,3.2446514949741913e-4,0.0658088699911834,0.0012829600225013952,0.6820428624048831,20.219771179048617,21.086665025844674,1,0.1,1.5
2006,83,0.004172172715696933,3.147829646308248e-4,0.06614536163211521,0.0012430307212297838,0.6851404761764455,20.887154073493207,21.77180550202112,1,0.1,1.5
2006,82,0.004815657340267675,3.048568932595385e-4,0.06646097527896645,0.001202143806522776,0.6880422428994304,21.558022833442312,22.459847744920552,1,0.1,1.5
2006,81,0.0054937872513675535,2.947025642627433e-4,0.06675705140203865,0.001160363381288506,0.6907566842299518,22.23220289793957,23.150604429150505,1,0.1,1.5
2006,80,0.0061734616341954885,2.84326850047402e-4,0.0670345587010378,0.0011177189826196577,0.6932719106377393,22.909507394539883,23.843876339788245,1,0.1,1.5
2006,79,0.006844604556394974,2.737479136194802e-4,0.06729549559165349,0.0010742845331491303,0.6956024266591233,23.589762899296876,24.53947876644737,1,0.1,1.5
2006,78,0.00751361466098227,2.629900981991167e-4,0.06754269036527834,0.0010301578731808547,0.6977824221208702,24.272828780372304,25.23726118856824,1,0.1,1.5
2006,77,0.008166211697511217,2.520685968984404e-4,0.06777858974141696,9.854005392871685e-4,0.6998278750760734,24.958579504887133,25.937089063644315,1,0.1,1.5
2006,76,0.008787170376952902,2.409975007241273e-4,0.06800575540696023,9.400694790281617e-4,0.7017552066475954,25.646905147548612,26.638844270291912,1,0.1,1.5
2006,75,0.009360877582253783,2.2977003003250222e-4,0.06822076304567272,8.941402184221309e-4,0.7035193475036328,26.3376510633605,27.342363617795545,1,0.1,1.5
2006,74,0.00990134123530219,2.18387764714664e-4,0.06841964743594585,8.476214167113748e-4,0.7050901235450643,27.030632309523973,28.04745374134061,1,0.1,1.5
2006,73,0.010430239219584653,2.0687252266946512e-4,0.06860398896490572,8.006004187662685e-4,0.7064992565283262,27.725694417212782,28.753952997868936,1,0.1,1.5
2006,72,0.01094333046363602,1.9523628113901067e-4,0.06877445411642565,7.531260146381238e-4,0.7077514006843295,28.422686874830855,29.461704398553266,1,0.1,1.5
2006,71,0.011436329974013604,1.834907483656073e-4,0.06893173764035837,7.052458171891971e-4,0.7088514441154755,29.121463378700774,30.17055584266874,1,0.1,1.5
2006,70,0.01190494062748788,1.7164731914010028e-4,0.06907655557945959,6.570060869968489e-4,0.7098044573138008,29.82188203477176,30.88036029998254,1,0.1,1.5
2006,69,0.012344886190564777,1.5971703570262757e-4,0.0692096376108252,6.084515796545473e-4,0.7106156360159578,30.523805505364084,31.5909759359985,1,0.1,1.5
2006,68,0.012751945479591274,1.4771055555601166e-4,0.06933171905879558,5.596254215405006e-4,0.7112902420090601,31.227101098493996,32.302266178007564,1,0.1,1.5
2006,67,0.013121987590356252,1.356381265979736e-4,0.06944353262051524,5.105690155905057e-4,0.7118335422779006,31.93164079769203,33.014099720285465,1,0.1,1.5
2006,66,0.01345100817199879,1.235095711725276e-4,0.06954580060659442,4.6132198303481566e-4,0.7122507546023565,32.637301238251034,33.72635047488782,1,0.1,1.5
2006,65,0.013735163050711197,1.1133426985984561e-4,0.06963922236946449,4.119221069124996e-4,0.7125469432877055,33.34396358001142,34.43889741817553,1,0.1,1.5
2006,64,0.01397082421089456,9.912061544251321e-5,0.06972404741522988,3.624033578077403e-4,0.7127227539398118,34.05150914312541,35.151620172115344,1,0.1,1.5
2006,63,0.014156619385626764,8.687667825275835e-5,0.06980012420628766,3.127984883159844e-4,0.7127763049355742,34.759816898227896,35.86439647705092,1,0.1,1.5
2006,62,0.014293555797178744,7.461108490043398e-5,0.069867533332338,2.631422377516869e-4,0.7127096561955275,35.468767379598404,36.577106133246446,1,0.1,1.5
2006,61,0.014381997663121843,6.233219620353871e-5,0.06992627220000211,2.1346828910446874e-4,0.7125235893913444,36.178241422002536,37.28962972263779,1,0.1,1.5
2006,60,0.014422593205688047,5.004829972993265e-5,0.06997629634296665,1.6380999268568713e-4,0.7122186513167439,36.888119930566624,38.00184837395454,1,0.1,1.5
2006,59,0.014416253186073598,3.776763119337794e-5,0.07001752236052707,1.142004525756168e-4,0.7117951704113814,37.59828366594121,38.71364354436592,1,0.1,1.5
2006,58,0.014364130186678955,2.549839453941983e-5,0.07004983312416459,6.467260638621467e-5,0.7112532963551053,38.308613067919374,39.424896840721026,1,0.1,1.5
2006,57,0.014267588057521598,1.3248777465329338e-5,0.07007308552700679,1.6156004296195153e-5,0.7106058684777765,39.01898813633578,40.1355027091988,1,0.1,1.5
2006,56,0.014128158199904888,2.109645816840087e-6,0.0700874396737801,0,0.7103142653292394,39.729302401665024,40.84581697452804,1,0.1,1.5
2006,55,0.013951118016842803,7.066196992636064e-9,0.07010862680951671,0,0.7103870841016988,40.43968948576672,41.55620405862974,1,0.1,1.5
2006,54,0.013713438286392123,6.1113422076570604e-12,0.07053333718096563,0,0.7144756640616978,41.15416514982842,42.27067972269143,1,0.1,1.5
2006,53,0.011543807283382081,1.403410272599211e-14,0.0704260001731985,0,0.7119558732543799,41.8661210230828,42.982635595945816,1,0.1,1.5
2006,52,0.23087614566764164,2.1329842469452958e-17,1.2568820813010786,0,12.72273824345588,54.58885926653868,55.705373839401695,20,0.1,1.5
2006,51,0.23087614566764164,4.9894534333692155e-74,1.0644592973895501,0,10.798510404340595,65.38736967087927,66.50388424374229,20,0.1,1.5
2006,50,0.23087614566764164,5.4097324071920825e-104,1.180077860492447,0,11.954696035369563,77.34206570624883,78.45858027911186,20,0.1,1.5
2006,49,0.23087614566764164,7.758434509465751e-138,1.3008774589499295,0,13.162692019944389,90.50475772619322,91.62127229905624,20,0.1,1.5
2006,48,0.23087614566764164,4.033626724420768e-160,1.38705400292161,0,14.024457459661194,104.52921518585441,105.64572975871744,20,0.1,1.5
2006,47,0.23087614566764164,3.5675475847651793e-162,1.3909342899862431,0,14.063260330307525,118.59247551616193,119.70899008902497,20,0.1,1.5
2006,46,0.23087614566764164,3.567547584765224e-202,1.3881550625964303,0,14.035468056409396,132.62794357257133,133.74445814543435,20,0.1,1.5
2006,45,0.23087614566764164,3.5675475847652697e-242,1.3853813883840316,0,14.00773131428541,146.63567488685672,147.75218945971977,20,0.1,1.5
2006,44,0.23087614566764164,3.5675475847653154e-282,1.3826132562532376,0,13.98004999297747,160.61572487983418,161.73223945269723,20,0.1,1.5
2006,43,0.23087614566764164,3.56e-322,1.3798506551304086,0,13.95242398174918,174.56814886158335,175.6846634344464,20,0.1,1.5
2006,42,0.23087614566764164,0,1.3770935739640315,0,13.92485317008541,188.49300203166877,189.60951660453182,20,0.1,1.5
2006,41,0.23087614566764164,0,1.3743420017246748,0,13.897337447691841,202.3903394793606,203.50685405222367,20,0.1,1.5
2006,40,0.23087614566764164,0,1.3715959274049454,0,13.869876704494548,216.26021618385514,217.37673075671822,20,0.1,1.5
2006,39,0.23087614566764164,0,1.368855340019443,0,13.842470830639524,230.10268701449465,231.21920158735773,20,0.1,1.5
2006,38,0.23087614566764164,0,1.3661202286047178,0,13.815119716492273,243.9178067309869,245.03432130385,20,0.1,1.5
2006,37,0.23087614566764164,0,1.3633905822192278,0,13.787823252637372,257.7056299836243,258.8221445564874,20,0.1,1.5
2006,36,0.23087614566764164,0,1.360666389943291,0,13.760581329878002,271.46621131350236,272.5827258863654,20,0.1,1.5
2006,35,0.23087614566764164,0,1.357947640879045,0,13.733393839235543,285.19960515273794,286.3161197256009,20,0.1,1.5
2006,34,0.23087614566764164,0,1.355234324150403,0,13.706260671949124,298.9058658246871,300.02238039755,20,0.1,1.5
2006,33,0.23087614566764164,0,1.352526428903007,0,13.679181719475164,312.5850475441623,313.70156211702516,20,0.1,1.5
2006,32,0.23087614566764164,0,1.3498239443041906,0,13.652156873487,326.2372044176493,327.35371899051216,20,0.1,1.5
2006,31,0.23087614566764164,0,1.3471268595429309,0,13.625186025874402,339.86239044352374,340.9789050163866,20,0.1,1.5
2006,30,0.23087614566764164,0,1.3444351638298055,0,13.59826906874315,353.4606595122669,354.57717408512974,20,0.1,1.5
2006,29,0.23087614566764164,0,1.3417488463969534,0,13.571405894414628,367.0320654066815,368.14857997954437,20,0.1,1.5
2006,28,0.23087614566764164,0,1.339067896498024,0,13.544596395425334,380.57666180210686,381.6931763749697,20,0.1,1.5
2006,27,0.23087614566764164,0,1.3363923034081429,0,13.517840464526522,394.0945022666334,395.2110168394962,20,0.1,1.5
2006,26,0.23087614566764164,0,1.3337220564238632,0,13.491137994683726,407.58564026131717,408.70215483417996,20,0.1,1.5
2006,25,0.23087614566764164,0,1.3310571448631252,0,13.464488879076345,421.05012914039355,422.1666437132563,20,0.1,1.5
2006,24,0.23087614566764164,0,1.3283975580652132,0,13.437893011097225,434.4880221514908,435.6045367243535,20,0.1,1.5
2006,23,0.23087614566764164,0,1.3257432853907134,0,13.411350284352228,447.899372435843,449.01588700870576,20,0.1,1.5
2006,22,0.23087614566764164,0,1.3230943162214692,0,13.384860592659786,461.28423302850285,462.40074760136554,20,0.1,1.5
2006,21,0.23087614566764164,0,1.320450639960541,0,13.358423830050503,474.6426568585534,475.75917143141606,20,0.1,1.5
2006,20,0.23087614566764164,0,1.3178122460321624,0,13.332039890766717,487.9746967493201,489.0912113221828,20,0.1,1.5
2006,19,0.23087614566764164,0,1.3151791238816977,0,13.30570866926207,501.28040541858223,502.39691999144486,20,0.1,1.5
2006,18,0.23087614566764164,0,1.3125512629756029,0,13.279430060201122,514.5598354787833,515.676350051646,20,0.1,1.5
2006,17,0.23087614566764164,0,1.3099286528013785,0,13.25320395845888,527.8130394372421,528.9295540101049,20,0.1,1.5
2006,16,0.23087614566764164,0,1.307311282867532,0,13.227030259120413,541.0400696963625,542.1565842692253,20,0.1,1.5
2006,15,0.23087614566764164,0,1.3046991427035333,0,13.200908857480426,554.2409785538429,555.3574931267057,20,0.1,1.5
2006,14,0.23087614566764164,0,1.302092221859773,0,13.174839649042823,567.4158182028857,568.5323327757485,20,0.1,1.5
2006,13,0.23087614566764164,0,1.2994905099075216,0,13.14882252952031,580.564640732406,581.6811553052688,20,0.1,1.5
2006,12,0.23087614566764164,0,1.2968939964388855,0,13.122857394833948,593.6874981272399,594.8040127001028,20,0.1,1.5
2006,11,0.23087614566764164,0,1.2943026710667702,0,13.096944141112797,606.7844422683527,607.9009568412156,20,0.1,1.5
2006,10,0.23087614566764164,0,1.2917165234248336,0,13.07108266469343,619.8555249330461,620.972039505909,20,0.1,1.5
2006,9,0.23087614566764164,0,1.289135543167447,0,13.045272862119564,632.9007977951657,634.0173123680286,20,0.1,1.5
2006,8,0.23087614566764164,0,1.286559719969654,0,13.019514630141632,645.9203124253072,647.0368269981702,20,0.1,1.5
2006,7,0.23087614566764164,0,1.283989043527128,0,12.993807865716374,658.9141202910236,660.0306348638866,20,0.1,1.5
2006,6,0.23087614566764164,0,1.2814235035561308,0,12.968152466006401,671.8822727570299,672.9987873298929,20,0.1,1.5
2006,5,0.23087614566764164,0,1.2788630897934727,0,12.942548328379821,684.8248210854097,685.9413356582728,20,0.1,1.5
2006,4,0.23087614566764164,0,1.2763077919964723,0,12.916995350409817,697.7418164358195,698.8583310086826,20,0.1,1.5
2006,3,0.23087614566764164,0,1.2737575999429114,0,12.891493429874208,710.6333098656937,711.7498244385569,20,0.1,1.5
2006,2,0.011543807283382081,0,5.41237182389857e-4,0,0.01310824334615329,710.6464181090399,711.7629326819031,1,0.1,1.5
2006,1,150,0,1.2859807486374997,0,112.85980748637499,823.5062255954149,824.622740168278,99999,0.1,1.5
2007,132,1.518416855770233e-4,0.03448059710312251,0.03448059710312251,0,0.6897131698528349,0,0,1,0.1,1.5
2007,131,1.4651592188159846e-4,3.379566391799617e-4,0.033792284351604356,0.0014362574521441177,0.3619180507911563,0.3414000871890975,0.3619180507911563,1,0.1,1.5
2007,130,1.4149865906933965e-4,3.4785996830266787e-4,0.03345635993416968,0.0014088978939981495,0.3582636442355051,0.6795366186532005,0.7201816950266614,1,0.1,1.5
2007,129,1.3675023599015403e-4,3.4116547126483254e-4,0.03310496923059769,0.0013806366100196658,0.3542758939857567,1.014089132495819,1.0744575890124182,1,0.1,1.5
2007,128,1.322315569196459e-4,3.342020751226361e-4,0.032734795842156085,0.001352047889427857,0.3500931033930364,1.3448672660398862,1.4245506924054545,1,0.1,1.5
2007,127,1.279018102901947e-4,3.271178665050615e-4,0.032341674254756786,0.0013229931683771817,0.3456730914915336,1.6716404551260315,1.770223783896988,1,0.1,1.5
2007,126,1.23720720195679e-4,3.1985183062204316e-4,0.03191869646803076,0.0012932227728001005,0.34094257450665993,1.99410841859269,2.111166358403648,1,0.1,1.5
2007,125,1.1963921492872403e-4,3.1234799123467765e-4,0.031459269048058056,0.0012625114713092312,0.33583180803110685,2.3119043484622366,2.4469981664347547,1,0.1,1.5
2007,124,1.1561821479923121e-4,3.044644509702067e-4,0.030947757751524675,0.001230287065410528,0.3301748303406796,2.6245036492970515,2.7771729967754344,1,0.1,1.5
2007,123,1.11579602478561e-4,2.961902624794942e-4,0.03038137298186103,0.0011965070555485385,0.3239429767814653,2.9313536681421093,3.1011159735568996,1,0.1,1.5
2007,122,1.0752209555897999e-4,2.8717581003195495e-4,0.029722067540000115,0.0011597614207476373,0.3167321351937548,3.2315177830394695,3.4178481087506545,1,0.1,1.5
2007,121,1.0328346784523969e-4,2.7836332761142156e-4,0.029065750386079316,0.0011238569777550728,0.3095650924643528,3.5250277758216066,3.727413201215007,1,0.1,1.5
2007,120,9.932212979683068e-5,2.7112233330540985e-4,0.028557855147906822,0.0010943195712881948,0.3039891262980087,3.8133837653869267,4.031402327513016,1,0.1,1.5
2007,119,9.62260267864903e-5,2.654157100614005e-4,0.028199933546524607,0.0010709923387278008,0.30001753380363866,4.098101408637311,4.331419861316655,1,0.1,1.5
2007,118,9.390931573591983e-5,2.611848696241331e-4,0.027991120965859533,0.0010536321619675497,0.2976375525934351,4.380687073202639,4.62905741391009,1,0.1,1.5
2007,117,9.22954497642281e-5,2.583293893721554e-4,0.027925820497831395,0.0010418276123705258,0.2967862807771715,4.662590102374517,4.925843694687261,1,0.1,1.5
2007,116,9.130967607481812e-5,2.5671759807182785e-4,0.0279946847827718,0.0010350418219859762,0.2973612086684763,4.945164999300336,5.223204903355738,1,0.1,1.5
2007,115,9.087992059173088e-5,2.561521004636281e-4,0.02818067045468525,0.0010324736857551765,0.2991784362474334,5.229593811465552,5.522383339603171,1,0.1,1.5
2007,114,9.091815117761276e-5,2.564325230702613e-4,0.028465670236829086,0.0010333110703699326,0.302043226419349,5.516875451165331,5.82442656602252,1,0.1,1.5
2007,113,9.13426677909883e-5,2.5720586292832503e-4,0.028813632123393693,0.0010361280623278621,0.30557110443690744,5.807644726140412,6.129997670459428,1,0.1,1.5
2007,112,9.200910956291632e-5,2.5829099925388097e-4,0.029206423941667153,0.0010401927703266767,0.30956838553453814,6.102353214955998,6.439566055993966,1,0.1,1.5
2007,111,9.284534809936176e-5,2.5905057722258026e-4,0.029572752199399886,0.0010429377565581305,0.31327903547293084,6.4007331396209555,6.752845091466897,1,0.1,1.5
2007,110,9.357403999398109e-5,2.6043580058033623e-4,0.030021927483294308,0.0010481920416018473,0.31786018755495926,6.7036191551530315,7.0707052790218565,1,0.1,1.5
2007,109,9.461904786567915e-5,2.6419721402738433e-4,0.030762288463240247,0.0010629942301055928,0.32551356799657144,7.013947091290952,7.396218847018428,1,0.1,1.5
2007,108,9.680993256055058e-5,2.7042227728553436e-4,0.03181656169058678,0.0010876828810457801,0.33647270650584604,7.334881470924715,7.732691553524274,1,0.1,1.5
2007,107,1.002973031437515e-4,2.791643078302452e-4,0.03320554410353055,0.001122457400838175,0.3509490547086301,7.669795419907086,8.083640608232905,1,0.1,1.5
2007,106,1.052787964286831e-4,2.904007544942579e-4,0.034943334475828466,0.001167210117067053,0.36908196841132807,8.0222029580746,8.452722576644232,1,0.1,1.5
2007,105,1.1200539294907983e-4,3.039948644673106e-4,0.03703266230625096,0.001221372402942429,0.39088941915404063,8.395644200043748,8.843611995798273,1,0.1,1.5
2007,104,1.2078554187489775e-4,3.1965351434040337e-4,0.039459251348019773,0.001283745934181657,0.41620879994935156,8.793513772361933,9.259820795747626,1,0.1,1.5
2007,103,1.3198617346202014e-4,3.368796863776069e-4,0.042184738865604386,0.0013523132537054145,0.44462293706934813,9.218817948664062,9.704443732816973,1,0.1,1.5
2007,102,1.4602202388434211e-4,3.549485127202534e-4,0.04514143015500755,0.0014241440455965764,0.47540604963029487,9.673879083357262,10.179849782447267,1,0.1,1.5
2007,101,1.6334010276924227e-4,3.7287722952494427e-4,0.04822496471707507,0.0014952781870560517,0.5074484298257899,10.159966396225109,10.687298212273056,1,0.1,1.5
2007,100,1.8435643015790414e-4,3.8953457054152085e-4,0.05130370134735027,0.0015611690718840474,0.5393576787783191,10.6770216596908,11.226655891051376,1,0.1,1.5
2007,99,2.0946298636496464e-4,4.035599225413403e-4,0.054202634333559714,0.0016163645676092178,0.5692925069463378,11.22322324424272,11.795948397997714,1,0.1,1.5
2007,98,2.386986777674896e-4,4.1439479403201874e-4,0.056838570250260734,0.001658640990900459,0.5963836541933504,11.795912027137492,12.392332052191064,1,0.1,1.5
2007,97,2.735450781808852e-4,4.2087455144662633e-4,0.05903045150321043,0.0016833621321103985,0.6187436543907444,12.390607651069516,13.011075706581808,1,0.1,1.5
2007,96,3.15752856364506e-4,4.21090033954395e-4,0.06046413985972934,0.001682939463245821,0.6331047931731635,12.999670451910596,13.644180499754972,1,0.1,1.5
2007,95,3.6499349100483974e-4,4.1531103568290587e-4,0.06110725979252546,0.0016585194089366894,0.6391621716894681,13.615139489186683,14.28334267144444,1,0.1,1.5
2007,94,4.1905823642545445e-4,4.086814928874859e-4,0.06166573529523149,0.0016306919018750957,0.6443191386370224,14.23616302922549,14.927661810081464,1,0.1,1.5
2007,93,4.8244847594487646e-4,4.0166947868543955e-4,0.06220398115882629,0.0016013310457358577,0.6492542964886404,14.862541167917906,15.576916106570105,1,0.1,1.5
2007,92,6.029918506527495e-4,3.943029230460747e-4,0.06272132513352482,0.001570550873008699,0.6539947161757922,15.494099443050716,16.230910822745898,1,0.1,1.5
2007,91,7.907735232346679e-4,3.8659838699625556e-4,0.06321804856314092,0.0015384198483049528,0.6585510782545514,16.13067309490091,16.88946190100045,1,0.1,1.5
2007,90,0.0010414617850304983,3.785668604352676e-4,0.06369455225530683,0.0015049841425503329,0.6629252724791127,16.77209859391502,17.552387173479563,1,0.1,1.5
2007,89,0.0013484144448885575,3.7022062170696514e-4,0.06415160685681359,0.0014702949867733141,0.6671214318452262,17.418215811663483,18.21950860532479,1,0.1,1.5
2007,88,0.0017028060738419133,3.6157287106141327e-4,0.0645903210523399,0.0014344071837281197,0.671145674479357,18.068869954946724,18.89065427980415,1,0.1,1.5
2007,87,0.0020938867977229147,3.5261794327699834e-4,0.06500844879149635,0.0013973007127539622,0.6749680306331767,18.723876546826276,19.565622310437327,1,0.1,1.5
2007,86,0.0025291127635232425,3.433553246512918e-4,0.06540299872206262,0.001358976269802977,0.6785635623542925,19.383026162469097,20.24418587279162,1,0.1,1.5
2007,85,0.003022913070043806,3.3380624417121967e-4,0.06577441721346561,0.0013195207135300276,0.6819478058639692,20.046123672425495,20.92613367865559,1,0.1,1.5
2007,84,0.003572266014939471,3.23984657120323e-4,0.06612302910980963,0.0012789919462036163,0.6851229618631204,20.71297532077142,21.611256640518707,1,0.1,1.5
2007,83,0.004172172715696933,3.139055099537542e-4,0.06644950477625944,0.0012374516896626133,0.6880934326201575,21.38339087211068,22.299350073138864,1,0.1,1.5
2007,82,0.004815657340267675,3.035845205632894e-4,0.06675486513306925,0.0011949645822556124,0.6908658573668219,22.05718580687385,22.990215930505688,1,0.1,1.5
2007,81,0.0054937872513675535,2.9303787096475394e-4,0.06704046654222057,0.0011515969329692764,0.6934489537228021,22.734183375839947,23.68366488422849,1,0.1,1.5
2007,80,0.0061734616341954885,2.8227301415538844e-4,0.06730728499082261,0.0011073806502071685,0.6958309447136316,23.41419459697919,24.379495828942122,1,0.1,1.5
2007,79,0.006844604556394974,2.713086124234774e-4,0.06755733717538161,0.0010623916154058504,0.6980265506595406,24.097044124561506,25.077522379601664,1,0.1,1.5
2007,78,0.00751361466098227,2.601693692772049e-4,0.06779347556453702,0.0010167290040891505,0.7000702258372136,24.782589650340302,25.777592605438876,1,0.1,1.5
2007,77,0.008166211697511217,2.4887082079077654e-4,0.06801816201726461,9.704556685983913e-4,0.7019781219207765,25.47070411985253,26.479570727359654,1,0.1,1.5
2007,76,0.008787170376952902,2.374273447642817e-4,0.06823397220117657,9.236296413865233e-4,0.7037668182067084,26.161276228896575,27.183337545566364,1,0.1,1.5
2007,75,0.009360877582253783,2.2583275490585777e-4,0.0684374760239737,8.762289443844068e-4,0.7053912291919799,26.854149901740207,27.888728774758345,1,0.1,1.5
2007,74,0.00990134123530219,2.1408923182499035e-4,0.06862471082538009,8.282647108686222e-4,0.7068212477413278,27.549138796469126,28.595550022499673,1,0.1,1.5
2007,73,0.010430239219584653,2.0221882991826177e-4,0.06879727867070079,7.798251073324971e-4,0.7080888264954255,28.246087264288374,29.3036388489951,1,0.1,1.5
2007,72,0.01094333046363602,1.9023386647092107e-4,0.06895585817467353,7.30960238477569e-4,0.7091987631749765,28.944843738342243,30.012837612170078,1,0.1,1.5
2007,71,0.011436329974013604,1.7814636178095536e-4,0.06910115592089162,6.817189149568746e-4,0.7101560844516425,29.645260981151647,30.72299369662172,1,0.1,1.5
2007,70,0.01190494062748788,1.6596799494061323e-4,0.06923389944565086,6.321484797441631e-4,0.7109659940586804,30.347196282642553,31.4339596906804,1,0.1,1.5
2007,69,0.012344886190564777,1.537100652706631e-4,0.06935482954197776,5.822946581281211e-4,0.7116338153156434,31.050511602842082,32.14559350599605,1,0.1,1.5
2007,68,0.012751945479591274,1.4138346094068528e-4,0.06946469224227482,5.322014372605073e-4,0.7121649316936993,31.75507365686063,32.857758437689746,1,0.1,1.5
2007,67,0.013121987590356252,1.2899863516360616e-4,0.06956423052115081,4.8191097672614126e-4,0.7125647258147074,32.46075394015068,33.570323163504455,1,0.1,1.5
2007,66,0.01345100817199879,1.1656559147042919e-4,0.06965417652229247,4.314635556867141e-4,0.7128385250002002,33.16742870006964,34.283161688504656,1,0.1,1.5
2007,65,0.013735163050711197,1.0409386942672336e-4,0.06973523897395566,3.808975247350534e-4,0.7129914970114652,33.874978803870604,34.99615318551612,1,0.1,1.5
2007,64,0.01397082421089456,9.159204560636021e-5,0.06980767584994028,3.302475321119271e-4,0.7130243836500427,34.58328536563333,35.709177569166165,1,0.1,1.5
2007,63,0.014156619385626764,7.906838886152369e-5,0.06987134381594604,2.795470719422167e-4,0.7129353979043346,35.29222723393849,36.4221129670705,1,0.1,1.5
2007,62,0.014293555797178744,6.653167028692606e-5,0.0699263321384427,2.2883139554061857e-4,0.71272669522171,36.001684909223904,37.13483966229221,1,0.1,1.5
2007,61,0.014381997663121843,5.399039423815257e-5,0.06997264664505823,1.7813469603437113e-4,0.7123991502069645,36.71153927805895,37.84723881249917,1,0.1,1.5
2007,60,0.014422593205688047,4.145298116872111e-5,0.07001025121150377,1.2749079027551263e-4,0.7119534010677862,37.421671382122796,38.55919221356696,1,0.1,1.5
2007,59,0.014416253186073598,2.892778945583798e-5,0.0700390707214349,7.693320707674676e-5,0.7113898663816719,38.13196220268908,39.27058207994863,1,0.1,1.5
2007,58,0.014364130186678955,1.6423135541947866e-5,0.07005899629244872,2.6495267200436334e-5,0.7107087848881751,38.84229248376011,39.98129086483681,1,0.1,1.5
2007,57,0.014267588057521598,4.171488848702082e-6,0.07007011721952815,1.7442498101105067e-8,0.710254861633994,39.55254709621556,40.6915457264708,1,0.1,1.5
2007,56,0.014128158199904888,2.1096458168400883e-8,0.07008043092981273,0,0.7102232923959788,40.26277038861154,41.40176901886678,1,0.1,1.5
2007,55,0.013951118016842803,7.066196992636068e-11,0.07010161594683575,0,0.7103169055195391,40.97308729413108,42.11208592438632,1,0.1,1.5
2007,54,0.013713438286392123,6.111342207657063e-14,0.07052628384724753,0,0.7144051306640146,41.6874924247951,42.82649105505033,1,0.1,1.5
2007,53,0.011543807283382081,1.4034102725992117e-16,0.07041895757318119,0,0.7118854472540679,42.399377872049165,43.5383765023044,1,0.1,1.5
2007,52,0.23087614566764164,2.132984246945297e-19,1.2567563930929484,0,12.721481361374577,55.12085923342374,56.25985786367898,20,0.1,1.5
2007,51,0.23087614566764164,4.989453433369218e-76,1.0643528514598113,0,10.797445945043206,65.91830517846694,67.05730380872218,20,0.1,1.5
2007,50,0.23087614566764164,5.409732407192085e-106,1.1799598527063977,0,11.95351595750907,77.871821135976,79.01081976623125,20,0.1,1.5
2007,49,0.23087614566764164,7.758434509465756e-140,1.3007473712040345,0,13.161391142485439,91.03321227846143,92.17221090871669,20,0.1,1.5
2007,48,0.23087614566764164,4.0336267244207702e-162,1.386915297521318,0,14.023070405658274,105.05628268411971,106.19528131437497,20,0.1,1.5
2007,47,0.23087614566764164,3.567547584765181e-164,1.3907951965572445,0,14.061869396017538,119.11815208013724,120.25715071039251,20,0.1,1.5
2007,46,0.23087614566764164,3.567547584765226e-204,1.3880162470901707,0,14.0340799013468,133.15223198148402,134.2912306117393,20,0.1,1.5
2007,45,0.23087614566764164,3.567547584765272e-244,1.3852428502451932,0,14.006345932897027,147.15857791438106,148.29757654463634,20,0.1,1.5
2007,44,0.23087614566764164,3.567547584765317e-284,1.3824749949276123,0,13.978667379721216,161.13724529410226,162.27624392435757,20,0.1,1.5
2007,43,0.23087614566764164,5e-324,1.3797126700648956,0,13.95104413109405,175.0882894251963,176.22728805545162,20,0.1,1.5
2007,42,0.23087614566764164,0,1.376955864606635,0,13.923476076511445,189.01176550170774,190.15076413196306,20,0.1,1.5
2007,41,0.23087614566764164,0,1.3742045675245023,0,13.895963105690116,202.90772860739784,204.0467272376532,20,0.1,1.5
2007,40,0.23087614566764164,0,1.371458767812205,0,13.868505108567144,216.776233715965,217.91523234622034,20,0.1,1.5
2007,39,0.23087614566764164,0,1.3687184544854412,0,13.841101975299505,230.6173356912645,231.75633432151983,20,0.1,1.5
2007,38,0.23087614566764164,0,1.3659836165818573,0,13.813753596263666,244.43108928752815,245.5700879177835,20,0.1,1.5
2007,37,0.23087614566764164,0,1.363254243161006,0,13.786459862055153,258.2175491495833,259.35654777983865,20,0.1,1.5
2007,36,0.23087614566764164,0,1.3605303233042967,0,13.75922066348806,271.97676981307137,273.1157684433267,20,0.1,1.5
2007,35,0.23087614566764164,0,1.357811846114957,0,13.732035891594665,285.7088057046661,286.84780433492136,20,0.1,1.5
2007,34,0.23087614566764164,0,1.355098800717988,0,13.704905437624975,299.41371114229105,300.55270977254634,20,0.1,1.5
2007,33,0.23087614566764164,0,1.3523911762601166,0,13.67782919304626,313.09154033533736,314.2305389655926,20,0.1,1.5
2007,32,0.23087614566764164,0,1.3496889619097603,0,13.650807049542697,326.7423473848801,327.8813460151353,20,0.1,1.5
2007,31,0.23087614566764164,0,1.3469921468569765,0,13.62383889901486,340.36618628389493,341.50518491415016,20,0.1,1.5
2007,30,0.23087614566764164,0,1.3443007203134225,0,13.596924633579318,353.9631109174743,355.10210954772947,20,0.1,1.5
2007,29,0.23087614566764164,0,1.3416146715123136,0,13.57006414556823,367.53317506304256,368.6721736932977,20,0.1,1.5
2007,28,0.23087614566764164,0,1.3389339897083743,0,13.543257327528837,381.0764323905714,382.21543102082654,20,0.1,1.5
2007,27,0.23087614566764164,0,1.336258664177802,0,13.516504072223114,394.59293646279457,395.73193509304963,20,0.1,1.5
2007,26,0.23087614566764164,0,1.3335886842182207,0,13.489804272627302,408.0827407354219,409.2217393656769,20,0.1,1.5
2007,25,0.23087614566764164,0,1.330924039148639,0,13.463157821931484,421.54589855735344,422.6848971876084,20,0.1,1.5
2007,24,0.23087614566764164,0,1.3282647183094067,0,13.436564613539161,434.98246317089263,436.1214618011476,20,0.1,1.5
2007,23,0.23087614566764164,0,1.3256107110621744,0,13.410024541066838,448.3924877119595,449.5314863422144,20,0.1,1.5
2007,22,0.23087614566764164,0,1.322962006789847,0,13.383537498343564,461.7760252103031,462.915023840558,20,0.1,1.5
2007,21,0.23087614566764164,0,1.3203185948965448,0,13.357103379410542,475.13312858971364,476.2721272199685,20,0.1,1.5
2007,20,0.23087614566764164,0,1.3176804648075593,0,13.330722078520687,488.46385066823433,489.6028492984892,20,0.1,1.5
2007,19,0.23087614566764164,0,1.3150476059693095,0,13.304393490138189,501.76824415837257,502.9072427886274,20,0.1,1.5
2007,18,0.23087614566764164,0,1.3124200078493053,0,13.278117508938147,515.0463616673106,516.1853602975656,20,0.1,1.5
2007,17,0.23087614566764164,0,1.3097976599360983,0,13.251894029806078,528.2982556971167,529.4372543273716,20,0.1,1.5
2007,16,0.23087614566764164,0,1.3071805517392452,0,13.225722947837546,541.5239786449542,542.6629772752092,20,0.1,1.5
2007,15,0.23087614566764164,0,1.304568672789263,0,13.199604158337722,554.723582803292,555.8625814335469,20,0.1,1.5
2007,14,0.23087614566764164,0,1.301962012637587,0,13.173537556820964,567.8971203601129,569.0361189903679,20,0.1,1.5
2007,13,0.23087614566764164,0,1.2993605608565308,0,13.147523039010402,581.0446433991233,582.1836420293782,20,0.1,1.5
2007,12,0.23087614566764164,0,1.2967643070392416,0,13.12156050083751,594.1662038999608,595.3052025302158,20,0.1,1.5
2007,11,0.23087614566764164,0,1.2941732407996636,0,13.09564983844173,607.2618537384025,608.4008523686575,20,0.1,1.5
2007,10,0.23087614566764164,0,1.2915873517724912,0,13.069790948170006,620.3316446865724,621.4706433168275,20,0.1,1.5
2007,9,0.23087614566764164,0,1.2890066296131302,0,13.043983726576396,633.3756284131488,634.5146270434038,20,0.1,1.5
2007,8,0.23087614566764164,0,1.286431063997657,0,13.018228070421664,646.3938564835704,647.5328551138255,20,0.1,1.5
2007,7,0.23087614566764164,0,1.2838606446227752,0,12.992523876672845,659.3863803602433,660.5253789904983,20,0.1,1.5
2007,6,0.23087614566764164,0,1.2812953612057751,0,12.966871042502845,672.3532514027461,673.4922500330011,20,0.1,1.5
2007,5,0.23087614566764164,0,1.2787352034844934,0,12.941269465290029,685.2945208680361,686.4335194982912,20,0.1,1.5
2007,4,0.23087614566764164,0,1.2761801612172727,0,12.915719042617821,698.2102399106539,699.349238540909,20,0.1,1.5
2007,3,0.23087614566764164,0,1.2736302241829172,0,12.890219672274265,711.1004595829281,712.2394582131833,20,0.1,1.5
2007,2,0.011543807283382081,0,5.41183058671618e-4,0,0.0131077021089709,711.1135672850371,712.2525659152923,1,0.1,1.5
2007,1,150,0,1.285852150562636,0,112.85852150562636,823.9720887906635,825.1110874209187,99999,0.1,1.5
2008,133,1.5746869924060058e-4,0.03517495769905821,0.03517495769905821,0,0.7036041331139912,0,0,1,0.1,1.5
2008,132,1.518416855770233e-4,3.448059710312253e-4,0.0344771490434122,0.0014961231185063317,0.36969396534205223,0.3483207779348189,0.36969396534205223,1,0.1,1.5
2008,131,1.4651592188159846e-4,3.624439294278291e-4,0.03414796948620523,0.0014681918798084882,0.36617598114913474,0.693522589372404,0.735869946491187,1,0.1,1.5
2008,130,1.4149865906933965e-4,3.5570307318256403e-4,0.033805238771675794,0.0014390882601638508,0.36226215460458955,1.0352263402603672,1.0981321010957765,1,0.1,1.5
2008,129,1.3675023599015403e-4,3.485708072175648e-4,0.03344681788617955,0.0014097759766388209,0.35818471056709056,1.3732713940183316,1.456316811662867,1,0.1,1.5
2008,128,1.322315569196459e-4,3.413539931081906e-4,0.03306953433492883,0.0013801571555164978,0.3539135684447428,1.7074684316699817,1.8102303801076098,1,0.1,1.5
2008,127,1.279018102901947e-4,3.3401947075934607e-4,0.032669188379425604,0.0013500831945166818,0.349404249154186,2.037585778045358,2.159634629261796,1,0.1,1.5
2008,126,1.23720720195679e-4,3.2650421150624554e-4,0.032238810291583986,0.0013192999721730633,0.3445827679706479,2.3633214035563905,2.504217397232444,1,0.1,1.5
2008,125,1.1963921492872403e-4,3.187513477396546e-4,0.03177175098898056,0.0012875786996848528,0.3393787642678906,2.684306186400212,2.8435961615003347,1,0.1,1.5
2008,124,1.1561821479923121e-4,3.1061641086233406e-4,0.031252234742102154,0.0012543372100813262,0.3336246933406728,3.000011776739723,3.1772208548410075,1,0.1,1.5
2008,123,1.11579602478561e-4,3.020886665119296e-4,0.030677461608449978,0.0012195339764535145,0.3272918031006073,3.3098816658909946,3.5045126579416146,1,0.1,1.5
2008,122,1.0752209555897999e-4,2.9281211328722887e-4,0.030009035688433026,0.0011817342428485252,0.3199720771692208,3.6129718253052365,3.8244847351108353,1,0.1,1.5
2008,121,1.0328346784523969e-4,2.8374787771488243e-4,0.029343808055479478,0.0011448186062975529,0.3126989664957102,3.90931624028241,4.137183701606546,1,0.1,1.5
2008,120,9.932212979683068e-5,2.762911161551028e-4,0.02882857925521408,0.0011144123713551543,0.30703509520053474,4.2004311587493,4.44421879680708,1,0.1,1.5
2008,119,9.62260267864903e-5,2.7040224178256423e-4,0.028464861637851904,0.0010903483757125094,0.3029931948481906,4.487847948230169,4.747211991655271,1,0.1,1.5
2008,118,9.390931573591983e-5,2.6601988918812877e-4,0.028251729894254833,0.001072372053781783,0.30055970481323135,4.77308805227509,5.047771696468502,1,0.1,1.5
2008,117,9.22954497642281e-5,2.63040196986353e-4,0.028183484818874244,0.0010600580168168773,0.29967046641297557,5.057614832733538,5.347442162881478,1,0.1,1.5
2008,116,9.130967607481812e-5,2.613276314772123e-4,0.028250645769790018,0.0010528538618834354,0.30022137658553316,5.342795439863593,5.647663539467011,1,0.1,1.5
2008,115,9.087992059173088e-5,2.606799424434304e-4,0.028435970809078576,0.0010499391958040838,0.3020262254975777,5.629822533992541,5.949689764964589,1,0.1,1.5
2008,114,9.091815117761276e-5,2.6089209282318575e-4,0.028721151437397886,0.001050483440115257,0.30488795369035654,5.919703581395536,6.254577718654946,1,0.1,1.5
2008,113,9.13426677909883e-5,2.6160407421124877e-4,0.02906978277576332,0.0010530333518316984,0.308418097209202,6.213078345007142,6.562995815864148,1,0.1,1.5
2008,112,9.200910956291632e-5,2.6263110257420796e-4,0.029463551491854655,0.0010568427284487177,0.312420918614217,6.510401510357807,6.875416734478365,1,0.1,1.5
2008,111,9.284534809936176e-5,2.6332494491175843e-4,0.02983052936331948,0.0010593023355756914,0.31613333048926945,6.811401950338852,7.191550064967634,1,0.1,1.5
2008,110,9.357403999398109e-5,2.6465236840626517e-4,0.03028097330094644,0.0010643007301472066,0.32072293553181647,7.116920589725709,7.512273000499451,1,0.1,1.5
2008,109,9.461904786567915e-5,2.6839052966667204e-4,0.03102496079192032,0.0010789774376409197,0.328410555975984,7.429917182306823,7.840683556475435,1,0.1,1.5
2008,108,9.680993256055058e-5,2.746249430343004e-4,0.032085300754679164,0.0011036621388002975,0.33943039891503635,7.753580979238998,8.180113955390471,1,0.1,1.5
2008,107,1.002973031437515e-4,2.834059932878462e-4,0.03348283789932974,0.0011385414170125736,0.3539941811808322,8.091310283033936,8.534108136571303,1,0.1,1.5
2008,106,1.052787964286831e-4,2.947065368117058e-4,0.03523164267164765,0.0011834882683164588,0.372240653210543,8.446643960982817,8.906348789781847,1,0.1,1.5
2008,105,1.1200539294907983e-4,3.083830493802804e-4,0.03733430214075595,0.001237906290732171,0.3941858977452165,8.823145483146146,9.300534687527064,1,0.1,1.5
2008,104,1.2078554187489775e-4,3.241330186888183e-4,0.039776241906430386,0.0013005593759873972,0.4196636926027381,9.22422975609192,9.720198380129801,1,0.1,1.5
2008,103,1.3198617346202014e-4,3.414471102901297e-4,0.04251859870514418,0.0013693812899219795,0.44825103879267936,9.652918205028572,10.168449418922481,1,0.1,1.5
2008,102,1.4602202388434211e-4,3.5958549652634667e-4,0.045492952023391195,0.0014413833235186809,0.4792139135510794,10.111540928243668,10.647663332473561,1,0.1,1.5
2008,101,1.6334010276924227e-4,3.7754831905926237e-4,0.048593961767367376,0.0015125397075068628,0.5114317043733535,10.60136492250978,11.159095036846916,1,0.1,1.5
2008,100,1.8435643015790414e-4,3.9418761367642706e-4,0.051688863245186546,0.0015782409154661728,0.5434997116677756,11.122318335385183,11.702594748514692,1,0.1,1.5
2008,99,2.0946298636496464e-4,4.081267411277179e-4,0.05460130521202866,0.0016329763209979174,0.5735621946795868,11.672552296907655,12.276156943194279,1,0.1,1.5
2008,98,2.386986777674896e-4,4.188041956654349e-4,0.05724754664096082,0.0016745134322613347,0.6007442612789837,12.249374937725763,12.876901204473262,1,0.1,1.5
2008,97,2.735450781808852e-4,4.2504927854206587e-4,0.05944538899108771,0.0016981983806669428,0.6231467229484222,12.848261683807515,13.500047927421683,1,0.1,1.5
2008,96,3.15752856364506e-4,4.2494576615099923e-4,0.060878828311554826,0.0016964257047814414,0.6374828956067503,13.461509926488816,14.137530823028433,1,0.1,1.5
2008,95,3.6499349100483974e-4,4.187829625910014e-4,0.06151577891878038,0.0016704225857184097,0.6434521276036943,14.081098874296533,14.780982950632128,1,0.1,1.5
2008,94,4.1905823642545445e-4,4.117597903976488e-4,0.06206724169717074,0.0016409770475837426,0.6485119162844971,14.706168261329834,15.429494866916624,1,0.1,1.5
2008,93,4.8244847594487646e-4,4.043494562208188e-4,0.06259809352214438,0.0016099817679076749,0.6533458016424867,15.336514323430782,16.08284066855911,1,0.1,1.5
2008,92,6.029918506527495e-4,3.9658074748263547e-4,0.06310769071926366,0.001577554212437711,0.6579811979836749,15.971959032665348,16.740821866542785,1,0.1,1.5
2008,91,7.907735232346679e-4,3.884709459462008e-4,0.06359633172036085,0.001543765773349619,0.6624290057740309,16.61233424167724,17.403250872316814,1,0.1,1.5
2008,90,0.0010414617850304983,3.800317042419359e-4,0.06406442883571889,0.0015086653372258626,0.6666912752166646,17.257473154933535,18.069942147533478,1,0.1,1.5
2008,89,0.0013484144448885575,3.7127595291039817e-4,0.06451276544282124,0.0014723067937961929,0.6707723111176638,17.907212511854112,18.74071445865114,1,0.1,1.5
2008,88,0.0017028060738419133,3.6221752464264407e-4,0.0649424638161667,0.0014347475113078668,0.6746784104760051,18.561394529311432,19.415392869127146,1,0.1,1.5
2008,87,0.0020938867977229147,3.528513576212605e-4,0.0653512731248057,0.0013959700322826879,0.6783795983886947,19.21983169866752,20.09377246751584,1,0.1,1.5
2008,86,0.0025291127635232425,3.4317762069725717e-4,0.06573620248964115,0.001355977910825519,0.6818509892908594,19.882311574946588,20.7756234568067,1,0.1,1.5
2008,85,0.003022913070043806,3.332182408242191e-4,0.06609771995012677,0.0013148607818326702,0.6851083827442914,20.548636232236127,21.46073183955099,1,0.1,1.5
2008,84,0.003572266014939471,3.229878331221073e-4,0.06643616479344956,0.0012726792074665967,0.68815416847758,21.218609269178472,22.148886008028573,1,0.1,1.5
2008,83,0.004172172715696933,3.125019775151909e-4,0.06675222274819746,0.001229497448501726,0.690992944998568,21.892037964912728,22.839878953027142,1,0.1,1.5
2008,82,0.004815657340267675,3.01776990769536e-4,0.06704693079211985,0.001185382528414321,0.6936315521759435,22.568735480968467,23.533510505203086,1,0.1,1.5
2008,81,0.0054937872513675535,2.9082961195196663e-4,0.06732166172880867,0.0011404029594835796,0.6960789090916168,23.248522919210316,24.229589414294704,1,0.1,1.5
2008,80,0.0061734616341954885,2.79667892693346e-4,0.06757739942487533,0.0010945930825173931,0.698323358301113,23.931209233475467,24.927912772595818,1,0.1,1.5
2008,79,0.006844604556394974,2.6831098997569735e-4,0.06781617934551552,0.0010480306984578323,0.7003798401800017,24.616617206534645,25.62829261277582,1,0.1,1.5
2008,78,0.00751361466098227,2.5678394471505966e-4,0.06804087846800286,0.0010008162002044948,0.7022830748564697,25.304602907102478,26.33057568763229,1,0.1,1.5
2008,77,0.008166211697511217,2.451026253575056e-4,0.06825397411821248,9.530136950306326e-4,0.7040493899249544,25.995037815669853,27.034625077557244,1,0.1,1.5
2008,76,0.008787170376952902,2.3328168379427365e-4,0.06845805621430308,9.046822319438482e-4,0.7056955244505209,26.687809308235465,27.740320602007767,1,0.1,1.5
2008,75,0.009360877582253783,2.2131556364516028e-4,0.06864968951246739,8.558024752769121e-4,0.7071763854627743,27.382759944051426,28.44749698747054,1,0.1,1.5
2008,74,0.00990134123530219,2.0920707003540544e-4,0.06882491453201471,8.063881205147248e-4,0.7084619404704368,28.079702054228797,29.155958927940976,1,0.1,1.5
2008,73,0.010430239219584653,1.969784651323069e-4,0.06898535521966684,7.56528016653327e-4,0.7095843727560954,28.778478883889846,29.86554330069707,1,0.1,1.5
2008,72,0.01094333046363602,1.8464239828410144e-4,0.06913170264847546,7.062735354024072e-4,0.7105486260443397,29.478937887999866,30.57609192674141,1,0.1,1.5
2008,71,0.011436329974013604,1.722111923570282e-4,0.06926467553403876,6.556746318558959e-4,0.7113598677017177,30.1809309752465,31.287451794443125,1,0.1,1.5
2008,70,0.01190494062748788,1.596967998854469e-4,0.06938501317564234,6.047796729335662e-4,0.7120234364536064,30.88431470208677,31.99947523089673,1,0.1,1.5
2008,69,0.012344886190564777,1.471107651847369e-4,0.06949346772355561,5.536352906967256e-4,0.7125447845958284,31.588950411101216,32.71202001549256,1,0.1,1.5
2008,68,0.012751945479591274,1.3446419392453368e-4,0.06959079613236573,5.02286266308126e-4,0.7129294183394128,32.294704311350515,33.424949433831976,1,0.1,1.5
2008,67,0.013121987590356252,1.2176773053317138e-4,0.06967775184228023,4.5077544602602215e-4,0.7131828366839813,33.001447498805554,34.13813227051596,1,0.1,1.5
2008,66,0.01345100817199879,1.0903154483638282e-4,0.06975507699356193,3.991436943409717e-4,0.7133104769416152,33.70905592297087,34.851442747457575,1,0.1,1.5
2008,65,0.013735163050711197,9.626531987803059e-5,0.06982348983124204,3.474298549070252e-4,0.7133176105198703,34.417410249849205,35.56476035797745,1,0.1,1.5
2008,64,0.01397082421089456,8.347780348404537e-5,0.06988325696538326,2.956691920136482e-4,0.713205076096131,35.12639148034514,36.27796543407358,1,0.1,1.5
2008,63,0.014156619385626764,7.067745187416942e-5,0.06993424344955,2.4389588571411451e-4,0.7129711822100991,35.835878435616465,36.990936616283676,1,0.1,1.5
2008,62,0.014293555797178744,5.7873165588023904e-5,0.06997654735411402,1.9214562793501552e-4,0.7126181799370684,36.545751678011605,37.70355479622074,1,0.1,1.5
2008,61,0.014381997663121843,4.507357795097431e-5,0.07001018305440232,1.4045305288453358e-4,0.712147036949679,37.255892242777215,38.415701833170424,1,0.1,1.5
2008,60,0.014422593205688047,3.228722738056537e-5,0.0700351228839515,8.885237377545107e-5,0.7115584828758096,37.96618140602766,39.12726031604623,1,0.1,1.5
2008,59,0.014416253186073598,1.952257966374507e-5,0.07005130011613195,3.737747292595177e-5,0.7108530263142814,38.676500468442995,39.838113342360515,1,0.1,1.5
2008,58,0.014364130186678955,6.7880481555285625e-6,0.07005861420961958,1.3318910504376766e-6,0.7102491363838765,39.38673057781187,40.548362478744394,1,0.1,1.5
2008,57,0.014267588057521598,4.607551301229711e-8,0.07006311456843073,0,0.71014333181111855,40.096873909622985,41.25850581055551,1,0.1,1.5
2008,56,0.014128158199904888,2.1096458168400895e-10,0.07007342288671975,0,0.7101530031101132,40.8070269127331,41.96865881366563,1,0.1,1.5
2008,55,0.013951118016842803,7.066196992636071e-13,0.07009460578524107,0,0.7102468032040387,41.51727371593714,42.67890561686966,1,0.1,1.5
2008,54,0.013713438286392123,6.111342207657066e-16,0.0705192312188628,0,0.7143346043795622,42.2316083203167,43.39324022124922,1,0.1,1.5
2008,53,0.011543807283382081,1.4034102725992125e-18,0.07041191567742387,0,0.7118150282964933,42.943423348613194,44.105055249545714,1,0.1,1.5
2008,52,0.23087614566764164,2.132984246945298e-21,1.256630717453639,0,12.720224604981485,55.663647953594676,56.825279854527196,20,0.1,1.5
2008,51,0.23087614566764164,4.989453433369221e-78,1.0642464161746654,0,10.796381592191748,66.46002954578643,67.62166144671895,20,0.1,1.5
2008,50,0.23087614566764164,5.409732407192088e-108,1.179841856721127,0,11.952335997656364,78.41236554344279,79.57399744437531,20,0.1,1.5
2008,49,0.23087614566764164,7.75843450946576e-142,1.300617296466914,0,13.160090395114235,91.57245593855703,92.73408783948955,20,0.1,1.5
2008,48,0.23087614566764164,4.0336267244207726e-164,1.3867766059915658,0,14.021683490360752,105.59413942891777,106.7557713298503,20,0.1,1.5
2008,47,0.23087614566764164,3.567547584765183e-166,1.3906561170375888,0,14.060478600820982,119.65461802973874,120.81624993067129,20,0.1,1.5
2008,46,0.23087614566764164,3.567547584765228e-206,1.3878774454654617,0,14.03269188509971,133.68730991483844,134.848941815771,20,0.1,1.5
2008,45,0.23087614566764164,3.5675475847652737e-246,1.3851043259601687,0,14.004960690046781,147.6922706048852,148.85390250581779,20,0.1,1.5
2008,44,0.23087614566764164,3.567547584765319e-286,1.3823367474281196,0,13.97728490472629,161.66955550961148,162.8311874105441,20,0.1,1.5
2008,43,0.23087614566764164,0,1.3795746987978892,0,13.949664418423986,175.61921992803548,176.78085182896808,20,0.1,1.5
2008,42,0.23087614566764164,0,1.3768181690201744,0,13.922099120646838,189.5413190486823,190.70295094961492,20,0.1,1.5
2008,41,0.23087614566764164,0,1.37406714706775,0,13.894588901122592,203.43590794980489,204.59753985073752,20,0.1,1.5
2008,40,0.23087614566764164,0,1.3713216219354238,0,13.867133649799332,217.3030415996042,218.46467350053686,20,0.1,1.5
2008,39,0.23087614566764164,0,1.3685815826399925,0,13.839733256845019,231.14277485644922,232.30440675738188,20,0.1,1.5
2008,38,0.23087614566764164,0,1.3658470182201992,0,13.812387612647086,244.9551624690963,246.11679437002897,20,0.1,1.5
2008,37,0.23087614566764164,0,1.3631179177366899,0,13.785096607811992,258.74025907690833,259.90189097784094,20,0.1,1.5
2008,36,0.23087614566764164,0,1.3603942702719662,0,13.757860133164757,272.4981192100731,273.6597511110057,20,0.1,1.5
2008,35,0.23087614566764164,0,1.3576760649303456,0,13.73067807974855,286.2287972898217,287.3904291907542,20,0.1,1.5
2008,34,0.23087614566764164,0,1.3549632908379163,0,13.703550338824257,299.932347628646,301.09397952957846,20,0.1,1.5
2008,33,0.23087614566764164,0,1.3522559371424907,0,13.67647680187,313.60882443051605,314.7704563314485,20,0.1,1.5
2008,32,0.23087614566764164,0,1.3495539930135694,0,13.649457360580788,327.25828179109686,328.4199136920293,20,0.1,1.5
2008,31,0.23087614566764164,0,1.3468574476422908,0,13.622491906868001,340.8807736979649,342.0424055988973,20,0.1,1.5
2008,30,0.23087614566764164,0,1.3441662902413911,0,13.595580332859004,354.4763540308239,355.6379859317563,20,0.1,1.5
2008,29,0.23087614566764164,0,1.3414805100451623,0,13.568722530896718,368.0450765617207,369.206708462653,20,0.1,1.5
2008,28,0.23087614566764164,0,1.3388000963094036,0,13.54191839353913,381.58699495525985,382.7486268561921,20,0.1,1.5
2008,27,0.23087614566764164,0,1.3361250383113843,0,13.515167813558937,395.1021627688188,396.26379466975106,20,0.1,1.5
2008,26,0.23087614566764164,0,1.333455325349799,0,13.488470683943083,408.5906334527619,409.75226535369416,20,0.1,1.5
2008,25,0.23087614566764164,0,1.330790946744724,0,13.461826897892335,422.05246035065426,423.21409225158646,20,0.1,1.5
2008,24,0.23087614566764164,0,1.3281318918375757,0,13.435236348820851,435.4876966994751,436.64932860040733,20,0.1,1.5
2008,23,0.23087614566764164,0,1.3254781499910682,0,13.408698930355776,448.8963956298309,450.0580275307631,20,0.1,1.5
2008,22,0.23087614566764164,0,1.3228297105891682,0,13.382214536336775,462.2786101661677,463.4402420670999,20,0.1,1.5
2008,21,0.23087614566764164,0,1.320186563037055,0,13.355783060815645,475.6343932269834,476.7960251279156,20,0.1,1.5
2008,20,0.23087614566764164,0,1.3175486967610786,0,13.32940439805588,488.96379762503926,490.12542952597147,20,0.1,1.5
2008,19,0.23087614566764164,0,1.3149161012087125,0,13.303078442532218,502.2668760675715,503.4285079685037,20,0.1,1.5
2008,18,0.23087614566764164,0,1.3122887658485205,0,13.276805088930299,515.5436811565017,516.705313057434,20,0.1,1.5
2008,17,0.23087614566764164,0,1.3096666801701047,0,13.25058423214614,528.7942653886479,529.9558972895801,20,0.1,1.5
2008,16,0.23087614566764164,0,1.3070498336840712,0,13.224415767285807,542.0186811559337,543.1803130568659,20,0.1,1.5
2008,15,0.23087614566764164,0,1.304438215921984,0,13.198299589664934,555.2169807455986,556.3786126465308,20,0.1,1.5
2008,14,0.23087614566764164,0,1.3018318164363234,0,13.172235594808328,568.3892163404068,569.550848241339,20,0.1,1.5
2008,13,0.23087614566764164,0,1.2992306248004453,0,13.146223678449546,581.5354400188563,582.6970719197886,20,0.1,1.5
2008,12,0.23087614566764164,0,1.2966346306085377,0,13.12026373653047,594.6557037553868,595.8173356563191,20,0.1,1.5
2008,11,0.23087614566764164,0,1.2940438234755836,0,13.09435566520093,607.7500594205876,608.91169132152,20,0.1,1.5
2008,10,0.23087614566764164,0,1.291458193037314,0,13.068499360818233,620.8185587814058,621.9801906823383,20,0.1,1.5
2008,9,0.23087614566764164,0,1.288877728950169,0,13.042694719946784,633.8612535013526,635.022885402285,20,0.1,1.5
2008,8,0.23087614566764164,0,1.2863024208912572,0,13.016941639357666,646.8781951407102,648.0398270416428,20,0.1,1.5
2008,7,0.23087614566764164,0,1.2837322585583129,0,12.991240016028222,659.8694351567384,661.031067057671,20,0.1,1.5
2008,6,0.23087614566764164,0,1.2811672316696545,0,12.965589747141639,672.83502490388,673.9966568048126,20,0.1,1.5
2008,5,0.23087614566764164,0,1.278607329964145,0,12.939990730086544,685.7750156339665,686.9366475348991,20,0.1,1.5
2008,4,0.23087614566764164,0,1.276052543201151,0,12.914442862456603,698.6894584964231,699.8510903973556,20,0.1,1.5
2008,3,0.23087614566764164,0,1.2735028611604988,0,12.888946042050081,711.5784045384731,712.7400364394057,20,0.1,1.5
2008,2,0.011543807283382081,0,5.411289403657509e-4,0,0.013107160925912228,711.5915116993991,712.7531436003316,1,0.1,1.5
2008,1,150,0,1.2857235653475796,0,112.8572356534758,824.4487473528749,825.6103792538073,99999,0.1,1.5
2009,134,1.6336468272451734e-4,0.03587392635232778,0.03587392635232778,0,0.7175874368350386,0,0,1,0.1,1.5
2009,133,1.5746869924060058e-4,3.5174957699058226e-4,0.0351714402032883,0.0015575691769256163,0.37758786517741044,0.35533687693561594,0.37758786517741044,1,0.1,1.5
2009,132,1.518416855770233e-4,3.7747883933689517e-4,0.034847732108134445,0.0015290043569822801,0.37419625665055917,0.707690214200714,0.7517841218279696,1,0.1,1.5
2009,131,1.4651592188159846e-4,3.7067240924640034e-4,0.03451160265920873,0.0014989373908591592,0.37033381926379366,1.0566106421665198,1.1221179410917632,1,0.1,1.5
2009,130,1.4149865906933965e-4,3.633290957727883e-4,0.034161630312839586,0.0014687343095922231,0.3663258452339636,1.4019545686920232,1.488443786325727,1,0.1,1.5
2009,129,1.3675023599015403e-4,3.559297022318809e-4,0.033795917198550636,0.0014383538878096436,0.3621575485148135,1.7435642045238418,1.8506013348405403,1,0.1,1.5
2009,128,1.322315569196459e-4,3.4845282881020636e-4,0.033411266670374466,0.001407682452203629,0.3577950986803212,2.081249553886968,2.2083964335208615,1,0.1,1.5
2009,127,1.279018102901947e-4,3.4086099333676393e-4,0.03300344225921683,0.001376568768898674,0.35319356852618666,2.4147778542860308,2.561590002047048,1,0.1,1.5
2009,126,1.23720720195679e-4,3.3309003515832826e-4,0.032565411403598095,0.0013447544526726857,0.34827827276301876,2.7438453491537254,2.909868274810067,1,0.1,1.5
2009,125,1.1963921492872403e-4,3.2508218839860973e-4,0.03209046848880287,0.001312007320279213,0.3429782279669084,3.0680806154023594,3.2528465027769755,1,0.1,1.5
2009,124,1.1561821479923121e-4,3.166904666289549e-4,0.03156269382114828,0.0012777356126324783,0.3371242875823881,3.386951537089998,3.589970790359364,1,0.1,1.5
2009,123,1.11579602478561e-4,3.0790438077849794e-4,0.03097927735640251,0.001241898915647952,0.3306876168541475,3.699897740863461,3.9206584072135113,1,0.1,1.5
2009,122,1.0752209555897999e-4,2.983616818450036e-4,0.030301468345576312,0.0012030386805359937,0.3232562485360524,4.005967722534713,4.243914655749563,1,0.1,1.5
2009,121,1.0328346784523969e-4,2.8904213035153706e-4,0.02962707832624832,0.0011651071938215158,0.3158744486943933,4.305197782745942,4.559789104443957,1,0.1,1.5
2009,120,9.932212979683068e-5,2.8136600400033957e-4,0.029104299490127345,0.001133825611877829,0.3101203784355866,4.5991206524404165,4.869909482879543,1,0.1,1.5
2009,119,9.62260267864903e-5,2.75291116345953e-4,0.028734602245616248,0.0011090159868107864,0.3060061698300147,4.889283736744563,5.175915652709558,1,0.1,1.5
2009,118,9.390931573591983e-5,2.7075321233732707e-4,0.028516997734710853,0.001090411914577124,0.3035174287463599,5.177223852425535,5.479433081455918,1,0.1,1.5
2009,117,9.22954497642281e-5,2.6764490617408286e-4,0.028445680974596578,0.001077573810953861,0.3025887006926046,5.464418641533085,5.782021782148522,1,0.1,1.5
2009,116,9.130967607481812e-5,2.6582674178563095e-4,0.0285110341706839,0.0010699336419955669,0.30311424855630087,5.752248123775163,6.085136030704823,1,0.1,1.5
2009,115,9.087992059173088e-5,2.6509159837545526e-4,0.02869561201094869,0.001066651882590681,0.3049055067439789,6.0419157464821325,6.390041537448802,1,0.1,1.5
2009,114,9.091815117761276e-5,2.652297809570461e-4,0.02898090018228296,0.001066879754954465,0.3077630510896775,6.334437658215317,6.69780458853848,1,0.1,1.5
2009,113,9.13426677909883e-5,2.658743787000371e-4,0.029330134135443667,0.0010691374947256267,0.31129437303509233,6.630458638468615,7.009098961573573,1,0.1,1.5
2009,112,9.200910956291632e-5,2.668369931379215e-4,0.02972481581881765,0.001072664987083133,0.31530165305569,6.930436505994546,7.324400614629263,1,0.1,1.5
2009,111,9.284534809936176e-5,2.6745883334304045e-4,0.030092371894277072,0.0010748132002439542,0.3190146784641334,7.23409671016948,7.643415293093396,1,0.1,1.5
2009,110,9.357403999398109e-5,2.687217062208643e-4,0.03054402038615315,0.0010795270618705114,0.3236116187866482,7.542286513786549,7.967026911880044,1,0.1,1.5
2009,109,9.461904786567915e-5,2.7242826470689666e-4,0.03129160265525136,0.0010940405830827079,0.33133253975172217,7.857989902351376,8.298359451631766,1,0.1,1.5
2009,108,9.680993256055058e-5,2.7866178413041737e-4,0.032358007759303774,0.0011186732927501745,0.3424122824286705,8.184421137740758,8.640771734060436,1,0.1,1.5
2009,107,1.002973031437515e-4,2.8746941418602185e-4,0.033764124969792954,0.0011535976826671135,0.3570627756037968,8.52500394644931,8.997834509664234,1,0.1,1.5
2009,106,1.052787964286831e-4,2.9881913244723176e-4,0.035523991574459596,0.0011986663004050634,0.375422097224855,8.883302239382665,9.373256606889088,1,0.1,1.5
2009,105,1.1200539294907983e-4,3.1256040317684556e-4,0.03764004528322491,0.0012532541681990587,0.39750435810025586,9.26290296650865,9.770760964989345,1,0.1,1.5
2009,104,1.2078554187489775e-4,3.2838117418373746e-4,0.04009740412623659,0.0013160871289344099,0.4231396213978495,9.667241343207436,10.193900586387194,1,0.1,1.5
2009,103,1.3198617346202014e-4,3.4575979358339616e-4,0.04285669216775416,0.0013850507408525487,0.45189894955071996,10.09935385360312,10.645799535937915,1,0.1,1.5
2009,102,1.4602202388434211e-4,3.639416858449337e-4,0.04584874855906852,0.0014570995821162342,0.48303995878100364,10.561578104068177,11.128839494718918,1,0.1,1.5
2009,101,1.6334010276924227e-4,3.8191041006730835e-4,0.04896723729806736,0.0015281454104128303,0.5154310192033761,11.05517847455137,11.644270513922294,1,0.1,1.5
2009,100,1.8435643015790414e-4,3.9850210500330744e-4,0.05207825458772857,0.001593520276290511,0.5476550465896695,11.580068945765461,12.191925560511963,1,0.1,1.5
2009,99,2.0946298636496464e-4,4.1232534766075653e-4,0.05500408916175694,0.0016476615771045594,0.5778418096151521,12.134372732850547,12.769767370127116,1,0.1,1.5
2009,98,2.386986777674896e-4,4.2281640002198804e-4,0.05766045024436206,0.001688331780607264,0.6051108243329321,12.715364531746232,13.374878194460049,1,0.1,1.5
2009,97,2.735450781808852e-4,4.2880008795215637e-4,0.05986399404735534,0.0017108670299747413,0.6275512623095966,13.31847483648476,14.002429456769645,1,0.1,1.5
2009,96,3.15752856364506e-4,4.2835588385687034e-4,0.061296846854919027,0.0017076580923574458,0.6418576448971082,13.935937365776763,14.644287101666754,1,0.1,1.5
2009,95,3.6499349100483974e-4,4.2179347605551245e-4,0.06192723298731811,0.0016800160647909403,0.6477338231247528,14.559670959404501,15.292020924791506,1,0.1,1.5
2009,94,4.1905823642545445e-4,4.143618597999121e-4,0.062471279234896954,0.0016489016294355455,0.6526915206679506,15.188806742509087,15.944712445459457,1,0.1,1.5
2009,93,4.8244847594487646e-4,4.065389365391269e-4,0.06299432915476907,0.0016162237539628554,0.6574192240012764,15.823137055739465,16.602131669460732,1,0.1,1.5
2009,92,6.029918506527495e-4,3.983543605842541e-4,0.06349576850330116,0.0015821033391607432,0.6619446994796809,16.46248027894542,17.26407636894041,1,0.1,1.5
2009,91,7.907735232346679e-4,3.8982615279686676e-4,0.06397591353052622,0.0015466147546483813,0.6662790756770307,17.106664858127473,17.930355444617444,1,0.1,1.5
2009,90,0.0010414617850304983,3.8096665134888504e-4,0.06443518872714178,0.001509809676171447,0.6704245713011858,17.755520719769066,18.60078001591863,1,0.1,1.5
2009,89,0.0013484144448885575,3.7178945797815223e-4,0.064874390864726,0.0014717447086686603,0.6743856705998528,18.408881465959368,19.275165686518484,1,0.1,1.5
2009,88,0.0017028060738419133,3.623090530733931e-4,0.06529465644761204,0.001432479826112207,0.6781688565719709,19.06658632501545,19.953334543090456,1,0.1,1.5
2009,87,0.0020938867977229147,3.525210216468846e-4,0.06569373050556389,0.0013920003073864637,0.6817441584808724,19.728444764819375,20.635078701571327,1,0.1,1.5
2009,86,0.0025291127635232425,3.424262539133523e-4,0.06606862334709858,0.001350312713197377,0.6850867528029069,20.39424133600518,21.320165454374234,1,0.1,1.5
2009,85,0.003022913070043806,3.3204737786640974e-4,0.06641982537358992,0.0013075094361833476,0.6882127091257833,21.06377533889977,22.008378163500016,1,0.1,1.5
2009,84,0.003572266014939471,3.2139968019787024e-4,0.06674769097883687,0.0012636537223565075,0.691124613300638,21.736847756166746,22.699502776800653,1,0.1,1.5
2009,83,0.004172172715696933,3.104993819005834e-4,0.06705292188804807,0.0012188123776486954,0.6938272665715991,22.413263417343362,23.393330043372252,1,0.1,1.5
2009,82,0.004815657340267675,2.993634020112756e-4,0.06733657173114421,0.0011730547991992868,0.6963277152612469,23.092833206901762,24.0896577586335,1,0.1,1.5
2009,81,0.0054937872513675535,2.880090359904146e-4,0.06760003030250669,0.0011264516744387274,0.6986350849969121,23.775376125120978,24.788292843630412,1,0.1,1.5
2009,80,0.0061734616341954885,2.7644494955628173e-4,0.06784428995556219,0.0010790398220679638,0.7007378447416192,24.460699115261626,25.489030688372033,1,0.1,1.5
2009,79,0.006844604556394974,2.64690784514215e-4,0.06807140540219543,0.0010308988949335016,0.7026511586418384,25.148623146832985,26.19168184701387,1,0.1,1.5
2009,78,0.00751361466098227,2.527718894982743e-4,0.06828427843020718,9.821303505666806e-4,0.7044100132172334,25.839002726470692,26.896091860231106,1,0.1,1.5
2009,77,0.008166211697511217,2.407044500112332e-4,0.06848540214455832,9.327994659223287e-4,0.7060309137334029,26.531707933548063,27.60212277396451,1,0.1,1.5
2009,76,0.008787170376952902,2.285033748239048e-4,0.0686773809666676,8.829662152859655e-4,0.707530760075064,27.226624890547615,28.309653534039573,1,0.1,1.5
2009,75,0.009360877582253783,2.1616377445567964e-4,0.06885677516233536,8.326140515785238e-4,0.708864460873868,27.92359486497036,29.01851799491344,1,0.1,1.5
2009,74,0.00990134123530219,2.0368910082903526e-4,0.06901962907069019,7.817593108116493e-4,0.7100020660265125,28.622428940842422,29.728520060939953,1,0.1,1.5
2009,73,0.010430239219584653,1.9110178881465482e-4,0.0691675886883082,7.304913539098569e-4,0.7109759883544258,29.32296933842671,30.43949604929438,1,0.1,1.5
2009,72,0.01094333046363602,1.784148078334428e-4,0.06930135786206122,6.788627514372186e-4,0.7117913196476167,30.025062618768082,31.151287368941997,1,0.1,1.5
2009,71,0.011436329974013604,1.6564076988754425e-4,0.06942166772444933,6.26924529605982e-4,0.7124533696347013,30.728559923694128,31.8637407385767,1,0.1,1.5
2009,70,0.01190494062748788,1.5279188623224603e-4,0.06952926959255816,5.74726001469275e-4,0.7129676133224568,31.433317165567022,32.57670835189916,1,0.1,1.5
2009,69,0.012344886190564777,1.3987993032602876e-4,0.06962492719945744,5.223146242480849e-4,0.7133396329141362,32.1391951609919,33.29004798481329,1,0.1,1.5
2009,68,0.012751945479591274,1.269162085162768e-4,0.06970940861932952,4.697358883837444e-4,0.7135750579560486,32.84605970625676,34.00362304276934,1,0.1,1.5
2009,67,0.013121987590356252,1.1391153881183726e-4,0.0697834779286025,4.1703323962163355e-4,0.713679504109928,33.55378159265781,34.71730254687927,1,0.1,1.5
2009,66,0.01345100817199879,1.0087623903360675e-4,0.0698478874094478,3.642480387527486e-4,0.7136585186769002,34.262236567923956,35.43096106555617,1,0.1,1.5
2009,65,0.013735163050711197,8.78201169255366e-5,0.06990336494598567,3.114195323776687e-4,0.713517476458791,34.97130519392021,36.14447854201496,1,0.1,1.5
2009,64,0.01397082421089456,7.47520760382525e-5,0.06995018593769013,2.5858352486408465e-4,0.7132573132997482,35.68086845686476,36.85773585531471,1,0.1,1.5
2009,63,0.014156619385626764,6.168074594727032e-5,0.06998822399663357,2.0577481278439246e-4,0.712876433865527,36.39080525054765,37.57061228918023,1,0.1,1.5
2009,62,0.014293555797178744,4.861513863963412e-5,0.07001758610636236,1.53029443299577e-4,0.7123771845524186,37.10099630019579,38.28298947373265,1,0.1,1.5
2009,61,0.014381997663121843,3.556399900064314e-5,0.07003829529931802,1.003824092192687e-4,0.711760625842686,37.81132289162105,38.994750099575334,1,0.1,1.5
2009,60,0.014422593205688047,2.253596571766842e-5,0.07005033246510696,4.786823690509142e-5,0.7110275784011586,38.52166663806642,39.70577767797649,1,0.1,1.5
2009,59,0.014416253186073598,9.539594028125393e-6,0.07005363935435181,4.48482212235448e-6,0.710306693828644,39.2319092630076,40.416084371805134,1,0.1,1.5
2009,58,0.014364130186678955,4.008532441647048e-7,0.07005194132096122,0,0.7100995085331732,39.94200877154078,41.12618388033831,1,0.1,1.5
2009,57,0.014267588057521598,4.6075513012297135e-10,0.07005610825697389,0,0.7100728125489713,40.65208158408975,41.83625669288728,1,0.1,1.5
2009,56,0.014128158199904888,2.1096458168400907e-12,0.07006641554443108,0,0.7100829275986771,41.36216451168843,42.54633962048596,1,0.1,1.5
2009,55,0.013951118016842803,7.066196992636075e-15,0.07008759632466255,0,0.7101767085912579,42.07234122027968,43.256516329077215,1,0.1,1.5
2009,54,0.013713438286392123,6.1113422076570695e-18,0.07051217929574091,0,0.7142640851483372,42.78660530542802,43.97078041422555,1,0.1,1.5
2009,53,0.011543807283382081,1.4034102725992134e-20,0.07040487448585613,0,0.7117446163808159,43.49834992180883,44.682525030606364,1,0.1,1.5
2009,52,0.23087614566764164,2.132984246945299e-23,1.2565050543818936,0,12.71896797426403,56.217317896072856,57.401493004870396,20,0.1,1.5
2009,51,0.23087614566764164,4.9894534333692236e-80,1.064139991533048,0,10.795317345775574,67.01263524184843,68.19681035064598,20,0.1,1.5
2009,50,0.23087614566764164,5.409732407192091e-110,1.179723872535455,0,11.951156155799644,78.96379139764807,80.14796650644561,20,0.1,1.5
2009,49,0.23087614566764164,7.758434509465764e-144,1.3004872347372674,0,13.158789777817768,92.12258117546583,93.30675628426339,20,0.1,1.5
2009,48,0.23087614566764164,4.033626724420775e-166,1.3866379283309667,0,14.02029671375476,106.14287788922059,107.32705299801815,20,0.1,1.5
2009,47,0.23087614566764164,3.5675475847651847e-168,1.390517051425885,0,14.059087944703945,120.20196583392453,121.3861409427221,20,0.1,1.5
2009,46,0.23087614566764164,3.56754758476523e-208,1.3877386577209152,0,14.031304007654246,134.2332698415788,135.41744495037634,20,0.1,1.5
2009,45,0.23087614566764164,3.5675475847652758e-248,1.3849658155275728,0,14.003575585720823,148.2368454272996,149.42102053609716,20,0.1,1.5
2009,44,0.23087614566764164,3.567547584765321e-288,1.3821985137533768,0,13.975902567978862,162.21274799527848,163.39692310407602,20,0.1,1.5
2009,43,0.23087614566764164,0,1.3794367413280093,0,13.948284843725187,176.16103283900367,177.3452079478012,20,0.1,1.5
2009,42,0.23087614566764164,0,1.3766804872032723,0,13.920722302477817,190.08175514148147,191.26593025027904,20,0.1,1.5
2009,41,0.23087614566764164,0,1.373929740353043,0,13.893214833975524,203.974969975457,205.15914508425456,20,0.1,1.5
2009,40,0.23087614566764164,0,1.3711844897732304,0,13.865762328177398,217.84073230363438,219.02490741243196,20,0.1,1.5
2009,39,0.23087614566764164,0,1.3684447244817286,0,13.83836467526238,231.67909697889675,232.86327208769433,20,0.1,1.5
2009,38,0.23087614566764164,0,1.3657104335183772,0,13.811021765628865,245.4901187445256,246.6742938533232,20,0.1,1.5
2009,37,0.23087614566764164,0,1.3629816059449162,0,13.783733489894257,259.2738522344199,260.45802734321745,20,0.1,1.5
2009,36,0.23087614566764164,0,1.3602582308449391,0,13.756499738894485,273.0303519733144,274.21452708211194,20,0.1,1.5
2009,35,0.23087614566764164,0,1.3575402973238526,0,13.72932040368362,286.759672376998,287.9438474857956,20,0.1,1.5
2009,34,0.23087614566764164,0,1.3548277945088325,0,13.70219537553342,300.4618677525315,301.64604286132897,20,0.1,1.5
2009,33,0.23087614566764164,0,1.3521207115487766,0,13.67512454593286,314.13699229846435,315.32116740726184,20,0.1,1.5
2009,32,0.23087614566764164,0,1.349419037614268,0,13.648107806587774,327.78510010505215,328.96927521384964,20,0.1,1.5
2009,31,0.23087614566764164,0,1.3467227618975266,0,13.62114504942036,341.4062451544725,342.59042026327,20,0.1,1.5
2009,30,0.23087614566764164,0,1.344031873612367,0,13.594236166568765,355.0004813210413,356.18465642983875,20,0.1,1.5
2009,29,0.23087614566764164,0,1.341346361994158,0,13.567381050386674,368.567862371428,369.75203748022545,20,0.1,1.5
2009,28,0.23087614566764164,0,1.3386662162997727,0,13.540579593442821,382.10844196487085,383.2926170736683,20,0.1,1.5
2009,27,0.23087614566764164,0,1.3359914258075531,0,13.513831688520625,395.6222736533915,396.8064487621889,20,0.1,1.5
2009,26,0.23087614566764164,0,1.333321979817264,0,13.487137228617733,409.1094108820093,410.2935859908066,20,0.1,1.5
2009,25,0.23087614566764164,0,1.3306578676500496,0,13.46049610694559,422.5699069889549,423.7540820977522,20,0.1,1.5
2009,24,0.23087614566764164,0,1.327999078648392,0,13.433908216929014,436.00381520588394,437.1879903146812,20,0.1,1.5
2009,23,0.23087614566764164,0,1.325345602176069,0,13.407373452205784,449.41118865808977,450.595363766887,20,0.1,1.5
2009,22,0.23087614566764164,0,1.3226974276181094,0,13.380891706626187,462.79208036471596,463.97625547351316,20,0.1,1.5
2009,21,0.23087614566764164,0,1.3200545443807514,0,13.354462874252608,476.1465432389686,477.33071834776575,20,0.1,1.5
2009,20,0.23087614566764164,0,1.3174169418914023,0,13.328086849359117,489.47463008832773,490.6588051971249,20,0.1,1.5
2009,19,0.23087614566764164,0,1.3147846095985916,0,13.30176352643101,502.7763936147588,503.96056872355587,20,0.1,1.5
2009,18,0.23087614566764164,0,1.3121575369719356,0,13.27549280016445,516.0518864149232,517.2360615237203,20,0.1,1.5
2009,17,0.23087614566764164,0,1.3095357135020878,0,13.24927456546597,529.3011609803891,530.4853360891863,20,0.1,1.5
2009,16,0.23087614566764164,0,1.306919128700703,0,13.223108717452122,542.5242696978412,543.7084448066383,20,0.1,1.5
2009,15,0.23087614566764164,0,1.304307772100392,0,13.196995151449013,555.7212648492902,556.9054399580873,20,0.1,1.5
2009,14,0.23087614566764164,0,1.3017016332546798,0,13.170933762991892,568.892198612282,570.0763737210792,20,0.1,1.5
2009,13,0.23087614566764164,0,1.2991007017379652,0,13.144924447824746,582.0371230601066,583.221298168904,20,0.1,1.5
2009,12,0.23087614566764164,0,1.296504967145477,0,13.118967101899862,595.1560901620064,596.3402652708039,20,0.1,1.5
2009,11,0.23087614566764164,0,1.293914419093236,0,13.093061621377453,608.2491517833838,609.4333268921814,20,0.1,1.5
2009,10,0.23087614566764164,0,1.2913290472180101,0,13.067207902625196,621.3163596860089,622.5005347948066,20,0.1,1.5
2009,9,0.23087614566764164,0,1.2887488411772738,0,13.041405842217833,634.3577655282268,635.5419406370245,20,0.1,1.5
2009,8,0.23087614566764164,0,1.2861737906491681,0,13.015655336936776,647.3734208651636,648.5575959739613,20,0.1,1.5
2009,7,0.23087614566764164,0,1.283603885332457,0,12.989956283769663,660.3633771489332,661.5475522577309,20,0.1,1.5
2009,6,0.23087614566764164,0,1.2810391149464875,0,12.964308579909968,673.3276857288431,674.5118608376408,20,0.1,1.5
2009,5,0.23087614566764164,0,1.2784794692311485,0,12.938712122756579,686.2663978515997,687.4505729603974,20,0.1,1.5
2009,4,0.23087614566764164,0,1.2759249379468307,0,12.9131668099134,699.179564661513,700.3637397703108,20,0.1,1.5
2009,3,0.23087614566764164,0,1.2733755108743827,0,12.887672539188921,712.0672372007019,713.2514123094996,20,0.1,1.5
2009,2,0.011543807283382081,0,5.410748274717143e-4,0,0.013106619796971863,712.0803438204989,713.2645189292966,1,0.1,1.5
2009,1,150,0,1.2855949929910448,0,112.85594992991045,824.9362937504094,826.1204688592071,99999,0.1,1.5
2010,135,1.6953535709258283e-4,0.03657011365404178,0.03657011365404178,0,0.7315152966522307,0,0,1,0.1,1.5
2010,134,1.6336468272451734e-4,3.5873926352327797e-4,0.03587033895969255,0.00162029251804284,0.38554672799268175,0.3623996920206412,0.38554672799268175,1,0.1,1.5
2010,133,1.5746869924060058e-4,3.929097900013099e-4,0.035557315353499375,0.0015913196527898303,0.3823403684648315,0.7220069225884751,0.7678870964575133,1,0.1,1.5
2010,132,1.518416855770233e-4,3.8602587763893897e-4,0.0352264984241692,0.0015601958978619524,0.3785149836350654,1.0782333933969412,1.1464020800925787,1,0.1,1.5
2010,131,1.4651592188159846e-4,3.784410718072538e-4,0.0348828858466576,0.0015289778063977196,0.37455348655729886,1.4309443398628443,1.5209555666498775,1,0.1,1.5
2010,130,1.4149865906933965e-4,3.7081686835578365e-4,0.03452539772720636,0.0014976652264485938,0.37045169591569516,1.7800008182578453,1.8914072625655727,1,0.1,1.5
2010,129,1.3675023599015403e-4,3.6314776897472973e-4,0.03415212607878319,0.0014661949481304887,0.3661895474177225,2.125244723559418,2.257596809983295,1,0.1,1.5
2010,128,1.322315569196459e-4,3.5540514133900933e-4,0.03375984615675834,0.0014344511322981483,0.3617328263850839,2.466485390911671,2.619329636368379,1,0.1,1.5
2010,127,1.279018102901947e-4,3.4755080215803614e-4,0.03334428410721557,0.0014022801604877534,0.3570361906885165,2.803489007878934,2.9763658270568953,1,0.1,1.5
2010,126,1.23720720195679e-4,3.395195135197547e-4,0.0328983434756259,0.001369419562579972,0.35202424697987234,3.1359501182505207,3.3283900740367676,1,0.1,1.5
2010,125,1.1963921492872403e-4,3.312526519537894e-4,0.03241526127202379,0.0013356339523808596,0.3466253837504072,3.463495016966916,3.6750154577871745,1,0.1,1.5
2010,124,1.1561821479923121e-4,3.226008078244091e-4,0.031878971454924285,0.0013003224279653607,0.34066883612257254,3.7855878184042693,4.0156842939097475,1,0.1,1.5
2010,123,1.11579602478561e-4,3.13553772719773e-4,0.031286654157578864,0.0012634458331081118,0.33412569189189745,4.101664284108908,4.349809985801645,1,0.1,1.5
2010,122,1.0752209555897999e-4,3.0374328695244844e-4,0.030599197868875754,0.0012235229522575186,0.3265799922732859,4.41076537706423,4.676389978074931,1,0.1,1.5
2010,121,1.0328346784523969e-4,2.941672197588943e-4,0.029915392416871075,0.001184575171155753,0.31908695445661206,4.71292982907576,4.995476932531543,1,0.1,1.5
2010,120,9.932212979683068e-5,2.8627006300946064e-4,0.02938484546314779,0.0011524151555945765,0.31324044366612147,5.00970719909053,5.308717376197664,1,0.1,1.5
2010,119,9.62260267864903e-5,2.8000690786615613e-4,0.029008982782094385,0.0011268536936090922,0.309051957492831,5.30266124667466,5.617769333690495,1,0.1,1.5
2010,118,9.390931573591983e-5,2.7531051076765426e-4,0.028786749013581664,0.0011076121723121544,0.30650623248701453,5.593344448128644,5.924275566177509,1,0.1,1.5
2010,117,9.22954497642281e-5,2.7206990180020607e-4,0.028712229859237583,0.0010942366212463004,0.3055364796423107,5.883248976038864,6.22981204581982,1,0.1,1.5
2010,116,9.130967607481812e-5,2.70141677916748e-4,0.02877566647776572,0.0010861433424474497,0.3060352881377429,6.173767930713072,6.5358473339575625,1,0.1,1.5
2010,115,9.087992059173088e-5,2.693138866314248e-4,0.028959405420395264,0.0010824739350602205,0.3078116930419978,6.466115710397066,6.8436590269995605,1,0.1,1.5
2010,114,9.091815117761276e-5,2.6937223654818673e-4,0.02924472203100335,0.0010823617711740506,0.3106638657930726,6.761317265173366,7.154322892792633,1,0.1,1.5
2010,113,9.13426677909883e-5,2.6994311746840705e-4,0.02959448549571153,0.0010843015606271198,0.31419520353833313,7.060022446417026,7.468518096330967,1,0.1,1.5
2010,112,9.200910956291632e-5,2.7083461670216244e-4,0.029990009584006553,0.0010875197716962923,0.31820577815198087,7.362692227830489,7.786723874482948,1,0.1,1.5
2010,111,9.284534809936176e-5,2.7137788839441896e-4,0.030358065957148635,0.0010893299195741677,0.32191819134808014,7.669048563184652,8.108642065831027,1,0.1,1.5
2010,110,9.357403999398109e-5,2.725689825298365e-4,0.03081084774958216,0.0010937296218947,0.3265212588986593,7.9799451131991015,8.435163324729686,1,0.1,1.5
2010,109,9.461904786567915e-5,2.762344284177459e-4,0.03156198364075651,0.001108039986058037,0.33427440271495834,8.298390373256089,8.769437727444645,1,0.1,1.5
2010,108,9.680993256055058e-5,2.824549410288478e-4,0.03263444028171539,0.0011325690612982004,0.34541305020102836,8.627623865438572,9.114850777645673,1,0.1,1.5
2010,107,1.002973031437515e-4,2.912741148086386e-4,0.034049147977962754,0.0011674739447453818,0.36014928500712473,8.971094951235047,9.475000062652798,1,0.1,1.5
2010,106,1.052787964286831e-4,3.0265476642573816e-4,0.03582010575040342,0.0012125856268235427,0.3786204428443422,9.332392742267626,9.85362050549714,1,0.1,1.5
2010,105,1.1200539294907983e-4,3.164391460815331e-4,0.03794959482074635,0.0012672498259808799,0.4008385788728288,9.715127752197871,10.25445908436997,1,0.1,1.5
2010,104,1.2078554187489775e-4,3.323055939754398e-4,0.040422416168057564,0.0013301542323120095,0.4266299446336563,10.122755493512784,10.681089029003626,1,0.1,1.5
2010,103,1.3198617346202014e-4,3.4972028314897115e-4,0.043198669183750524,0.0013991370422129562,0.45555955748291665,10.558327378964087,11.136648586486542,1,0.1,1.5
2010,102,1.4602202388434211e-4,3.679143123875079e-4,0.046208438579741676,0.0014710982070958584,0.48687656561001263,11.0241882559013,11.623525152096555,1,0.1,1.5
2010,101,1.6334010276924227e-4,3.8585545670388066e-4,0.049344376926940756,0.0015418907373802634,0.5194382277722963,11.521599473139593,12.142963379868851,1,0.1,1.5
2010,100,1.8435643015790414e-4,4.023650901226608e-4,0.05247142683134243,0.001606793396258477,0.5518150148765439,12.050460296641017,12.694778394745395,1,0.1,1.5
2010,99,2.0946298636496464e-4,4.160386477527474e-4,0.0554105041471169,0.0016601988896117765,0.5821221969340604,12.608865366580623,13.276900591679455,1,0.1,1.5
2010,98,2.386986777674896e-4,4.263111091520359e-4,0.05807676714448944,0.0016998687392506995,0.6094737541204125,13.194055281568883,13.886374345799867,1,0.1,1.5
2010,97,2.735450781808852e-4,4.320047583732069e-4,0.06028572440544429,0.001721137425301983,0.6319473325279429,13.801414936592511,14.51832167832781,1,0.1,1.5
2010,96,3.15752856364506e-4,4.3119808192793014e-4,0.0617176316933229,0.0017164061573550298,0.646218887618966,14.423113736249263,15.164540565946776,1,0.1,1.5
2010,95,3.6499349100483974e-4,4.242219509582902e-4,0.06234104428021711,0.0016870729504114563,0.6519970334544923,15.05100972755502,15.816537599401268,1,0.1,1.5
2010,94,4.1905823642545445e-4,4.163690259568855e-4,0.06287725751433235,0.0016542428867861421,0.6568476788003113,15.684225365115529,16.47338527820158,1,0.1,1.5
2010,93,4.8244847594487646e-4,4.081213278561051e-4,0.06339208566034431,0.0016198386806464216,0.6614642547799637,16.322549067314828,17.134849532981544,1,0.1,1.5
2010,92,6.029918506527495e-4,3.9950937839602836e-4,0.06388494476124101,0.0015839846502483464,0.6658748881098772,16.965795603278302,17.80072442109142,1,0.1,1.5
2010,91,7.907735232346679e-4,3.90551950190064e-4,0.06435616962783526,0.001546758178982437,0.6700909435431112,17.613790001407377,18.470815364634532,1,0.1,1.5
2010,90,0.0010414617850304983,3.812620855563506e-4,0.06480619762731192,0.0015082137943234208,0.6741148163328471,18.266358906392746,19.14493018096738,1,0.1,1.5
2010,89,0.0013484144448885575,3.716540717469466e-4,0.0652358396028067,0.0014684108608936908,0.6779511777215623,18.923332786101543,19.822881358688942,1,0.1,1.5
2010,88,0.0017028060738419133,3.6174304705878567e-4,0.06564624693849533,0.001427411985756183,0.681606703701286,19.584547890006313,20.504488062390227,1,0.1,1.5
2010,87,0.0020938867977229147,3.515252870630848e-4,0.06603516120935994,0.0013852053541085468,0.6850514374118818,20.24981067950236,21.18953949980211,1,0.1,1.5
2010,86,0.0025291127635232425,3.410024408384778e-4,0.06639959466306321,0.0013418006751598135,0.6882606272884108,20.91890272571706,21.87780012709052,1,0.1,1.5
2010,85,0.003022913070043806,3.30197832824501e-4,0.0667400607500984,0.001297293062420517,0.6912506192438369,21.591620586926318,22.56905074633436,1,0.1,1.5
2010,84,0.003572266014939471,3.191274273911056e-4,0.06705692964032811,0.0012517484550015456,0.6940242021395548,22.267762668280138,23.263074948473914,1,0.1,1.5
2010,83,0.004172172715696933,3.078080882311797e-4,0.06735091969027143,0.0012052361948212506,0.6965863861881751,22.947131394542293,23.95966133466209,1,0.1,1.5
2010,82,0.004815657340267675,2.9625733381993444e-4,0.06762310177377091,0.0011578280253337343,0.6989444296646641,23.629535423845045,24.658605764326754,1,0.1,1.5
2010,81,0.0054937872513675535,2.84493008969586e-4,0.06787488321808612,0.0011095967648304154,0.7011076694595222,24.314791710949844,25.359713433786276,1,0.1,1.5
2010,80,0.0061734616341954885,2.725244050125538e-4,0.06810726548208362,0.0010605817435793768,0.703064707725845,25.002705250910267,26.06277814151212,1,0.1,1.5
2010,79,0.006844604556394974,2.6037163157851753e-4,0.0683223229853886,0.001010864381281556,0.7048309356065281,25.6930952667842,26.767609077118646,1,0.1,1.5
2010,78,0.00751361466098227,2.480603065366529e-4,0.06852298259000582,9.605470272467387e-4,0.7064416057953187,26.38581477219028,27.474050682913965,1,0.1,1.5
2010,77,0.008166211697511217,2.3560691098069452e-4,0.06871175347082445,9.096960276154566e-4,0.7079134024870891,27.080732517140007,28.181964085401056,1,0.1,1.5
2010,76,0.008787170376952902,2.2302658756973042e-4,0.06889125478239243,8.583721762828391e-4,0.7092633869454402,27.777733444424264,28.891227472346497,1,0.1,1.5
2010,75,0.009360877582253783,2.1031515063918774e-4,0.06905804299771376,8.065618560779571e-4,0.7104464787680503,28.47665761096263,29.60167395111455,1,0.1,1.5
2010,74,0.00990134123530219,1.974767187112027e-4,0.06920816693548604,7.542841126246774e-4,0.7114328180220502,29.17731494166147,30.3131067691366,1,0.1,1.5
2010,73,0.010430239219584653,1.845338563656108e-4,0.06934329476791684,7.01628630167689e-4,0.7122550452011336,29.879546720717354,31.02536181433773,1,0.1,1.5
2010,72,0.01094333046363602,1.7149983593763908e-4,0.06946414341413432,6.486490967365847e-4,0.712918401810809,30.5831987068605,31.738280216148542,1,0.1,1.5
2010,71,0.011436329974013604,1.5838754010037093e-4,0.06957145669007839,5.95397523516613e-4,0.7134283411918435,31.288121369144964,32.45170855734039,1,0.1,1.5
2010,70,0.01190494062748788,1.4520941922964122e-4,0.06966599816596623,5.419240795110905e-4,0.7137904755013948,31.994170072081914,33.16549903284179,1,0.1,1.5
2010,69,0.012344886190564777,1.3197745536528153e-4,0.06974854336279951,4.882769536054248e-4,0.714010517360197,32.701205204390604,33.87950955020198,1,0.1,1.5
2010,68,0.012751945479591274,1.1870313418109887e-4,0.06981987165056351,4.3450224942235714e-4,0.7140942198255882,33.40909224922444,34.59360377002757,1,0.1,1.5
2010,67,0.013121987590356252,1.0539742529352676e-4,0.06988075789071505,3.80643914180385e-4,0.7140473150895669,34.11770179411143,35.307651085117136,1,0.1,1.5
2010,66,0.01345100817199879,9.207077207852322e-5,0.06993196463039504,3.2674370566537205e-4,0.7138754600298591,34.8269094869175,36.021526545147,1,0.1,1.5
2010,65,0.013735163050711197,7.873308426367254e-5,0.0699742294925855,2.728411735910684e-4,0.7135841321869335,35.53659588805313,36.73511067733393,1,0.1,1.5
2010,64,0.01397082421089456,6.539340197640369e-5,0.07000783680031238,2.1897257735441645e-4,0.7131743645066426,36.246642072883276,37.44828504184057,1,0.1,1.5
2010,63,0.014156619385626764,5.206051065557082e-5,0.07003266887743001,1.6517325190889762e-4,0.7126446580223531,36.956927113021216,38.160929699862926,1,0.1,1.5
2010,62,0.014293555797178744,3.874351221129059e-5,0.07004884170857661,1.1147950575381583e-4,0.7119974537739099,37.667332002427216,38.87292715363684,1,0.1,1.5
2010,61,0.014381997663121843,2.5451242294823606e-5,0.0700563870720929,5.792659970911031e-5,0.7112339044389456,38.37773838401317,39.584161058075786,1,0.1,1.5
2010,60,0.014422593205688047,1.219241888344954e-5,0.07005529449108673,9.127982567486191e-6,0.7104203309877912,39.08802831524999,40.29458138906358,1,0.1,1.5
2010,59,0.014416253186073598,1.216601470869874e-6,0.07004775519594697,0,0.7101005534315608,39.79812886868155,41.00468194249514,1,0.1,1.5
2010,58,0.014364130186678955,4.00853244164705e-9,0.07004493612682913,0,0.710025488144735,40.50815435682629,41.714707430639876,1,0.1,1.5
2010,57,0.014267588057521598,4.607551301229716e-12,0.07004910264614819,0,0.7100027518792384,41.218157108705526,42.424710182519114,1,0.1,1.5
2010,56,0.014128158199904888,2.1096458168400917e-14,0.07005940890287664,0,0.7100128611622472,41.928169969867774,43.13472304368136,1,0.1,1.5
2010,55,0.013951118016842803,7.066196992636078e-17,0.07008058756503008,0,0.7101066209948632,42.63827659086264,43.844829664676226,1,0.1,1.5
2010,54,0.013713438286392123,6.111342207657073e-20,0.07050512807781134,0,0.7141935729690415,43.35247016383168,44.55902323764527,1,0.1,1.5
2010,53,0.011543807283382081,1.4034102725992142e-22,0.07039783399840754,0,0.7116742115063301,44.06414437533801,45.2706974491516,1,0.1,1.5
2010,52,0.23087614566764164,2.1329842469453004e-25,1.2563794038764555,0,12.717711469209648,56.78185584454766,57.988408918361245,20,0.1,1.5
2010,51,0.23087614566764164,4.989453433369226e-82,1.0640335775338947,0,10.794253205784042,67.5761090503317,68.78266212414529,20,0.1,1.5
2010,50,0.23087614566764164,5.409732407192094e-112,1.1796059001482015,0,11.949976431927109,79.5260854822588,80.7326385560724,20,0.1,1.5
2010,49,0.23087614566764164,7.758434509465768e-146,1.3003571860137937,0,13.157489290583031,92.68357477284182,93.89012784665543,20,0.1,1.5
2010,48,0.23087614566764164,4.033626724420777e-168,1.3864992645381335,0,14.01891007582643,106.70248484866825,107.90903792248186,20,0.1,1.5
2010,47,0.23087614566764164,3.567547584765187e-170,1.3903779997207426,0,14.05769742765252,120.76018227632076,121.96673535013437,20,0.1,1.5
2010,46,0.23087614566764164,3.567547584765232e-210,1.387599883855143,0,14.029916268996525,134.79009854531728,135.9966516191309,20,0.1,1.5
2010,45,0.23087614566764164,3.5675475847652777e-250,1.38482731894602,0,14.002190619905294,148.79228916522257,149.99884223903618,20,0.1,1.5
2010,44,0.23087614566764164,3.567547584765323e-290,1.3820602939020015,0,13.97452036946511,162.76680953468767,163.97336260850128,20,0.1,1.5
2010,43,0.23087614566764164,0,1.3792987976538764,0,13.946905406983857,176.71371494167153,177.92026801548514,20,0.1,1.5
2010,42,0.23087614566764164,0,1.376542819154552,0,13.919345621990614,190.63306056366213,191.83961363747574,20,0.1,1.5
2010,41,0.23087614566764164,0,1.3737923473790077,0,13.89184090423517,204.5249014678973,205.73145454171092,20,0.1,1.5
2010,40,0.23087614566764164,0,1.371047371324253,0,13.864391143687625,218.38929261158492,219.59584568539853,20,0.1,1.5
2010,39,0.23087614566764164,0,1.3683078800092805,0,13.836996230537899,232.2262888421228,233.43284191593642,20,0.1,1.5
2010,38,0.23087614566764164,0,1.3655738624750253,0,13.809656055195347,246.03594489731816,247.24249797113177,20,0.1,1.5
2010,37,0.23087614566764164,0,1.3628453077843217,0,13.782370508288311,259.8183154056065,261.0248684794201,20,0.1,1.5
2010,36,0.23087614566764164,0,1.3601222050218547,0,13.75513948066364,273.57345488627016,274.7800079600837,20,0.1,1.5
2010,35,0.23087614566764164,0,1.3574045432941202,0,13.727962863386296,287.3014177496565,288.50797082347003,20,0.1,1.5
2010,34,0.23087614566764164,0,1.3546923117293816,0,13.70084054773891,301.00225829739543,302.2088113712089,20,0.1,1.5
2010,33,0.23087614566764164,0,1.3519854994776217,0,13.67377242522131,314.67603072261676,315.88258379643025,20,0.1,1.5
2010,32,0.23087614566764164,0,1.3492840957105066,0,13.64675838755016,328.3227891101669,329.5293421839804,20,0.1,1.5
2010,31,0.23087614566764164,0,1.346588089621337,0,13.619798326658463,341.9425874368254,343.14914051063886,20,0.1,1.5
2010,30,0.23087614566764164,0,1.343897470425006,0,13.592892134695154,355.5354795715206,356.742032645334,20,0.1,1.5
2010,29,0.23087614566764164,0,1.3412122273579585,0,13.566039704024679,369.10151927554534,370.30807234935867,20,0.1,1.5
2010,28,0.23087614566764164,0,1.3385323496781427,0,13.53924092722652,382.6407602027719,383.84731327658517,20,0.1,1.5
2010,27,0.23087614566764164,0,1.3358578266649723,0,13.512495697094817,396.15325589986674,397.35980897368,20,0.1,1.5
2010,26,0.23087614566764164,0,1.3331886476192822,0,13.485803906637916,409.6390598065047,410.8456128803179,20,0.1,1.5
2010,25,0.23087614566764164,0,1.3305248018632845,0,13.459165449077938,423.09822525558263,424.30477832939584,20,0.1,1.5
2010,24,0.23087614566764164,0,1.327866278740527,0,13.432580217850365,436.530805473433,437.73735854724623,20,0.1,1.5
2010,23,0.23087614566764164,0,1.3252130676158513,0,13.406048106603608,449.93685358003665,451.14340665384987,20,0.1,1.5
2010,22,0.23087614566764164,0,1.3225651578753477,0,13.37956900919857,463.31642258923523,464.52297566304844,20,0.1,1.5
2010,21,0.23087614566764164,0,1.3199225389263134,0,13.353142819708228,476.66956540894347,477.8761184827567,20,0.1,1.5
2010,20,0.23087614566764164,0,1.3172852001972133,0,13.326769432417226,489.9963348413607,491.2028879151739,20,0.1,1.5
2010,19,0.23087614566764164,0,1.3146531311376317,0,13.30044874182141,503.2967835831821,504.5033366569953,20,0.1,1.5
2010,18,0.23087614566764164,0,1.3120263212182384,0,13.274180642627478,516.5709642258096,517.7775172996228,20,0.1,1.5
2010,17,0.23087614566764164,0,1.3094047599307375,0,13.247965029752468,529.818929255562,531.0254823293752,20,0.1,1.5
2010,16,0.23087614566764164,0,1.3067884367878329,0,13.221801798323423,543.0407310538855,544.2472841276987,20,0.1,1.5
2010,15,0.23087614566764164,0,1.3041773413231819,0,13.195690843676912,556.2364218975623,557.4429749713755,20,0.1,1.5
2010,14,0.23087614566764164,0,1.3015714630913544,0,13.169632061358637,569.4060539589209,570.6126070327341,20,0.1,1.5
2010,13,0.23087614566764164,0,1.2989707916677915,0,13.14362534712301,582.5496793060439,583.7562323798571,20,0.1,1.5
2010,12,0.23087614566764164,0,1.2963753166487624,0,13.117670596932717,595.6673499029766,596.87390297678985,20,0.1,1.5
2010,11,0.23087614566764164,0,1.2937850276513265,0,13.09176770695836,608.759117609935,609.9656706837482,20,0.1,1.5
2010,10,0.23087614566764164,0,1.2911999143132884,0,13.065916573577978,621.8250341835129,623.0315872573261,20,0.1,1.5
2010,9,0.23087614566764164,0,1.2886199662931561,0,13.040117093376654,634.8651512768895,636.0717043507028,20,0.1,1.5
2010,8,0.23087614566764164,0,1.2860451732701033,0,13.014369163146126,647.8795204400355,649.086073513849,20,0.1,1.5
2010,7,0.23087614566764164,0,1.2834755249439238,0,12.988672679884331,660.8681931199199,662.0747461937333,20,0.1,1.5
2010,6,0.23087614566764164,0,1.2809110110349928,0,12.963027540795022,673.8312206607148,675.0377737345283,20,0.1,1.5
2010,5,0.23087614566764164,0,1.2783516212842254,0,12.937433643287347,686.7686543040022,687.97520737781565,20,0.1,1.5
2010,4,0.23087614566764164,0,1.275797345453036,0,12.911890884975454,699.6805451889776,700.8870982627911,20,0.1,1.5
2010,3,0.23087614566764164,0,1.2732481733232952,0,12.886399163678046,712.5669443526556,713.7734974264691,20,0.1,1.5
2010,2,0.011543807283382081,0,5.410207199889671e-4,0,0.013106078722144393,712.5800504313778,713.7866035051912,1,0.1,1.5
2010,1,150,0,1.2854664334917458,0,112.85466433491746,825.4347147662952,826.6412678401086,99999,0.1,1.5
2011,136,1.7598131431429813e-4,0.0372611978677716,0.0372611978677716,0,0.7453412782316415,0,0,1,0.1,1.5
2011,135,1.6953535709258283e-4,3.65701136540418e-4,0.036566456642676375,0.0016838210926697723,0.3934891884017026,0.369434601363563,0.3934891884017026,1,0.1,1.5
2011,134,1.6336468272451734e-4,4.086605221459428e-4,0.03627182505530729,0.001654799585244315,0.39055375963793404,0.7363483669265782,0.7840429480396367,1,0.1,1.5
2011,133,1.5746869924060058e-4,4.0175901109747067e-4,0.035951589535161484,0.0016228220899793652,0.38682163730940755,1.099986831521995,1.1708645853490443,1,0.1,1.5
2011,132,1.518416855770233e-4,3.939092332418775e-4,0.03561302474879228,0.0015904934219279892,0.3828919022096975,1.4601573991327212,1.5537564875587417,1,0.1,1.5
2011,131,1.4651592188159846e-4,3.8602886231750246e-4,0.03526164200967236,0.0015581225667131678,0.37883327981134113,1.8167317851338742,1.932589767370083,1,0.1,1.5
2011,130,1.4149865906933965e-4,3.781244752957063e-4,0.034896361494045784,0.0015256801471572967,0.37463462280647014,2.1695709772666687,2.307224390176553,1,0.1,1.5
2011,129,1.3675023599015403e-4,3.7018021472236945e-4,0.03451525960320794,0.0014931015306666859,0.3702755868699635,2.5185165422699654,2.6774999770465167,1,0.1,1.5
2011,128,1.322315569196459e-4,3.621668344879272e-4,0.0341150829552172,0.00146026906771812,0.36572163895001847,2.8633771945382964,3.043221615996535,1,0.1,1.5
2011,127,1.279018102901947e-4,3.5404554814351874e-4,0.03369151971892678,0.0014270268724056827,0.36092701872145383,3.203918115082526,3.404148634717989,1,0.1,1.5
2011,126,1.23720720195679e-4,3.4575008578019054e-4,0.033237408531923335,0.001393108600863083,0.3558156180980668,3.5398321817396914,3.7599642528160557,1,0.1,1.5
2011,125,1.1963921492872403e-4,3.372210146147528e-4,0.032745928233991806,0.001358275885330679,0.3503151931816944,3.8707434337023763,4.11027944599775,1,0.1,1.5
2011,124,1.1561821479923121e-4,3.2830661506958424e-4,0.03220086416477013,0.0013219192108226857,0.34425334676287306,4.196112220310639,4.454532792760623,1,0.1,1.5
2011,123,1.11579602478561e-4,3.1899699600422565e-4,0.031599386950440136,0.001284000828140734,0.33760109483953504,4.515370446176735,4.792133887600158,1,0.1,1.5
2011,122,1.0752209555897999e-4,3.089181709339041e-4,0.030902018687153244,0.0012430181842747797,0.32993845261040766,4.827551496154646,5.122072340210565,1,0.1,1.5
2011,121,1.0328346784523969e-4,2.990854649865272e-4,0.030208544670418325,0.0012030586170429236,0.32233170867132044,5.132696653153925,5.444404048881886,1,0.1,1.5
2011,120,9.932212979683068e-5,2.909664895287387e-4,0.029670010767500123,0.0011700211465748454,0.31639057513169855,5.4323726404774115,5.7607946240135846,1,0.1,1.5
2011,119,9.62260267864903e-5,2.8451349248093463e-4,0.02928779530721845,0.0011437048325927837,0.3121258791471293,5.728159879158929,6.072920503160714,1,0.1,1.5
2011,118,9.390931573591983e-5,2.7965614818571514e-4,0.029060773381758345,0.0011238185114322856,0.30952145167324957,6.021626780668861,6.382441954833963,1,0.1,1.5
2011,117,9.22954497642281e-5,2.762798543295772e-4,0.028982917791563235,0.0011098936902187496,0.308509130904753,6.314280287427631,6.690951085738716,1,0.1,1.5
2011,116,9.130967607481812e-5,2.742372523910299e-4,0.029044324746729806,0.0011013310483196036,0.30897979379887164,6.607526780536222,6.999930879537588,1,0.1,1.5
2011,115,9.087992059173088e-5,2.7331162263136935e-4,0.02922712796361828,0.00109725367978296,0.31074003504455233,6.902591763012446,7.31067091458214,1,0.1,1.5
2011,114,9.091815117761276e-5,2.7328416515899455e-4,0.02951238800159376,0.0010967775731022353,0.3135855848126302,7.200509096780759,7.62425649939477,1,0.1,1.5
2011,113,9.13426677909883e-5,2.73774821331464e-4,0.029862601437318743,0.0010983731165982722,0.3171157022211952,7.501933754479121,7.941372201615965,1,0.1,1.5
2011,112,9.200910956291632e-5,2.745882890910947e-4,0.030258890525972228,0.0011012539646952624,0.32112832705265504,7.80732988203613,8.262500528668621,1,0.1,1.5
2011,111,9.284534809936176e-5,2.7504625877748613e-4,0.03062736263044646,0.001102698902498242,0.324838827255233,8.116415867827103,8.587339355923854,1,0.1,1.5
2011,110,9.357403999398109e-5,2.7615809529897334e-4,0.03108119907028088,0.0011067539937859908,0.32944672568892763,8.43005182217623,8.916786081612782,1,0.1,1.5
2011,109,9.461904786567915e-5,2.797723407986867e-4,0.03183583743890695,0.0011208190162277651,0.33723087739412533,8.75127099933853,9.254016959006908,1,0.1,1.5
2011,108,9.680993256055058e-5,2.859668147348386e-4,0.03291431910301176,0.0011451891627673773,0.34842724431489747,9.083338398471037,9.602444203321806,1,0.1,1.5
2011,107,1.002973031437515e-4,2.9478122733443186e-4,0.034337611549351305,0.0011800048065022614,0.3632480041570807,9.429729191106656,9.965692207478886,1,0.1,1.5
2011,106,1.052787964286831e-4,3.0617295437014304e-4,0.03611967014653426,0.001225074293560612,0.3818296782099101,9.794057807979987,10.347521885688796,1,0.1,1.5
2011,105,1.1200539294907983e-4,3.199768479560353e-4,0.0382626123177595,0.0012797134031764304,0.404182181964499,10.17995836989911,10.751704067653295,1,0.1,1.5
2011,104,1.2078554187489775e-4,3.358616140177568e-4,0.04075091248451876,0.0013425717576838517,0.43012786121828916,10.590906634579058,11.181831928871583,1,0.1,1.5
2011,103,1.3198617346202014e-4,3.5328146338472875e-4,0.04354413357738539,0.0014114413508963934,0.4592255890599577,11.029968775769067,11.641057517931541,1,0.1,1.5
2011,102,1.4602202388434211e-4,3.714536948978397e-4,0.04657159228765767,0.0014831700449582268,0.4907159513408812,11.499496583610544,12.131773469272423,1,0.1,1.5
2011,101,1.6334010276924227e-4,3.8933123891210465e-4,0.04972491517359313,0.0015535564337650451,0.5234450208663991,12.000747941137442,12.655218490138822,1,0.1,1.5
2011,100,1.8435643015790414e-4,4.0572199996584586e-4,0.05286787803772391,0.0016178318192533502,0.5559707877958602,12.533606845801113,13.211189277934682,1,0.1,1.5
2011,99,2.0946298636496464e-4,4.192101088804716e-4,0.05582001281910513,0.001670352318346676,0.586394047247147,13.096138717071879,13.79758332518183,1,0.1,1.5
2011,98,2.386986777674896e-4,4.2923029590419525e-4,0.058495926652587675,0.0017088829381074915,0.6138233153382991,13.685549419008643,14.411406640520129,1,0.1,1.5
2011,97,2.735450781808852e-4,4.3460440390922784e-4,0.060709980189329237,0.001728765496274201,0.6363248592646129,14.297177628326482,15.047731499784742,1,0.1,1.5
2011,96,3.15752856364506e-4,4.3341352015803677e-4,0.062140561469492324,0.0017224269367339352,0.6505563508969456,14.923127880127229,15.698287850681687,1,0.1,1.5
2011,95,3.6499349100483974e-4,4.2601045711244696e-4,0.06275657841339195,0.0016913549794360639,0.656231431690991,15.555197097826277,16.354519282372678,1,0.1,1.5
2011,94,4.1905823642545445e-4,4.177244119561044e-4,0.06328453051027744,0.0016567678486143424,0.6609700335030144,16.19249901920623,17.01548931587569,1,0.1,1.5
2011,93,4.8244847594487646e-4,4.0904088344016645e-4,0.06379070612193988,0.0016205991846318319,0.6654705192944088,16.834818121577328,17.6809598351701,1,0.1,1.5
2011,92,6.029918506527495e-4,3.9999125634604686e-4,0.06427455242932698,0.0015829766833516839,0.6697613840431418,17.48196555300116,18.35072121921324,1,0.1,1.5
2011,91,7.907735232346679e-4,3.905950642475099e-4,0.06473642355561808,0.0015439807622198939,0.6738542365791917,18.133762921548637,19.024575455792434,1,0.1,1.5
2011,90,0.0010414617850304983,3.8086606943641874e-4,0.06517677045613005,0.0015036688497726877,0.6777516566805329,18.79003359466099,19.702327112472968,1,0.1,1.5
2011,89,0.0013484144448885575,3.7081925594089217e-4,0.06559641873406984,0.0014621031005130332,0.6814585100135524,19.45060491752436,20.38378562248652,1,0.1,1.5
2011,88,0.0017028060738419133,3.604704269096336e-4,0.06599653531024052,0.0014193487669163726,0.6849816723766776,20.115310178945087,21.0687672948632,1,0.1,1.5
2011,87,0.0020938867977229147,3.4981659139776754e-4,0.06637485903176614,0.0013753971052174832,0.6882912108379897,20.783952859708542,21.75705850570119,1,0.1,1.5
2011,86,0.0025291127635232425,3.3886019319833815e-4,0.06672840487238686,0.0013302611062680182,0.6913624559210774,21.456311585540078,22.448420961622265,1,0.1,1.5
2011,85,0.003022913070043806,3.2762524393337427e-4,0.06705771000962851,0.0012840385469055882,0.694212035728585,22.132180213455726,23.14263299735085,1,0.1,1.5
2011,84,0.003572266014939471,3.161283880242975e-4,0.06736316106111447,0.0012367980517426667,0.6968429487643377,22.811354618623742,23.83947594611519,1,0.1,1.5
2011,83,0.004172172715696933,3.0438712958762447e-4,0.06764549364700773,0.0011886114720916308,0.6992604201301079,23.493634874866824,24.5387363662453,1,0.1,1.5
2011,82,0.004815657340267675,2.9241957967163294e-4,0.06790579646992696,0.0011395528525822117,0.7014719251882912,24.178827473589656,25.24020829143359,1,0.1,1.5
2011,81,0.0054937872513675535,2.802441212972997e-4,0.06814549492097191,0.0010896970801775436,0.7034870164023306,24.866747388846594,25.94369530783592,1,0.1,1.5
2011,80,0.0061734616341954885,2.6787067994496976e-4,0.06836560019143026,0.0010390860167704776,0.7052944357570798,25.55719773864981,26.648989743593,1,0.1,1.5
2011,79,0.006844604556394974,2.553198116361742e-4,0.06856820684841045,9.87802744904137e-4,0.7069098040890743,26.249996074954538,27.355899547682075,1,0.1,1.5
2011,78,0.00751361466098227,2.426173598770512e-4,0.0687562670485585,9.35950311647438e-4,0.7083686392628309,26.944993995479546,28.064268186944904,1,0.1,1.5
2011,77,0.008166211697511217,2.297800760136711e-4,0.06893230630238124,8.835960156013791e-4,0.7096878051385,27.64205900039517,28.773955992083405,1,0.1,1.5
2011,76,0.008787170376952902,2.1682330994640708e-4,0.0690989587009849,8.308013494248549e-4,0.7108845244000177,28.34107493408912,29.484840516483423,1,0.1,1.5
2011,75,0.009360877582253783,2.0374361552588115e-4,0.06925277765743348,7.775557606449846e-4,0.7119137372222151,29.04188073187355,30.196754253705638,1,0.1,1.5
2011,74,0.00990134123530219,1.905457953432814e-4,0.06938981714694865,7.23881062710915e-4,0.7127456816185148,29.744285255453338,30.909499935324153,1,0.1,1.5
2011,73,0.010430239219584653,1.7725249610557836e-4,0.06951176759598197,6.698670560231533e-4,0.7134132231056913,30.44812894918727,31.622913158429846,1,0.1,1.5
2011,72,0.01094333046363602,1.6387727254352257e-4,0.06961935927397704,6.155684506521696e-4,0.71392175411694625,31.153256868294903,32.33683491254679,1,0.1,1.5
2011,71,0.011436329974013604,1.5043325628015696e-4,0.06971334892528853,5.610381430961914e-4,0.7142768724140225,31.859518910093268,33.05111178496082,1,0.1,1.5
2011,70,0.01190494062748788,1.3693311407006904e-4,0.06979451258602741,5.063270551734227e-4,0.7144843277313012,32.56676999417924,33.765596112692116,1,0.1,1.5
2011,69,0.012344886190564777,1.2338901295500903e-4,0.06986363774686459,4.5148400158019847e-4,0.7145499631763849,33.274870185904476,34.480146075868504,1,0.1,1.5
2011,68,0.012751945479591274,1.0981259369740027e-4,0.06992151522575404,3.965555912828797e-4,0.7144796550563783,33.983684761085385,35.194625730924884,1,0.1,1.5
2011,67,0.013121987590356252,9.621495279803151e-5,0.06996893079347108,3.4158616385080495e-4,0.7142792515303211,34.69308421027498,35.908904982455205,1,0.1,1.5
2011,66,0.01345100817199879,8.260663413712824e-5,0.07000665736034835,2.866177642909637e-4,0.7139545182160582,35.40294418900117,36.62285950067126,1,0.1,1.5
2011,65,0.013735163050711197,6.899762424040382e-5,0.07003544236303401,2.3169013576905192e-4,0.7135110343222999,36.11314536424105,37.33637053499356,1,0.1,1.5
2011,64,0.01397082421089456,5.539707835836815e-5,0.07005557916097095,1.7683989841889161e-4,0.7129499294636834,36.823569009441606,38.049320464457246,1,0.1,1.5
2011,63,0.014156619385626764,4.1813918083780116e-5,0.0700669589235195,1.2210283851921003e-4,0.7122698009376773,37.534094484114725,38.76159026539492,1,0.1,1.5
2011,62,0.014293555797178744,2.8257311560566863e-5,0.07006970670084421,6.751542347170018e-5,0.7114731833717627,38.24460316143689,39.47306344876669,1,0.1,1.5
2011,61,0.014381997663121843,1.4736162350225814e-5,0.07006386308331297,1.4925579490262901e-5,0.7105872134628598,38.9549771523356,40.183650662229546,1,0.1,1.5
2011,60,0.014422593205688047,2.403919830706043e-6,0.07005057095727948,0,0.7101448109082272,39.66512196324383,40.89379547313777,1,0.1,1.5
2011,59,0.014416253186073598,1.2166014708698746e-8,0.07004075042042737,0,0.7100184613218031,40.37514042456563,41.60381393445957,1,0.1,1.5
2011,58,0.014364130186678955,4.0085324416470526e-11,0.07003793163321645,0,0.709955403524137,41.08509582808977,42.31376933798371,1,0.1,1.5
2011,57,0.014267588057521598,4.607551301229719e-14,0.07004209773588357,0,0.7099327027309775,41.795028530820744,43.02370204071468,1,0.1,1.5
2011,56,0.014128158199904888,2.109645816840093e-16,0.07005240296198635,0,0.7099428017531355,42.50497133257388,43.73364484246782,1,0.1,1.5
2011,55,0.013951118016842803,7.066196992636082e-19,0.07007357950627358,0,0.7100365404072976,43.215007872981175,44.44368138287511,1,0.1,1.5
2011,54,0.013713438286392123,6.111342207657076e-22,0.07049807756500356,0,0.7141230678409637,43.92913094082214,45.15780445071608,1,0.1,1.5
2011,53,0.011543807283382081,1.4034102725992149e-24,0.0703907942150077,0,0.7116038136723316,44.64073475449447,45.86940826438841,1,0.1,1.5
2011,52,0.23087614566764164,2.1329842469453014e-27,1.256253765936068,0,12.716455089805773,57.35718984430024,58.58586335419419,20,0.1,1.5
2011,51,0.23087614566764164,4.989453433369228e-84,1.0639271741761414,0,10.793189172206507,68.15037901650675,69.3790525264007,20,0.1,1.5
2011,50,0.23087614566764164,5.4097324071920966e-114,1.1794879395581868,0,11.948796826026962,80.09917584253371,81.32784935242766,20,0.1,1.5
2011,49,0.23087614566764164,7.758434509465772e-148,1.3002271502951923,0,13.156188933397017,93.25536477593073,94.48403828582468,20,0.1,1.5
2011,48,0.23087614566764164,4.0336267244207796e-170,1.3863606146116798,0,14.017523576561892,107.27288835249261,108.50156186238658,20,0.1,1.5
2011,47,0.23087614566764164,3.567547584765189e-172,1.3902389619207705,0,14.056307049652798,121.32919540214542,122.55786891203938,20,0.1,1.5
2011,46,0.23087614566764164,3.567547584765234e-212,1.3874611238667576,0,14.028528669112669,135.35772407125808,136.58639758115206,20,0.1,1.5
2011,45,0.23087614566764164,3.56754758476528e-252,1.3846888362141254,0,14.000805792586348,149.3585298638444,150.58720337373842,20,0.1,1.5
2011,44,0.23087614566764164,3.567547584765325e-292,1.3819220878726113,0,13.973138309171206,163.3316681730156,164.56034168290964,20,0.1,1.5
2011,43,0.23087614566764164,0,1.379160867774111,0,13.945526108186204,177.27719428120182,178.50586779109585,20,0.1,1.5
2011,42,0.23087614566764164,0,1.3764051648726365,0,13.91796907917146,191.19516336037327,192.4238368702673,20,0.1,1.5
2011,41,0.23087614566764164,0,1.3736549681442698,0,13.890467111887792,205.08563047226107,206.3143039821551,20,0.1,1.5
2011,40,0.23087614566764164,0,1.3709102665871207,0,13.863020096316301,218.94865056857736,220.1773240784714,20,0.1,1.5
2011,39,0.23087614566764164,0,1.3681710492212795,0,13.835627922657888,232.78427849123526,234.0129520011293,20,0.1,1.5
2011,38,0.23087614566764164,0,1.3654373050887778,0,13.808290481332872,246.59256897256813,247.82124248246217,20,0.1,1.5
2011,37,0.23087614566764164,0,1.3627090232535433,0,13.781007662980526,260.37357663554866,261.60225014544267,20,0.1,1.5
2011,36,0.23087614566764164,0,1.3599861928013526,0,13.753779358458619,274.1273559940073,275.3560295039013,20,0.1,1.5
2011,35,0.23087614566764164,0,1.3572688028397908,0,13.726605458843002,287.85396145285034,289.0826349627443,20,0.1,1.5
2011,34,0.23087614566764164,0,1.3545568424982086,0,13.69948585542718,301.55344730827755,302.78212081817145,20,0.1,1.5
2011,33,0.23087614566764164,0,1.3518503009276739,0,13.672420439721833,315.2258677479994,316.4545412578933,20,0.1,1.5
2011,32,0.23087614566764164,0,1.3491491673009355,0,13.64540910345445,328.8712768514539,330.09995036134774,20,0.1,1.5
2011,31,0.23087614566764164,0,1.3464534308123748,0,13.618451738568842,342.48972859002276,343.7184020999166,20,0.1,1.5
2011,30,0.23087614566764164,0,1.3437630806779635,0,13.591548237224728,356.0812768272475,357.30995033714134,20,0.1,1.5
2011,29,0.23087614566764164,0,1.3410781061352228,0,13.564698491797323,369.64597531904485,370.8746488289387,20,0.1,1.5
2011,28,0.23087614566764164,0,1.338398496443175,0,13.537902394876843,383.18387771392173,384.4125512238155,20,0.1,1.5
2011,27,0.23087614566764164,0,1.3357242408823058,0,13.511159839268151,396.69503755318993,397.92371106308366,20,0.1,1.5
2011,26,0.23087614566764164,0,1.3330553287545204,0,13.484470717990298,410.1795082711803,411.40818178107395,20,0.1,1.5
2011,25,0.23087614566764164,0,1.3303917493830981,0,13.457834924276074,423.63734319545637,424.86601670535003,20,0.1,1.5
2011,24,0.23087614566764164,0,1.3277334921126531,0,13.431252351571626,437.068595547028,438.29726905692166,20,0.1,1.5
2011,23,0.23087614566764164,0,1.3250805463090898,0,13.404722893535991,450.473318440564,451.7019919504577,20,0.1,1.5
2011,22,0.23087614566764164,0,1.3224329013595602,0,13.378246444040695,463.8515648846047,465.0802383944984,20,0.1,1.5
2011,21,0.23087614566764164,0,1.3197905466724207,0,13.351822897169301,477.20338778177404,478.4320612916677,20,0.1,1.5
2011,20,0.23087614566764164,0,1.3171534716771935,0,13.32545214721703,490.5288399289911,491.75751343888476,20,0.1,1.5
2011,19,0.23087614566764164,0,1.314521665824518,0,13.299134088690273,503.8279740176814,505.056647527575,20,0.1,1.5
2011,18,0.23087614566764164,0,1.3118951185861165,0,13.272868616306258,517.1008426339877,518.3295161438813,20,0.1,1.5
2011,17,0.23087614566764164,0,1.3092738194547444,0,13.246655624992538,530.3474982589802,531.5761717688738,20,0.1,1.5
2011,16,0.23087614566764164,0,1.306657757944154,0,13.220495009886635,543.5679932688668,544.7966667787605,20,0.1,1.5
2011,15,0.23087614566764164,0,1.3040469235890495,0,13.194386666335589,556.7623799352023,557.9910534450961,20,0.1,1.5
2011,14,0.23087614566764164,0,1.3014413059450454,0,13.168330489895547,569.9307104250978,571.1593839349916,20,0.1,1.5
2011,13,0.23087614566764164,0,1.2988408945886247,0,13.142326376331342,583.0730368014291,584.301710311323,20,0.1,1.5
2011,12,0.23087614566764164,0,1.2962456791170975,0,13.11637422161607,596.1894110230452,597.418084532939,20,0.1,1.5
2011,11,0.23087614566764164,0,1.2936556491485613,0,13.090473921930707,609.2798849449758,610.5085584548697,20,0.1,1.5
2011,10,0.23087614566764164,0,1.2910707943218571,0,13.064625373663665,622.3445103186394,623.5731838285334,20,0.1,1.5
2011,9,0.23087614566764164,0,1.2884911042965268,0,13.038828473410362,635.3833387920498,636.6120123019438,20,0.1,1.5
2011,8,0.23087614566764164,0,1.2859165687527763,0,13.013083117972856,648.3964219100226,649.6250954199166,20,0.1,1.5
2011,7,0.23087614566764164,0,1.2833471773914293,0,12.987389204359387,661.383811114382,662.612484624276,20,0.1,1.5
2011,6,0.23087614566764164,0,1.2807829199338894,0,12.961746629783988,674.345557744166,675.57423125406,20,0.1,1.5
2011,5,0.23087614566764164,0,1.278223786122097,0,12.936155291666065,687.281713035832,688.5103865457261,20,0.1,1.5
2011,4,0.23087614566764164,0,1.2756697657184908,0,12.910615087630001,700.192328123462,701.4210016333561,20,0.1,1.5
2011,3,0.23087614566764164,0,1.2731208485059629,0,12.885125915504723,713.0774540389666,714.3061275488609,20,0.1,1.5
2011,2,0.011543807283382081,0,5.409666179169683e-4,0,0.013105537701424403,713.090559576668,714.3192330865623,1,0.1,1.5
2011,1,150,0,1.2853378868483967,0,112.85337886848397,825.9439384451521,827.1726119550464,99999,0.1,1.5
2012,137,1.8270952667634436e-4,0.03794432898201894,0.03794432898201894,0,0.7590083859914963,0,0,1,0.1,1.5
2012,136,1.7598131431429813e-4,3.726119786777162e-4,0.03725747174798483,0.0017479180451285894,0.40138841593038627,0.37641815814283497,0.40138841593038627,1,0.1,1.5
2012,135,1.6953535709258283e-4,4.2461228453284725e-4,0.036983755270179546,0.0017189895598139905,0.3987536928301474,0.750614857261354,0.8001421087605336,1,0.1,1.5
2012,134,1.6336468272451734e-4,4.1778650153253817e-4,0.036681897769112834,0.001686498157634108,0.3951985833182811,1.1217206097562908,1.1953406920788148,1,0.1,1.5
2012,133,1.5746869924060058e-4,4.09723112605816e-4,0.0363536998987028,0.0016532650657606234,0.39135728161392214,1.4894598190022041,1.586697973692737,1,0.1,1.5
2012,132,1.518416855770233e-4,4.015624478144161e-4,0.0360070868017994,0.0016197385003240711,0.38732684171972387,1.853647539288727,1.9740248154124607,1,0.1,1.5
2012,131,1.4651592188159846e-4,3.9339093030146696e-4,0.03564764648714969,0.0015861954556299369,0.3831679865361936,2.214155590744493,2.357192801948654,1,0.1,1.5
2012,130,1.4149865906933965e-4,3.8520128154228124e-4,0.0352742918946857,0.0015526055344714771,0.3788693432655376,2.5708448549461522,2.7360621452141918,1,0.1,1.5
2012,129,1.3675023599015403e-4,3.7697718481389516e-4,0.03488508345991429,0.001518903145961566,0.3744103896421548,2.9235566282174275,3.1104725348563464,1,0.1,1.5
2012,128,1.322315569196459e-4,3.686889352744093e-4,0.034476738713851214,0.0014849689192343992,0.3697562725658846,3.2720990590799635,3.480228807422231,1,0.1,1.5
2012,127,1.279018102901947e-4,3.6029717358285586e-4,0.03404490728505631,0.0014506448294230529,0.36486081002310494,3.6162363715398818,3.845089617445336,1,0.1,1.5
2012,126,1.23720720195679e-4,3.5173465107357264e-4,0.033582361941285915,0.0014156608974830594,0.3596471735106261,3.955659817943607,4.204736790955962,1,0.1,1.5
2012,125,1.1963921492872403e-4,3.4294118147881725e-4,0.03308222261250108,0.001379776020083332,0.3540424834176086,4.289991215360025,4.5587792743735704,1,0.1,1.5
2012,124,1.1561821479923121e-4,3.3376286885636726e-4,0.03252812388105933,0.0013423726669433197,0.3478726986939277,4.6186871616690475,4.906651973067498,1,0.1,1.5
2012,123,1.11579602478561e-4,3.2419017699522574e-4,0.03191722721878028,0.0013034146472011303,0.3411087696051378,4.941175722028455,5.247760742672636,1,0.1,1.5
2012,122,1.0752209555897999e-4,3.13843727778034e-4,0.031209683031353224,0.0012613795724584485,0.33332665716632975,5.2564826710168076,5.581087399838966,1,0.1,1.5
2012,121,1.0328346784523969e-4,3.037555089105962e-4,0.030506288470212015,0.0012204171065717138,0.3256038255303379,5.564651966453264,5.906691225369303,1,0.1,1.5
2012,120,9.932212979683068e-5,2.954149515389987e-4,0.029959549053067084,0.001186506773492953,0.3195659515634437,5.867267821252522,6.226257176932747,1,0.1,1.5
2012,119,9.62260267864903e-5,2.887713430730053e-4,0.029570792735835925,0.0011594354550774901,0.31522315511757776,6.1659276127261355,6.541480332050325,1,0.1,1.5
2012,118,9.390931573591983e-5,2.8375118933992856e-4,0.029338821932278242,0.0011388991218464328,0.3125583248816213,6.462215950152808,6.854038656931946,1,0.1,1.5
2012,117,9.22954497642281e-5,2.802362210979832e-4,0.029257492922338764,0.0011244146715247408,0.311501888470278,6.757654771887018,7.165540545402224,1,0.1,1.5
2012,116,9.130967607481812e-5,2.780751346038112e-4,0.029316753076335036,0.001115367268158094,0.3119429733433159,7.0536639271137895,7.47748351874554,1,0.1,1.5
2012,115,9.087992059173088e-5,2.770465361720537e-4,0.029498518670767658,0.0011108619713220678,0.3136856954162973,7.351480165796914,7.791169214161838,1,0.1,1.5
2012,114,9.091815117761276e-5,2.7692723492714875e-4,0.029783631156069162,0.00110999795451406,0.3165233096466633,7.652146361807662,8.1076925238085,1,0.1,1.5
2012,113,9.13426677909883e-5,2.773310273628827e-4,0.030134208456324578,0.0011112226681053437,0.32005089949309723,7.956322651756397,8.427743423301598,1,0.1,1.5
2012,112,9.200910956291632e-5,2.7805937406472656e-4,0.030531178128093448,0.001113737648387723,0.32406425226206736,8.264476366184354,8.751807675563665,1,0.1,1.5
2012,111,9.284534809936176e-5,2.7842518821233537e-4,0.030899974619807976,0.0011147899949864046,0.3277714663358847,8.576322261163291,9.079579141899549,1,0.1,1.5
2012,110,9.357403999398109e-5,2.7945007939948746e-4,0.03135477944882035,0.0011184694972344318,0.3323828136503052,8.892726939138818,9.411961955549854,1,0.1,1.5
2012,109,9.461904786567915e-5,2.8300247746492813e-4,0.03211285860922,0.0011322453036647058,0.3401966231415888,9.216748629370912,9.752158578691443,1,0.1,1.5
2012,108,9.680993256055058e-5,2.891569588391927e-4,0.033197324961793305,0.0011563983405758235,0.35144933545530566,9.551677988532278,10.103607914146748,1,0.1,1.5
2012,107,1.002973031437515e-4,2.979490138989097e-4,0.034629178989821936,0.0011910509144022203,0.3663531579688598,9.90101613343825,10.469961072115607,1,0.1,1.5
2012,106,1.052787964286831e-4,3.0933030293385446e-4,0.03642232675290976,0.0012359876683975938,0.38504372311411617,10.268402889860972,10.855004795229723,1,0.1,1.5
2012,105,1.1200539294907983e-4,3.23128119273668e-4,0.03857871440732183,0.0012904938970606337,0.4075287226287872,10.657495985388893,11.262533517858511,1,0.1,1.5
2012,104,1.2078554187489775e-4,3.390015555611405e-4,0.04108248033269127,0.0013531814122107527,0.4336265056086895,11.071791327966,11.6961600234672,1,0.1,1.5
2012,103,1.3198617346202014e-4,3.5639315235794564e-4,0.04389263950175175,0.0014217974416382705,0.4628897093468088,11.514369645289406,12.15904973281401,1,0.1,1.5
2012,102,1.4602202388434211e-4,3.745070481885351e-4,0.04693772763966846,0.0014931406878016572,0.49455027614880215,11.987589340183899,12.653600008962812,1,0.1,1.5
2012,101,1.6334010276924227e-4,3.9228242083038235e-4,0.050108331790517026,0.0015629601764542368,0.527443038036095,12.492704375699219,13.181043046998907,1,0.1,1.5
2012,100,1.8435643015790414e-4,4.0851517481299603e-4,0.05326704920473347,0.0016264461577561516,0.5601134931930387,13.029582923781456,13.741156540191945,1,0.1,1.5
2012,99,2.0946298636496464e-4,4.2178018067547373e-4,0.05623201889740989,0.0016779269424055951,0.590648017663272,13.596260556553219,14.331804557855216,1,0.1,1.5
2012,98,2.386986777674896e-4,4.3151303748591483e-4,0.05891729779444929,0.00171517572607835,0.6181497511437447,14.189907797324416,14.949954308998961,1,0.1,1.5
2012,97,2.735450781808852e-4,4.365374181076425e-4,0.061136100565378854,0.0017335512058748142,0.6406737604471019,14.805816540544734,15.590628069446064,1,0.1,1.5
2012,96,3.15752856364506e-4,4.349408693850642e-4,0.06256495414752886,0.0017255222040013965,0.6548597692734021,15.436025992618116,16.245487838719466,1,0.1,1.5
2012,95,3.6499349100483974e-4,4.270988494301404e-4,0.06317314150040963,0.001692668709123936,0.6604267140513143,16.072271725110518,16.90591455277078,1,0.1,1.5
2012,94,4.1905823642545445e-4,4.1836920627314665e-4,0.06369239401938,0.0016562883581296606,0.6650482666731435,16.713658729524667,17.570962819443924,1,0.1,1.5
2012,93,4.8244847594487646e-4,4.092402049923596e-4,0.06418947684748563,0.0016183226681332195,0.6694276981011225,17.359967532366742,18.240390517545045,1,0.1,1.5
2012,92,6.029918506527495e-4,3.9974408340138145e-4,0.06466386914492196,0.0015789026517473038,0.6735938790181538,18.011005659217076,18.913984396563198,1,0.1,1.5
2012,91,7.907735232346679e-4,3.899011411974486e-4,0.06511594510381749,0.0015381117648880776,0.6775586700116594,18.66659130401605,19.591543066574857,1,0.1,1.5
2012,90,0.0010414617850304983,3.797258731375361e-4,0.06554616999152761,0.0014960103728802279,0.6813248432587702,19.32654457051939,20.27286790983363,1,0.1,1.5
2012,89,0.0013484144448885575,3.692339676876672e-4,0.06595538486732469,0.0014526634358623957,0.6848974661114167,19.99068970183277,20.957765375945044,1,0.1,1.5
2012,88,0.0017028060738419133,3.5844189599818947e-4,0.0663447728484386,0.0014081388490372745,0.6882836207655568,20.658857053326365,21.6460489967106,1,0.1,1.5
2012,87,0.0020938867977229147,3.4734744221834844e-4,0.06671207082216733,0.001362431096934735,0.6914534085604539,21.33084716050204,22.337502405271053,1,0.1,1.5
2012,86,0.0025291127635232425,3.359538784989879e-4,0.06705429730846663,0.0013155565747215538,0.6943822523985033,22.00643574754738,23.031884657669558,1,0.1,1.5
2012,85,0.003022913070043806,3.242858891657308e-4,0.06737201387535394,0.0012676156453671704,0.6970870679590425,22.685414020572605,23.7289717256286,1,0.1,1.5
2012,84,0.003572266014939471,3.1236079681590967e-4,0.06766562425794402,0.0012186795947811777,0.6995710697210996,23.367575381796833,24.4285427953497,1,0.1,1.5
2012,83,0.004172172715696933,3.0019673931878395e-4,0.06793588196566594,0.0011688227401099405,0.7018397032428348,24.05271761732381,25.130382498592535,1,0.1,1.5
2012,82,0.004815657340267675,2.8781240894226924e-4,0.06818389410342553,0.001118121364902368,0.7039006657062711,24.740645120674333,25.834283164298807,1,0.1,1.5
2012,81,0.0054937872513675535,2.752267112573589e-4,0.0684111046415242,0.0010666523455593255,0.705763729012908,25.431170959036393,26.540046893311715,1,0.1,1.5
2012,80,0.0061734616341954885,2.624502109920691e-4,0.06861853513560374,0.0010144600817714507,0.707417781437871,26.124096453591815,27.247464674749587,1,0.1,1.5
2012,79,0.006844604556394974,2.4950388434239596e-4,0.06880830071395164,9.616291973297258e-4,0.7088786756490568,26.819237569279018,27.956343350398644,1,0.1,1.5
2012,78,0.00751361466098227,2.3641375151063e-4,0.0689833789997655,9.08263224353556e-4,0.7101821928727526,27.516444573232434,28.666525543271398,1,0.1,1.5
2012,77,0.008166211697511217,2.2319680466048147e-4,0.06914631207565136,8.544302823305758e-4,0.7113453768252294,28.215583803167227,29.377870920096626,1,0.1,1.5
2012,76,0.008787170376952902,2.098685704556778e-4,0.06929974914247101,0.00080019242803977585,0.7123856111144705,28.91653809388113,30.090256531211097,1,0.1,1.5
2012,75,0.009360877582253783,1.9642637631650495e-4,0.06944024131982898,7.455423001454537e-4,0.7132578663040828,29.61914535589742,30.80351439751518,1,0.1,1.5
2012,74,0.00990134123530219,1.8287572363116157e-4,0.06956384843091169,6.90504526553783e-4,0.7139324860816365,30.323213491599716,31.517446883596815,1,0.1,1.5
2012,73,0.010430239219584653,1.6923928896684412e-4,0.06967228318322817,6.351688006921174e-4,0.7144425575448939,31.028582209134722,32.23188944114171,1,0.1,1.5
2012,72,0.01094333046363602,1.5553088538847762e-4,0.0697662894507127,5.795907463850801e-4,0.7147936248089368,31.735095966138157,32.946683065950644,1,0.1,1.5
2012,71,0.011436329974013604,1.417638683368494e-4,0.06984663712617006,5.238240334966885e-4,0.7149914304062689,32.4426041960659,33.661674496356916,1,0.1,1.5
2012,70,0.01190494062748788,1.2795109493405637e-4,0.06991411489856217,4.6792022184062544e-4,0.7150418616176774,33.15096148308586,34.376716357974594,1,0.1,1.5
2012,69,0.012344886190564777,1.141048905245997e-4,0.06996952238348494,4.119286350146344e-4,0.7149508916530619,33.860027679953,35.091667249627655,1,0.1,1.5
2012,68,0.012751945479591274,1.0023702375769393e-4,0.0700136619720522,3.5589626907568976e-4,0.7147245193598601,34.56966796689749,35.80639176898752,1,0.1,1.5
2012,67,0.013121987590356252,8.635869049068155e-5,0.07004733044135444,2.9986773705723306e-4,0.7143687078604588,35.279752849942845,36.520760476847975,1,0.1,1.5
2012,66,0.01345100817199879,7.248050741411222e-5,0.07007131113568506,2.4388525229832253e-4,0.7138893302451573,35.99015810515517,37.234649807093135,1,0.1,1.5
2012,65,0.013735163050711197,5.861251018466702e-5,0.07008636135273998,1.8798863328181765e-4,0.7132920659004132,36.70076461915155,37.947941872993546,1,0.1,1.5
2012,64,0.01397082421089456,4.4763945388306584e-5,0.07009278357765958,1.3221475854443675e-4,0.7125781403026624,37.41145397718929,38.66052001329621,1,0.1,1.5
2012,63,0.014156619385626764,3.094384881064031e-5,0.07009047793725695,7.659977086892002e-5,0.7117462465587449,38.12210594130705,39.37226625985495,1,0.1,1.5
2012,62,0.014293555797178744,1.7161428983530712e-5,0.07007957858604205,2.1557663235963285e-5,0.7108044039660316,38.83260237865542,40.08307066382098,1,0.1,1.5
2012,61,0.014381997663121843,3.8787564960679835e-6,0.07006058809187721,0,0.710232666925814,39.542835045581235,40.793303330746795,1,0.1,1.5
2012,60,0.014422593205688047,2.4039198307060446e-8,0.07004356590018376,0,0.710050961530946,40.25288600711218,41.50335429227774,1,0.1,1.5
2012,59,0.014416253186073598,1.2166014708698754e-10,0.07003374634538533,0,0.709948300127837,40.962834307240016,42.213302592405576,1,0.1,1.5
2012,58,0.014364130186678955,4.0085324416470547e-13,0.07003092784005313,0,0.7098853651956591,41.672719672435676,42.923187957601236,1,0.1,1.5
2012,57,0.014267588057521598,4.607551301229722e-16,0.07003509352610998,0,0.7098626606327855,42.38258233306846,43.63305061823402,1,0.1,1.5
2012,56,0.014128158199904888,2.1096458168400943e-18,0.07004539772169015,0,0.7098727493501713,43.09245508241864,44.34292336758419,1,0.1,1.5
2012,55,0.013951118016842803,7.066196992636086e-21,0.07006657214832294,0,0.7099664668277912,43.802421549246425,45.052889834411985,1,0.1,1.5
2012,54,0.013713438286392123,6.11134220765708e-24,0.07049102775724707,0,0.7140525697633987,44.51647411900983,45.76694240417538,1,0.1,1.5
2012,53,0.011543807283382081,1.4034102725992158e-26,0.0703837551355862,0,0.7115334228781167,45.22800754188794,46.4784758270535,1,0.1,1.5
2012,52,0.23087614566764164,2.1329842469453025e-29,1.2561281405594744,0,12.715198836039837,57.94320637792777,59.19367466309334,20,0.1,1.5
2012,51,0.23087614566764164,4.989453433369231e-86,1.0638207814587237,0,10.79212524503233,68.7353316229601,69.98579990812567,20,0.1,1.5
2012,50,0.23087614566764164,5.4097324071921e-116,1.179369990764231,0,11.947617338087404,80.6829489610475,81.93341724621308,20,0.1,1.5
2012,49,0.23087614566764164,7.758434509465776e-150,1.3000971275801627,0,13.154888706246721,93.83783766729422,95.0883059524598,20,0.1,1.5
2012,48,0.23087614566764164,4.033626724420782e-172,1.3862219785502186,0,14.01613721594728,107.8539748832415,109.10444316840709,20,0.1,1.5
2012,47,0.23087614566764164,3.567547584765191e-174,1.3900999380245784,0,14.054916810690878,121.90889169393238,123.15935997909797,20,0.1,1.5
2012,46,0.23087614566764164,3.567547584765236e-214,1.3873223777543708,0,14.027141207988802,135.93603290192118,137.18650118708678,20,0.1,1.5
2012,45,0.23087614566764164,3.567547584765282e-254,1.384550367330504,0,13.999421103750134,149.93545400567132,151.1859222908369,20,0.1,1.5
2012,44,0.23087614566764164,3.5675475847653266e-294,1.381783895663824,0,13.971756387083333,163.90721039275465,165.15767867792025,20,0.1,1.5
2012,43,0.23087614566764164,0,1.3790229516873336,0,13.94414694731843,177.85135734007306,179.1018256252387,20,0.1,1.5
2012,42,0.23087614566764164,0,1.3762675243561493,0,13.916592674006587,191.76795001407964,193.01841829924527,20,0.1,1.5
2012,41,0.23087614566764164,0,1.3735176026474554,0,13.889093456919648,205.6570434709993,206.90751175616492,20,0.1,1.5
2012,40,0.23087614566764164,0,1.370773175560462,0,13.861649186049714,219.518692657049,220.76916094221463,20,0.1,1.5
2012,39,0.23087614566764164,0,1.3680342321163574,0,13.834259751608668,233.35295240865767,234.6034206938233,20,0.1,1.5
2012,38,0.23087614566764164,0,1.365300761358269,0,13.806925044027784,247.15987745268546,248.4103457378511,20,0.1,1.5
2012,37,0.23087614566764164,0,1.3625727523512179,0,13.779644953957273,260.93952240664277,262.18999069180836,20,0.1,1.5
2012,36,0.23087614566764164,0,1.3598501941820724,0,13.752419372265818,274.6919417789086,275.9424100640742,20,0.1,1.5
2012,35,0.23087614566764164,0,1.3571330759595068,0,13.725248190040162,288.4171899689488,289.6676582541144,20,0.1,1.5
2012,34,0.23087614566764164,0,1.3544213868139587,0,13.69813129858468,302.1153212675335,303.365789552699,20,0.1,1.5
2012,33,0.23087614566764164,0,1.351715115897581,0,13.671068589420905,315.78638985695443,317.0368581421199,20,0.1,1.5
2012,32,0.23087614566764164,0,1.3490142523842055,0,13.64405995428715,329.4304498112416,330.6809180964071,20,0.1,1.5
2012,31,0.23087614566764164,0,1.3463187854692935,0,13.61710528513803,343.04755509637965,344.29802338154514,20,0.1,1.5
2012,30,0.23087614566764164,0,1.3436287043698958,0,13.590204474144052,356.6377595705237,357.8882278556892,20,0.1,1.5
2012,29,0.23087614566764164,0,1.3409439983246094,0,13.563357413691188,370.20111698421493,371.45158526938036,20,0.1,1.5
2012,28,0.23087614566764164,0,1.3382646565935308,0,13.536563996380401,383.73768098059537,384.98814926576074,20,0.1,1.5
2012,27,0.23087614566764164,0,1.3355906684582175,0,13.50982411502727,397.24750509562267,398.497973380788,20,0.1,1.5
2012,26,0.23087614566764164,0,1.332922023221645,0,13.483137662661544,410.73064275828426,411.9811110434495,20,0.1,1.5
2012,25,0.23087614566764164,0,1.3302587102081598,0,13.456504532526692,424.18714729081097,425.4376155759762,20,0.1,1.5
2012,24,0.23087614566764164,0,1.3276007187634418,0,13.42992461807951,437.6170719088905,438.8675401940557,20,0.1,1.5
2012,23,0.23087614566764164,0,1.324948038254459,0,13.403397812989683,451.0204697218802,452.2709380070454,20,0.1,1.5
2012,22,0.23087614566764164,0,1.3223006580694243,0,13.376924011139337,464.39739373301956,465.64786201818475,20,0.1,1.5
2012,21,0.23087614566764164,0,1.3196585676177535,0,13.350503106622629,477.74789683964224,478.9983651248074,20,0.1,1.5
2012,20,0.23087614566764164,0,1.317021756330026,0,13.324134993745353,491.0720318333876,492.32250011855274,20,0.1,1.5
2012,19,0.23087614566764164,0,1.3143902136579355,0,13.29781956702445,504.3698514004121,505.6203196855772,20,0.1,1.5
2012,18,0.23087614566764164,0,1.311763929074258,0,13.271556721187673,517.6414081215997,518.8918764067649,20,0.1,1.5
2012,17,0.23087614566764164,0,1.309142892072799,0,13.245346351173083,530.8867544727727,532.137222757938,20,0.1,1.5
2012,16,0.23087614566764164,0,1.3065270921683596,0,13.21918835212869,544.1059428249014,545.3564111100667,20,0.1,1.5
2012,15,0.23087614566764164,0,1.3039165188966906,0,13.193082619412,557.2990254443133,558.5494937294787,20,0.1,1.5
2012,14,0.23087614566764164,0,1.3013111618144508,0,13.167029048589603,570.4660544929029,571.7165227780683,20,0.1,1.5
2012,13,0.23087614566764164,0,1.298711010499166,0,13.141027535436754,583.6070820283396,584.857550313505,20,0.1,1.5
2012,12,0.23087614566764164,0,1.2961160545491859,0,13.115077975936952,596.7221600042766,597.972628289442,20,0.1,1.5
2012,11,0.23087614566764164,0,1.2935262835836465,0,13.08918026628156,609.8113402705582,611.0618085557236,20,0.1,1.5
2012,10,0.23087614566764164,0,1.2909416872424249,0,13.063334302869343,622.8746745734275,624.1251428585929,20,0.1,1.5
2012,9,0.23087614566764164,0,1.2883622551860971,0,13.037539982306065,635.9122145557335,637.1626828408989,20,0.1,1.5
2012,8,0.23087614566764164,0,1.285787977095901,0,13.011797201404105,648.9240117571376,650.174480042303,20,0.1,1.5
2012,7,0.23087614566764164,0,1.2832188426736901,0,12.986105857181995,661.9101176143196,663.160585899485,20,0.1,1.5
2012,6,0.23087614566764164,0,1.280654841641896,0,12.960465846864054,674.8705834611836,676.121051746349,20,0.1,1.5
2012,5,0.23087614566764164,0,1.278095963743485,0,12.934877067879944,687.8054605290636,689.055928814229,20,0.1,1.5
2012,4,0.23087614566764164,0,1.2755421987419189,0,12.909339417864283,700.7147999469278,701.9652682320933,20,0.1,1.5
2012,3,0.23087614566764164,0,1.2729935364211122,0,12.883852794656216,713.5986527415839,714.8491210267496,20,0.1,1.5
2012,2,0.011543807283382081,0,5.409125212551766e-4,0,0.013104996734806487,713.6117577383187,714.8622260234844,1,0.1,1.5
2012,1,150,0,1.285209353059712,0,112.85209353059712,826.4638512689158,827.7143195540815,99999,0.1,1.5
2013,138,1.8972862574111727e-4,0.03861740292423044,0.03861740292423044,0,0.7724745442351029,0,0,1,0.1,1.5
2013,137,1.8270952667634436e-4,3.794432898201896e-4,0.03794053454912073,0.0018123115710763007,0.4092117500416168,0.3833215847405268,0.4092117500416168,1,0.1,1.5
2013,136,1.7598131431429813e-4,4.4070563106892455e-4,0.037690725512092176,0.0017836489117555737,0.4069123310471858,0.7647532170483473,0.8161240810888026,1,0.1,1.5
2013,135,1.6953535709258283e-4,4.339935127988261e-4,0.037409804284606024,0.001750762710809239,0.40356189741414694,1.143304218593791,1.2196859785029495,1,0.1,1.5
2013,134,1.6336468272451734e-4,4.258024044238524e-4,0.03709985411874445,0.0017169703397047445,0.3998936227302338,1.518669693613957,1.6195796012331833,1,0.1,1.5
2013,133,1.5746869924060058e-4,4.1741349756621403e-4,0.036763380795153094,0.001682497870136567,0.395948605919114,1.8905826156739773,2.0155282071522973,1,0.1,1.5
2013,132,1.518416855770233e-4,4.0895024955916196e-4,0.03640842071820024,0.0016477549672324538,0.391814294142728,2.258857553141956,2.4073425012950254,1,0.1,1.5
2013,131,1.4651592188159846e-4,4.004827732104989e-4,0.036040630586408454,0.0016130229606703575,0.38755199602987755,2.6233663640194003,2.794894497324903,1,0.1,1.5
2013,130,1.4149865906933965e-4,3.920033964332921e-4,0.035658915849114105,0.0015782710329635412,0.38315025393718977,2.9839698889142534,3.1780447512620924,1,0.1,1.5
2013,129,1.3675023599015403e-4,3.8349555833853044e-4,0.03526132073805869,0.0015434326805829812,0.37858836808200824,3.3405092187022194,3.5566331193441005,1,0.1,1.5
2013,128,1.322315569196459e-4,3.749291191613439e-4,0.034844533269788425,0.0015083869036154967,0.3738311625981417,3.6927919969629968,3.930464281942242,1,0.1,1.5
2013,127,1.279018102901947e-4,3.662641790915918e-4,0.03440416400168357,0.0014729736801590415,0.36883203082640764,4.040581546644275,4.29929631276865,1,0.1,1.5
2013,126,1.23720720195679e-4,3.574325708815006e-4,0.033932918929462555,0.0014369196606954166,0.3635134192077912,4.383567542127846,4.662809731976441,1,0.1,1.5
2013,125,1.1963921492872403e-4,3.4837341683562116e-4,0.03342385839526066,0.0013999812754925578,0.3578018101046184,4.721369619725428,5.02061154208106,1,0.1,1.5
2013,124,1.1561821479923121e-4,3.389307954243936e-4,0.032860464235407054,0.001361533641913902,0.3515215097169506,5.053440648843608,5.37213305179801,1,0.1,1.5
2013,123,1.11579602478561e-4,3.290955635702348e-4,0.032239889157858685,0.001321542279519811,0.3446434090376531,5.37920488245955,5.716776460835663,1,0.1,1.5
2013,122,1.0752209555897999e-4,3.184833303923925e-4,0.0315219069561647,0.0012784666327777946,0.336739393302293,5.6976804667221606,6.053515854137956,1,0.1,1.5
2013,121,1.0328346784523969e-4,3.0814183173203443e-4,0.030808342118007922,0.0012365145997115818,0.3288981894242237,6.00891416186479,6.3824140435621795,1,0.1,1.5
2013,120,9.932212979683068e-5,2.995808428886282e-4,0.030253179791535016,0.0012017396857514533,0.32276153089388365,6.314507982962224,6.705175574456063,1,0.1,1.5
2013,119,9.62260267864903e-5,2.927465772001026e-4,0.029857694520331716,0.0011739161637503582,0.31833879257056186,6.616076544622067,7.023514367026625,1,0.1,1.5
2013,118,9.390931573591983e-5,2.875622923550075e-4,0.029620612830546622,0.0011527268534141338,0.31561188391685163,6.915220902061574,7.339126250943476,1,0.1,1.5
2013,117,9.22954497642281e-5,2.8390603009216504e-4,0.029535670840927716,0.00113767400742128,0.3145097848303456,7.213478201071616,7.653636035773822,1,0.1,1.5
2013,116,9.130967607481812e-5,2.816225683855616e-4,0.029592663218066927,0.001128127449030804,0.3149198373966339,7.512281932053524,7.968555873170455,1,0.1,1.5
2013,115,9.087992059173088e-5,2.804859581922375e-4,0.0297732843117311,0.001123174773408135,0.3166436432187917,7.812880221366485,8.285199516389246,1,0.1,1.5
2013,114,9.091815117761276e-5,2.802687609777865e-4,0.03005815228158207,0.0011218990085292441,0.3194719512196586,8.11632504389287,8.604671467608904,1,0.1,1.5
2013,113,9.13426677909883e-5,2.805789772999647e-4,0.03040900070250528,0.0011227262245181097,0.3229956379744575,8.423281735802783,8.927667105583362,1,0.1,1.5
2013,112,9.200910956291632e-5,2.81215005837578e-4,0.03080655942237757,0.001124846625441941,0.3270083211948402,8.734220819491311,9.254675426778203,1,0.1,1.5
2013,111,9.284534809936176e-5,2.814817506287245e-4,0.031175582121092598,0.0011254789779867763,0.33071080673004294,9.048853355107259,9.585386233508245,1,0.1,1.5
2013,110,9.357403999398109e-5,2.8241187510260284e-4,0.03163126134518408,0.0011287516217768914,0.33532413806443745,9.368052470003455,9.920710371572683,1,0.1,1.5
2013,109,9.461904786567915e-5,2.8589135069082575e-4,0.03239270864927526,0.0011421929491775699,0.3431661214960128,9.69490154936836,10.263876493068697,1,0.1,1.5
2013,108,9.680993256055058e-5,2.9199115473234783e-4,0.033483104814441084,0.0011660681862610733,0.3544736165933614,10.032717049015135,10.618350109662059,1,0.1,1.5
2013,107,1.002973031437515e-4,3.0074221873954417e-4,0.03492347880052351,0.0012004802276206776,0.3694587925988313,10.385026124076527,10.98780890226089,1,0.1,1.5
2013,106,1.052787964286831e-4,3.12090220128737e-4,0.03672768143733386,0.0012451889935815037,0.38825631663293325,10.75549402651544,11.376065218893823,1,0.1,1.5
2013,105,1.1200539294907983e-4,3.258547554578951e-4,0.03889748001014625,0.0012994488463036365,0.4108715728652023,11.147802044433448,11.786936791759025,1,0.1,1.5
2013,104,1.2078554187489775e-4,3.416853686082996e-4,0.041416667437710684,0.0013618342209710298,0.43711882634307353,11.565466096191221,12.2240556181021,1,0.1,1.5
2013,103,1.3198617346202014e-4,3.590132919331471e-4,0.044243699598211145,0.0014300492917333181,0.4665443952799412,12.011581215874973,12.69060001338204,1,0.1,1.5
2013,102,1.4602202388434211e-4,3.7703024243229965e-4,0.04730631903885491,0.0015008469133894376,0.4983715110200726,12.488512056703767,13.188971524402113,1,0.1,1.5
2013,101,1.6334010276924227e-4,3.9466286832186303e-4,0.05049406100145153,0.0015699318885257609,0.5314237305070909,12.997508188803346,13.720395254909205,1,0.1,1.5
2013,100,1.8435643015790414e-4,4.106966911871679e-4,0.05366833403925203,0.0016324603766527815,0.5642340741147751,13.53842140039451,14.28462932902398,1,0.1,1.5
2013,99,2.0946298636496464e-4,4.236995374081535e-4,0.05664587743112155,0.0016827422969945675,0.5948745873475579,14.109256812070717,14.879503916371538,1,0.1,1.5
2013,98,2.386986777674896e-4,4.3310906189444664e-4,0.05934019999618943,0.0017185639800992934,0.6224431370341023,14.7071490351034,15.50194705340564,1,0.1,1.5
2013,97,2.735450781808852e-4,4.3775317564977997e-4,0.06156337475679102,0.0017353110249688564,0.644983800209417,15.327342677813263,16.146930853615057,1,0.1,1.5
2013,96,3.15752856364506e-4,4.3572995969419975e-4,0.06299007820311446,0.0017255110234600274,0.6591187410103299,15.961811261345593,16.806049594625385,1,0.1,1.5
2013,95,3.6499349100483974e-4,4.274381657752854e-4,0.06358999136354057,0.0016908385425986614,0.6645724606099997,16.602228885632755,17.470622055235385,1,0.1,1.5
2013,94,4.1905823642545445e-4,4.182557815951466e-4,0.06410009686951047,0.0016526346233514371,0.6690719647165508,17.247691784301427,18.139694019951936,1,0.1,1.5
2013,93,4.8244847594487646e-4,4.0867306908322847e-4,0.0645876385668342,0.0016128453977542435,0.673325397215817,17.897976532977896,18.81301941716775,1,0.1,1.5
2013,92,6.029918506527495e-4,3.9872310377083976e-4,0.0650521284209443,0.001571605112628339,0.6773620114232295,18.55288704279215,19.490381428590982,1,0.1,1.5
2013,91,7.907735232346679e-4,3.8842695263399386e-4,0.06549396145052912,0.0015290002498652014,0.6811939270928141,19.212238109172603,20.171575355683796,1,0.1,1.5
2013,90,0.0010414617850304983,3.777998519514323e-4,0.06591361796774851,0.0014850941324854744,0.6848241165177646,19.87584659522629,20.85639947220156,1,0.1,1.5
2013,89,0.0013484144448885575,3.668581986424756e-4,0.06631195518780357,0.001439954526513644,0.6882578557779143,20.54353367205401,21.544657327979472,1,0.1,1.5
2013,88,0.0017028060738419133,3.556191312193005e-4,0.06669017308341307,0.0013936519512627726,0.6915024397850198,21.21512679824956,22.23615976776449,1,0.1,1.5
2013,87,0.0020938867977229147,3.4408124865586726e-4,0.0670460073893188,0.0013461842673748445,0.6945280147312025,21.890423609161125,22.930687782495692,1,0.1,1.5
2013,86,0.0025291127635232425,3.322486824653783e-4,0.06737648102241617,0.0012975713847497537,0.6973101062923512,22.569196981385623,23.627997888788045,1,0.1,1.5
2013,85,0.003022913070043806,3.2014677023344993e-4,0.06768218058530819,0.0012479161552309834,0.6998659225816025,23.25123553032107,24.327863811369646,1,0.1,1.5
2013,84,0.003572266014939471,3.0779350666345354e-4,0.06796352759421352,0.0011972924844847964,0.7021989000351788,23.936330252006467,25.030062711404824,1,0.1,1.5
2013,83,0.004172172715696933,2.9520765242067295e-4,0.06822129406249686,0.0011457770944180903,0.7043147098322793,24.62427671763277,25.734377421237102,1,0.1,1.5
2013,82,0.004815657340267675,2.824084653150147e-4,0.06845660605524077,0.0010934484277485604,0.7062212752573823,25.314877301065174,26.440598696494483,1,0.1,1.5
2013,81,0.0054937872513675535,2.69415353502405e-4,0.06867092661744988,0.0010403852538387348,0.7079285910271783,26.007943245608942,27.148527287521663,1,0.1,1.5
2013,80,0.0061734616341954885,2.562395225527834e-4,0.06886528830253305,9.866345016862855e-4,0.7094256979358402,26.703274164949264,27.8579529854575,1,0.1,1.5
2013,79,0.006844604556394974,2.429023381758554e-4,0.06904182718321267,9.322821973494107e-4,0.71072868202314,27.400684529867412,28.568681667480643,1,0.1,1.5
2013,78,0.00751361466098227,2.294299436034953e-4,0.06920354646795392,8.774321275538677e-4,0.7118735852355699,28.10002337042364,29.280555252716212,1,0.1,1.5
2013,77,0.008166211697511217,2.1583953862924877e-4,0.06935300501502643,8.221530866835032e-4,0.7128776307637095,28.801155957091872,29.993432883479922,1,0.1,1.5
2013,76,0.008787170376952902,2.0214679271450073e-4,0.06949286727456672,7.665075477193035e-4,0.7137583620820089,29.50396421134932,30.70719124556193,1,0.1,1.5
2013,75,0.009360877582253783,1.883498387995285e-4,0.06961968287073336,7.104914570925562e-4,0.7144707901086299,30.208285123499486,31.42166203567056,1,0.1,1.5
2013,74,0.00990134123530219,1.7445488887475738e-4,0.06972951817770705,6.541322913436315e-4,0.7149853718418809,30.91392574832217,32.13664740751244,1,0.1,1.5
2013,73,0.010430239219584653,1.604845930626978e-4,0.06982410815508289,5.975193991063234e-4,0.7153354117103169,31.620725168616683,32.851982819222755,1,0.1,1.5
2013,72,0.01094333046363602,1.464529954501548e-4,0.0699042105083639,5.407091972539566e-4,0.7155266057841925,32.32852735729725,33.567509425006946,1,0.1,1.5
2013,71,0.011436329974013604,1.323736470575406e-4,0.06997060847083163,4.837560052977788e-4,0.7155648412372498,33.03718139845881,34.2830742662442,1,0.1,1.5
2013,70,0.01190494062748788,1.1825956640949692e-4,0.07002410354253247,4.26711895131601e-4,0.7154561423905772,33.74654165663323,34.99853040863478,1,0.1,1.5
2013,69,0.012344886190564777,1.041232076589046e-4,0.07006550759000026,3.696265719359054e-4,0.715206611702719,34.45646788873686,35.7137370203375,1,0.1,1.5
2013,68,0.012751945479591274,8.997643750649938e-5,0.07009563467312391,3.125472908946177e-4,0.7148223693911927,35.16682529682956,36.42855938972869,1,0.1,1.5
2013,67,0.013121987590356252,7.583052116921508e-5,0.07011529264257463,2.555188106037826e-4,0.7143094920872538,35.8774845201939,37.14286888181594,1,0.1,1.5
2013,66,0.01345100817199879,6.169611814872175e-5,0.07012527531764608,1.9858338552103958e-4,0.7136739586467239,36.58832157333318,37.856542840462666,1,0.1,1.5
2013,65,0.013735163050711197,4.7583283422301085e-5,0.07012634987492516,1.417807836608478e-4,0.712921546717199,37.299217680283796,38.56946438717986,1,0.1,1.5
2013,64,0.01397082421089456,3.350132908999225e-5,0.07011882798893791,8.514803231037807e-5,0.7120535764491189,38.01005485627134,39.281517963628986,1,0.1,1.5
2013,63,0.014156619385626764,1.945938120533641e-5,0.07010261883218045,2.8721528854145154e-5,0.7110688359460016,38.72071338466228,39.99258679957499,1,0.1,1.5
2013,62,0.014293555797178744,5.5610300988261285e-6,0.07007796004399244,3.057971588988728e-9,0.7103642916243402,39.431077632601315,40.702951091199324,1,0.1,1.5
2013,61,0.014381997663121843,3.878756496067986e-8,0.07005358203306802,0,0.7101242066484111,40.141201839249725,41.41307529784773,1,0.1,1.5
2013,60,0.014422593205688047,2.4039198307060457e-10,0.07003656154359375,0,0.7099806799769827,40.851182519226704,42.12305597782471,1,0.1,1.5
2013,59,0.014416253186073598,1.216601470869876e-12,0.07002674297075079,0,0.7098782651770562,41.56106078440376,42.832934243001766,1,0.1,1.5
2013,58,0.014364130186678955,4.008532441647057e-15,0.07002392474726912,0,0.7098153342638506,42.27087611866761,43.54274957726562,1,0.1,1.5
2013,57,0.014267588057521598,4.6075513012297245e-18,0.07002809001675737,0,0.7097926255392548,42.980668744206866,44.252542202804875,1,0.1,1.5
2013,56,0.014128158199904888,2.1096458168400953e-20,0.07003839318191799,0,0.7098027039524497,43.69047144815932,44.96234490675732,1,0.1,1.5
2013,55,0.013951118016842803,7.066196992636089e-23,0.07005956549110812,0,0.7098964002556429,44.400367848414966,45.67224130701297,1,0.1,1.5
2013,54,0.013713438286392123,6.111342207657083e-26,0.07048397865447134,0,0.7139820787356415,45.114349927150606,46.38622338574861,1,0.1,1.5
2013,53,0.011543807283382081,1.4034102725992165e-28,0.07037671676007265,0,0.7114630391229811,45.82581296627358,47.09768642487159,1,0.1,1.5
2013,52,0.23087614566764164,2.1329842469453035e-31,1.2560025277454185,0,12.71394270789928,58.53975567417286,59.81162913277087,20,0.1,1.5
2013,51,0.23087614566764164,4.9894534333692334e-88,1.0637143993805778,0,10.791061424250872,69.33081709842372,70.60269055702175,20,0.1,1.5
2013,50,0.23087614566764164,5.409732407192102e-118,1.1792520537651545,0,11.946437968096639,81.27725506652035,82.54912852511839,20,0.1,1.5
2013,49,0.23087614566764164,7.75843450946578e-152,1.2999671178674048,0,13.153588609119142,94.4308436756395,95.70271713423753,20,0.1,1.5
2013,48,0.23087614566764164,4.033626724420784e-174,1.3860833563523636,0,14.014750993968729,108.44559466960823,109.71746812820626,20,0.1,1.5
2013,47,0.23087614566764164,3.567547584765193e-176,1.389960928030776,0,14.053526710752855,122.49912138036107,123.77099483895913,20,0.1,1.5
2013,46,0.23087614566764164,3.567547584765238e-216,1.3871836455165953,0,14.025753885611048,136.52487526597213,137.79674872457016,20,0.1,1.5
2013,45,0.23087614566764164,3.567547584765284e-256,1.384411912293771,0,13.998036553382804,150.52291181935493,151.79478527795297,20,0.1,1.5
2013,44,0.23087614566764164,3.567547584765329e-296,1.3816457172742576,0,13.97037460318767,164.4932864225426,165.76515988114065,20,0.1,1.5
2013,43,0.23087614566764164,0,1.378885049392165,0,13.942767924366743,178.43605434690934,179.70792780550738,20,0.1,1.5
2013,42,0.23087614566764164,0,1.3761298976037137,0,13.915216406482232,192.35127075339156,193.62314421198963,20,0.1,1.5
2013,41,0.23087614566764164,0,1.3733802508871906,0,13.887719939317,206.23899069270857,207.51086415130663,20,0.1,1.5
2013,40,0.23087614566764164,0,1.370636098242906,0,13.860278412874154,220.09926910558272,221.3711425641808,20,0.1,1.5
2013,39,0.23087614566764164,0,1.3678974286931458,0,13.832891717376551,233.93216082295928,235.20403428155734,20,0.1,1.5
2013,38,0.23087614566764164,0,1.3651642312821333,0,13.805559743266427,247.7377205662257,249.00959402482377,20,0.1,1.5
2013,37,0.23087614566764164,0,1.3624364950759829,0,13.778282381204923,261.51600294743065,262.7878764060287,20,0.1,1.5
2013,36,0.23087614566764164,0,1.3597142091626542,0,13.751059522071635,275.2670624695023,276.53893592810033,20,0.1,1.5
2013,35,0.23087614566764164,0,1.356997362651911,0,13.723891056964204,288.99095352646657,290.2628269850645,20,0.1,1.5
2013,34,0.23087614566764164,0,1.3542859446752773,0,13.696776877197866,302.6877304036645,303.9596038622624,20,0.1,1.5
2013,33,0.23087614566764164,0,1.3515799443859913,0,13.669716874305006,316.3574472779695,317.62932073656737,20,0.1,1.5
2013,32,0.23087614566764164,0,1.3488793509589672,0,13.642710940034766,330.00015821800434,331.2720316766021,20,0.1,1.5
2013,31,0.23087614566764164,0,1.3461841535907466,0,13.61575896635256,343.61591718435693,344.8877906429547,20,0.1,1.5
2013,30,0.23087614566764164,0,1.343494341499459,0,13.588860845439683,357.2047780297966,358.4766514883944,20,0.1,1.5
2013,29,0.23087614566764164,0,1.340809903924777,0,13.562016469692864,370.7667944994895,372.0386679580873,20,0.1,1.5
2013,28,0.23087614566764164,0,1.3381308301278714,0,13.535225731723807,384.3020202312133,385.5738936898111,20,0.1,1.5
2013,27,0.23087614566764164,0,1.3354571093913716,0,13.50848852435881,397.81050875557213,399.0823822141699,20,0.1,1.5
2013,26,0.23087614566764164,0,1.332788731019323,0,13.481804740638323,411.29231349621045,412.56418695480824,20,0.1,1.5
2013,25,0.23087614566764164,0,1.330125684337139,0,13.455174273816484,424.74748777002696,426.01936122862475,20,0.1,1.5
2013,24,0.23087614566764164,0,1.3274679586915654,0,13.428597017360747,438.17608478738777,439.4479582459855,20,0.1,1.5
2013,23,0.23087614566764164,0,1.3248155434506335,0,13.402072864951428,451.5781576523392,452.8500311109369,20,0.1,1.5
2013,22,0.23087614566764164,0,1.3221684280036174,0,13.375601710481268,464.9537593628205,466.2256328214182,20,0.1,1.5
2013,21,0.23087614566764164,0,1.3195266017609917,0,13.34918344805501,478.30294281087555,479.57481626947316,20,0.1,1.5
2013,20,0.23087614566764164,0,1.3168900541543929,0,13.322817971989023,491.6257607828646,492.8976342414622,20,0.1,1.5
2013,19,0.23087614566764164,0,1.3142587746365697,0,13.296505176810792,504.92226595967537,506.194139418273,20,0.1,1.5
2013,18,0.23087614566764164,0,1.3116327526813505,0,13.2702449572586,518.1925109169339,519.4643843755316,20,0.1,1.5
2013,17,0.23087614566764164,0,1.3090119777835918,0,13.244037208281012,531.4365481252148,532.7084215838127,20,0.1,1.5
2013,16,0.23087614566764164,0,1.3063964394591427,0,13.217881825036521,544.6544299502513,545.9263034088492,20,0.1,1.5
2013,15,0.23087614566764164,0,1.303786127244801,0,13.191778702893105,557.8462086531443,559.1180821117423,20,0.1,1.5
2013,14,0.23087614566764164,0,1.3011810306982694,0,13.165727737427789,571.0119363905721,572.2838098491701,20,0.1,1.5
2013,13,0.23087614566764164,0,1.298581139398116,0,13.139728824426253,584.1516652149984,585.4235386735963,20,0.1,1.5
2013,12,0.23087614566764164,0,1.2959864429437309,0,13.113781859882403,597.2654470748807,598.5373205334787,20,0.1,1.5
2013,11,0.23087614566764164,0,1.2933969309552882,0,13.087886739997975,610.3533338148787,611.6252072734767,20,0.1,1.5
2013,10,0.23087614566764164,0,1.2908125930737007,0,13.0620433611821,623.4153771760608,624.6872506346588,20,0.1,1.5
2013,9,0.23087614566764164,0,1.2882334189605786,0,13.03625162005088,636.4516287961117,637.7235022547096,20,0.1,1.5
2013,8,0.23087614566764164,0,1.2856593982981914,0,13.010511413427007,649.4621402095387,650.7340136681366,20,0.1,1.5
2013,7,0.23087614566764164,0,1.2830905207894228,0,12.984822638339322,662.446962847878,663.718836306476,20,0.1,1.5
2013,6,0.23087614566764164,0,1.2805267761577317,0,12.95918519202241,675.4061480399004,676.6780214984984,20,0.1,1.5
2013,5,0.23087614566764164,0,1.2779681541471106,0,12.9335989719162,688.3397470118165,689.6116204704147,20,0.1,1.5
2013,4,0.23087614566764164,0,1.2754146445220447,0,12.90806387566554,701.247810887482,702.5196843460802,20,0.1,1.5
2013,3,0.23087614566764164,0,1.2728662370674702,0,12.882579801119796,714.1303906886018,715.4022641472001,20,0.1,1.5
2013,2,0.011543807283382081,0,5.40858430003051e-4,0,0.01310445582228523,714.1434951444242,715.4153686030223,1,0.1,1.5
2013,1,150,0,1.285080832124406,0,112.85080832124406,826.9943034656682,828.2661769242663,99999,0.1,1.5
2014,139,1.9705040691417794e-4,0.03927844504493916,0.03927844504493916,0,0.785700267836726,0,0,1,0.1,1.5
2014,138,1.8972862574111727e-4,3.861740292423046e-4,0.03861354118393801,0.00187675964760458,0.4169344899909341,0.3901236378822972,0.4169344899909341,1,0.1,1.5
2014,137,1.8270952667634436e-4,4.5687232566727704e-4,0.0383898183884349,0.0018485059005699757,0.41499594064313894,0.7787123513744365,0.831930430634073,1,0.1,1.5
2014,136,1.7598131431429813e-4,4.5031928424958266e-4,0.03813286866747986,0.0018153771753860984,0.41188316004187675,1.1646615517679404,1.2438135906759498,1,0.1,1.5
2014,135,1.6953535709258283e-4,4.42030612830298e-4,0.03784375398187987,0.0017811454111709133,0.40841580396379545,1.5476324212864372,1.6522293946397453,1,0.1,1.5
2014,134,1.6336468272451734e-4,4.3350060897042467e-4,0.037525386718258766,0.0017460778296888692,0.4046417520563302,1.927330204347212,2.0568711466960754,1,0.1,1.5
2014,133,1.5746869924060058e-4,4.2479860250980387e-4,0.03718032892460772,0.00171034830310845,0.4005898015912659,2.3034864587512143,2.4574609482873413,1,0.1,1.5
2014,132,1.518416855770233e-4,4.1602824430370507e-4,0.036816718617936534,0.0016743731775760741,0.39634831323530245,2.6759151551640015,2.8538092615226436,1,0.1,1.5
2014,131,1.4651592188159846e-4,4.0726056789969434e-4,0.03644028226351741,0.001638438651837465,0.39197937205024624,3.044488260759427,3.24578863357289,1,0.1,1.5
2014,130,1.4149865906933965e-4,3.9848779220521825e-4,0.036049917715770076,0.0016025135017348798,0.3874714375439165,3.409066648278559,3.633260071116806,1,0.1,1.5
2014,129,1.3675023599015403e-4,3.896931257291306e-4,0.03564365277613063,0.001566530350126208,0.382803630844394,3.76949127412115,4.0160637019612,1,0.1,1.5
2014,128,1.322315569196459e-4,3.8084601709548763e-4,0.03521814554236532,0.0015303666682837955,0.3779404509413707,4.1255693440870385,4.394004152902571,1,0.1,1.5
2014,127,1.279018102901947e-4,3.719060618306763e-4,0.03476896700532316,0.0014938605914515484,0.37283486413723016,4.477063342632103,4.766839017039802,1,0.1,1.5
2014,126,1.23720720195679e-4,3.6280424088266916e-4,0.034288755552743466,0.0014567356884857025,0.3674085882519018,4.823661421048495,5.134247605291703,1,0.1,1.5
2014,125,1.1963921492872403e-4,3.5347905304149564e-4,0.03377051132829428,0.0014187462135594167,0.36158746634082567,5.164981084338471,5.495835071632529,1,0.1,1.5
2014,124,1.1561821479923121e-4,3.4377271843271946e-4,0.03319756159946199,0.00137926065537311,0.35519414563700047,5.500471506327285,5.851029217269529,1,0.1,1.5
2014,123,1.11579602478561e-4,3.3367652551565506e-4,0.03256705073882285,0.001338246395314639,0.3481994646923894,5.829553165372323,6.199228681961919,1,0.1,1.5
2014,122,1.0752209555897999e-4,3.2280149149837255e-4,0.03183837142366353,0.0012941465345733389,0.3401712181854204,6.151236575920981,6.539399900147339,1,0.1,1.5
2014,121,1.0328346784523969e-4,3.122100682452158e-4,0.031114389933724017,0.0012512226716758414,0.3322094652602917,6.465571431585904,6.871609365407631,1,0.1,1.5
2014,120,9.932212979683068e-5,3.034307298667496e-4,0.030550589394993725,0.001215595138904886,0.32597206084330105,6.774177847587707,7.197581426250932,1,0.1,1.5
2014,119,9.62260267864903e-5,2.964065067095906e-4,0.03014818779181727,0.0011870251907083783,0.3214675963941983,7.0786879412575,7.51904902264513,1,0.1,1.5
2014,118,9.390931573591983e-5,2.9105733627708355e-4,0.029905832482617103,0.001165182243479662,0.31867696502057047,7.380719445656932,7.8377259876657,1,0.1,1.5
2014,117,9.22954497642281e-5,2.8725756215624166e-4,0.029817135775698944,0.0011495539214911841,0.3175276625568401,7.681824909335327,8.15525365022254,1,0.1,1.5
2014,116,9.130967607481812e-5,2.848480879415566e-4,0.029871735814002823,0.0011394949485836257,0.3179052114023074,7.983451621472153,8.473158861624848,1,0.1,1.5
2014,115,9.087992059173088e-5,2.8359855293395614e-4,0.03005110067665196,0.001134076122164106,0.3196086663690742,8.286859200381741,8.792767527993922,1,0.1,1.5
2014,114,9.091815117761276e-5,2.832774397420889e-4,0.030335621218486226,0.0011323650914666695,0.3224262428468777,8.59310879906481,9.115193770840799,1,0.1,1.5
2014,113,9.13426677909883e-5,2.8348734590252707e-4,0.030686641358564557,0.001132768268935568,0.32594458599846815,8.902870981221342,9.441138356839266,1,0.1,1.5
2014,112,9.200910956291632e-5,2.84023806418861e-4,0.03108469042279582,0.0011344653978964995,0.3299551302399006,9.216619462919866,9.771093487079167,1,0.1,1.5
2014,111,9.284534809936176e-5,2.841845620029813e-4,0.031453834307377186,0.0011346505514671999,0.33365137918492316,9.534061548512401,10.10474486626409,1,0.1,1.5
2014,110,9.357403999398109e-5,2.8501202419524885e-4,0.03191028612449378,0.0011374850226296928,0.33826515021778664,9.85607691269262,10.443010016481876,1,0.1,1.5
2014,109,9.461904786567915e-5,2.884071508013007e-4,0.03267501761570472,0.001150545558734264,0.34613369215507916,10.185774239722925,10.789143708636956,1,0.1,1.5
2014,108,9.680993256055058e-5,2.944369581125918e-4,0.03377127355052491,0.001174080240054635,0.35749421989933866,10.52649588476434,11.146637928536295,1,0.1,1.5
2014,107,1.002973031437515e-4,3.0312747909256487e-4,0.03522010650954863,0.0012081712126543228,0.372558793507379,10.881795089519514,11.519196722043674,1,0.1,1.5
2014,106,1.052787964286831e-4,3.144181505966633e-4,0.037035305917585505,0.0012525527017375792,0.39146103657093,11.255362516065622,11.910657758614605,1,0.1,1.5
2014,105,1.1200539294907983e-4,3.2812075913048807e-4,0.039218452473721147,0.0013064477934215054,0.4142039424965039,11.650902918656104,12.324861701111109,1,0.1,1.5
2014,104,1.2078554187489775e-4,3.4387540892884044e-4,0.04175298432620967,0.0013683941573063765,0.440597609007488,12.071952039702072,12.765459310118597,1,0.1,1.5
2014,103,1.3198617346202014e-4,3.61102455852661e-4,0.04459678755118465,0.0014360548943413262,0.470181960771843,12.521618930554753,13.23564127089044,1,0.1,1.5
2014,102,1.4602202388434211e-4,3.789820307716824e-4,0.04767680013529839,0.0015061406875782782,0.5021714652134561,13.002274100231377,13.737812736103896,1,0.1,1.5
2014,101,1.6334010276924227e-4,3.9642960081465883e-4,0.050881494567482824,0.0015743179251591758,0.5353783911585235,13.515162235316197,14.27319112726242,1,0.1,1.5
2014,100,1.8435643015790414e-4,4.1222206107506705e-4,0.05407108230001131,0.0016357161436728585,0.5683233213786765,14.060118183213833,14.841514448641096,1,0.1,1.5
2014,99,2.0946298636496464e-4,4.249225696227234e-4,0.05706089841762708,0.0016846368538394332,0.5990640926325428,14.63511603507724,15.440578541273638,1,0.1,1.5
2014,98,2.386986777674896e-4,4.339720856437678e-4,0.059763906971214635,0.0017188846746930965,0.6266934183731874,15.23725395809767,16.067271959646824,1,0.1,1.5
2014,97,2.735450781808852e-4,4.382052879987119e-4,0.061991046175557556,0.0017338825376264156,0.6492446285585368,15.861728836118687,16.716516588205362,1,0.1,1.5
2014,96,3.15752856364506e-4,4.3573505546194886e-4,0.06341515695115915,0.0017222343181314795,0.6633227693723323,16.50044825808914,17.379839357577694,1,0.1,1.5
2014,95,3.6499349100483974e-4,4.269840173074182e-4,0.06400634200005388,0.0016857111910638244,0.6686581776113852,17.145024847256757,18.048497535189078,1,0.1,1.5
2014,94,4.1905823642545445e-4,4.1734121365381074e-4,0.06450684551566138,0.001645659562070631,0.6730306617660635,17.794546086707527,18.72152819695514,1,0.1,1.5
2014,93,4.8244847594487646e-4,4.0729808012939314e-4,0.06498439115241607,0.0016040267258504743,0.6771531921549008,18.448784611350277,19.398681389110042,1,0.1,1.5
2014,92,6.029918506527495e-4,3.968885091947931e-4,0.06543852448625928,0.0015609500589283927,0.6810554110777625,19.107540735871922,20.079736800187803,1,0.1,1.5
2014,91,7.907735232346679e-4,3.861343319926403e-4,0.06586966211685036,0.0015165190390210987,0.6847497045375545,19.770625882709172,20.764486504725358,1,0.1,1.5
2014,90,0.0010414617850304983,3.750515316408829e-4,0.06627830013907311,0.0014707999519550992,0.6882392524488997,20.437853707273,21.452725757174257,1,0.1,1.5
2014,89,0.0013484144448885575,3.6365721361483576e-4,0.0666653126239132,0.0014238633535814972,0.6915295463897037,21.109042348611542,22.14425530356396,1,0.1,1.5
2014,88,0.0017028060738419133,3.519691791278862e-4,0.06703191705392043,0.001375782352135486,0.6946280999816467,21.784016414991253,22.838883403545605,1,0.1,1.5
2014,87,0.0020938867977229147,3.399868793302698e-4,0.06737584885542358,0.0013265583208657548,0.6975051150345788,22.462570696870607,23.536388518580182,1,0.1,1.5
2014,86,0.0025291127635232425,3.277153330120922e-4,0.06769413622050136,0.0012762147809608014,0.7001362304388281,23.144475287581425,24.23652474901901,1,0.1,1.5
2014,85,0.003022913070043806,3.151805065100803e-4,0.0679873914060574,0.0012248569557960698,0.7025389510170764,23.829516282087127,24.939063700036087,1,0.1,1.5
2014,84,0.003572266014939471,3.024010561878336e-4,0.0682560543625753,0.001172561311519067,0.7047169407431014,24.517482346951386,25.643780640779188,1,0.1,1.5
2014,83,0.004172172715696933,2.893963501287293e-4,0.06850091620669513,0.0011194068959933696,0.7066761011309893,25.208166920996753,26.350456741910175,1,0.1,1.5
2014,82,0.004815657340267675,2.761861915902903e-4,0.06872312250157239,0.0010654742138370564,0.7084245853561442,25.901370446155223,27.05888132726632,1,0.1,1.5
2014,81,0.0054937872513675535,2.6279046699470777e-4,0.06892415583824782,0.0010108438138032856,0.7099726137981458,26.59690243404189,27.768853941064467,1,0.1,1.5
2014,80,0.0061734616341954885,2.492210206470992e-4,0.06910506039912437,9.555651305424139e-4,0.7113093857234984,27.29456088932907,28.480163326787967,1,0.1,1.5
2014,79,0.006844604556394974,2.3549957271911122e-4,0.06926799354983171,8.997254365769327e-4,0.712451221452299,27.99415889025884,29.192614548240265,1,0.1,1.5
2014,78,0.00751361466098227,2.2165233132450188e-4,0.06941598414519559,8.434285264127452e-4,0.7134344201546091,28.695544331464696,29.906048968394874,1,0.1,1.5
2014,77,0.008166211697511217,2.076966670571683e-4,0.06955160798619581,7.867437096702834e-4,0.7142763835166365,29.3985815191289,30.62032535191151,1,0.1,1.5
2014,76,0.008787170376952902,1.936483548569709e-4,0.06967754487476908,7.297337151538157e-4,0.714994813240236,30.103151565009796,31.335320165151746,1,0.1,1.5
2014,75,0.009360877582253783,1.7950636266113434e-4,0.06979034376671943,6.723979025925336e-4,0.7155447706713919,30.80909065135844,32.050864935823135,1,0.1,1.5
2014,74,0.00990134123530219,1.6527762172465545e-4,0.06988607829872519,6.147666182606203e-4,0.7158968336222324,31.516205104719806,32.76676176944537,1,0.1,1.5
2014,73,0.010430239219584653,1.5098469570720783e-4,0.06996650559404397,5.569286151169573e-4,0.7160845187836675,32.22433350043037,33.482846288229034,1,0.1,1.5
2014,72,0.01094333046363602,1.3664182926799068e-4,0.07003239738662656,4.989409706860825e-4,0.7161136739540277,32.933319446231735,34.19895996218306,1,0.1,1.5
2014,71,0.011436329974013604,1.222627377950201e-4,0.07008455041130898,4.408585194340406e-4,0.7159903303227734,33.64301179770545,34.914950292505836,1,0.1,1.5
2014,70,0.01190494062748788,1.0786056944699521e-4,0.07012377910596111,3.827337091746024e-4,0.7157206482558529,34.35326482154452,35.63067094076169,1,0.1,1.5
2014,69,0.012344886190564777,9.344787506056539e-5,0.07015090768222523,3.246164898484511e-4,0.7153108581263075,35.06393830124442,36.345981798888,1,0.1,1.5
2014,68,0.012751945479591274,7.903658709871942e-5,0.07016676193238025,2.6655423903782427e-4,0.7147671998817242,35.774897583425606,37.060748998769725,1,0.1,1.5
2014,67,0.013121987590356252,6.46380078626378e-5,0.07017216081596131,2.085917249662647e-4,0.714095861750376,36.48601356339075,37.7748448605201,1,0.1,1.5
2014,66,0.01345100817199879,5.026280756174711e-5,0.07016790863649457,1.5077110868170953e-4,0.7133029262030629,37.197162616612644,38.48814778672316,1,0.1,1.5
2014,65,0.013735163050711197,3.592102874943496e-5,0.07015478243585288,9.313197532265184e-5,0.7123942668034876,37.90822642662581,39.20054205352665,1,0.1,1.5
2014,64,0.01397082421089456,2.1622021368494438e-5,0.07013310311421661,3.571138487651988e-5,0.7113712968042072,38.61908756078892,39.911913350330856,1,0.1,1.5
2014,63,0.014156619385626764,7.374976025589653e-6,0.07010278895251078,4.3887450704654203e-7,0.7105456551782631,39.329626946331366,40.62245900550912,1,0.1,1.5
2014,62,0.014293555797178744,5.6374793885508496e-8,0.07007095301248094,0,0.7102391310708673,40.03986607740224,41.332698136579985,1,0.1,1.5
2014,61,0.014381997663121843,3.878756496067988e-10,0.07004657667486472,0,0.7100537690694849,40.74991984647172,42.04275190564947,1,0.1,1.5
2014,60,0.014422593205688047,2.403919830706047e-12,0.07002955788743939,0,0.7099106410355585,41.459830487507276,42.75266254668502,1,0.1,1.5
2014,59,0.014416253186073598,1.2166014708698767e-14,0.07001974029645372,0,0.7098082384220412,42.16963872592932,43.462470785107065,1,0.1,1.5
2014,58,0.014364130186678955,4.0085324416470596e-17,0.0700169223547944,0,0.7097453103390636,42.879384036268384,44.17221609544613,1,0.1,1.5
2014,57,0.014267588057521598,4.607551301229727e-20,0.0700210872077557,0,0.709722597449238,43.58910663371762,44.88193869289537,1,0.1,1.5
2014,56,0.014128158199904888,2.1096458168400964e-22,0.0700313893425998,0,0.7097326655592678,44.29883929927689,45.59167135845463,1,0.1,1.5
2014,55,0.013951118016842803,7.066196992636093e-25,0.07005255953455901,0,0.7098263406901518,45.00866563996704,46.30149769914478,1,0.1,1.5
2014,54,0.013713438286392123,6.111342207657086e-28,0.0704769302566059,0,0.7139115947569871,45.72257723472403,47.01540929390177,1,0.1,1.5
2014,53,0.011543807283382081,1.4034102725992172e-30,0.07036967908839664,0,0.7113926624062211,46.43396989713025,47.72680195630799,1,0.1,1.5
2014,52,0.23087614566764164,2.1329842469453045e-33,1.255876927492644,0,12.712686705371533,59.14665660250178,60.43948866167952,20,0.1,1.5
2014,51,0.23087614566764164,4.989453433369236e-90,1.0636080279406397,0,10.789997709851491,69.93665431235327,71.22948637153101,20,0.1,1.5
2014,50,0.23087614566764164,5.409732407192105e-120,1.179134128559778,0,11.945258716042874,81.88191302839614,83.17474508757388,20,0.1,1.5
2014,49,0.23087614566764164,7.758434509465784e-154,1.2998371211556181,0,13.152288642001276,95.03420167039741,96.32703372957516,20,0.1,1.5
2014,48,0.23087614566764164,4.033626724420786e-176,1.3859447480167284,0,14.013364910612378,109.04756658100979,110.34039864018754,20,0.1,1.5
2014,47,0.23087614566764164,3.567547584765195e-178,1.389821931937973,0,14.052136749824824,123.09970333083461,124.39253539001237,20,0.1,1.5
2014,46,0.23087614566764164,3.56754758476524e-218,1.3870449271520437,0,14.024366701965532,137.12407003280015,138.4169020919779,20,0.1,1.5
2014,45,0.23087614566764164,3.567547584765286e-258,1.3842734711025417,0,13.996652141470511,151.12072217427067,152.41355423344842,20,0.1,1.5
2014,44,0.23087614566764164,3.567547584765331e-298,1.3815075527025302,0,13.968992957470396,165.08971513174106,166.3825471909188,20,0.1,1.5
2014,43,0.23087614566764164,0,1.3787471608872257,0,13.94138903931735,179.03110417105842,180.32393623023617,20,0.1,1.5
2014,42,0.23087614566764164,0,1.3759922846139534,0,13.913840276584628,192.94494444764305,194.2377765068208,20,0.1,1.5
2014,41,0.23087614566764164,0,1.373242912862102,0,13.886346559066114,206.83129100670917,208.12412306588692,20,0.1,1.5
2014,40,0.23087614566764164,0,1.3704990346330816,0,13.85890777677591,220.69019878348507,221.98303084266283,20,0.1,1.5
2014,39,0.23087614566764164,0,1.3677606389502766,0,13.83152381994786,234.52172260343292,235.81455466261067,20,0.1,1.5
2014,38,0.23087614566764164,0,1.365027714859005,0,13.804194579035144,248.32591718246806,249.61874924164582,20,0.1,1.5
2014,37,0.23087614566764164,0,1.3623002514264753,0,13.776919944709846,262.1028371271779,263.3956691863557,20,0.1,1.5
2014,36,0.23087614566764164,0,1.359578237741738,0,13.749699807862473,275.8525369350404,277.1453689942182,20,0.1,1.5
2014,35,0.23087614566764164,0,1.3568616629156458,0,13.722534059601552,289.575070994642,290.86790305381976,20,0.1,1.5
2014,34,0.23087614566764164,0,1.3541505160808098,0,13.695422591253193,303.27049358589517,304.56332564507295,20,0.1,1.5
2014,33,0.23087614566764164,0,1.3514447863915526,0,13.66836529436062,316.9388588802558,318.2316909394336,20,0.1,1.5
2014,32,0.23087614566764164,0,1.3487444630238712,0,13.641362060683806,330.5802209409396,331.8730530001174,20,0.1,1.5
2014,31,0.23087614566764164,0,1.3460495351753876,0,13.61441278219897,344.1946337231386,345.4874657823164,20,0.1,1.5
2014,30,0.23087614566764164,0,1.343359992065309,0,13.587517351098183,357.7821510742368,359.0749831334146,20,0.1,1.5
2014,29,0.23087614566764164,0,1.3406758229343845,0,13.560675659788938,371.3428267340258,372.63565879320356,20,0.1,1.5
2014,28,0.23087614566764164,0,1.3379970170448585,0,13.53388760089368,384.8767143349195,386.16954639409727,20,0.1,1.5
2014,27,0.23087614566764164,0,1.3353235636804326,0,13.507153067249419,398.3838674021689,399.6766994613467,20,0.1,1.5
2014,26,0.23087614566764164,0,1.332655452146221,0,13.480471951907305,411.8643393540762,413.157171413254,20,0.1,1.5
2014,25,0.23087614566764164,0,1.3299926717687052,0,13.453844148132145,425.3181835022084,426.6110155613861,20,0.1,1.5
2014,24,0.23087614566764164,0,1.3273352118956963,0,13.427269549402057,438.74545305161047,440.0382851107882,20,0.1,1.5
2014,23,0.23087614566764164,0,1.3246830618962884,0,13.400748049407978,452.14620110101845,453.4390331601962,20,0.1,1.5
2014,22,0.23087614566764164,0,1.322036211160817,0,13.374279542053264,465.5204806430717,466.81331270224945,20,0.1,1.5
2014,21,0.23087614566764164,0,1.3193946491008155,0,13.347863921453248,478.868344564525,480.1611766237027,20,0.1,1.5
2014,20,0.23087614566764164,0,1.3167583651489774,0,13.321501081934867,492.1898456464599,493.48267770563757,20,0.1,1.5
2014,19,0.23087614566764164,0,1.314127348759106,0,13.295190918036155,505.48503656449606,506.7778686236737,20,0.1,1.5
2014,18,0.23087614566764164,0,1.3115015894060824,0,13.268933324505918,518.753969889002,520.0468019481797,20,0.1,1.5
2014,17,0.23087614566764164,0,1.3088810765858134,0,13.242728196303228,531.9966980853052,533.2895301444829,20,0.1,1.5
2014,16,0.23087614566764164,0,1.3062657998151967,0,13.21657542859706,545.2132735139022,546.5061055730799,20,0.1,1.5
2014,15,0.23087614566764164,0,1.3036557486320766,0,13.19047491676586,558.4037484306681,559.6965804898458,20,0.1,1.5
2014,14,0.23087614566764164,0,1.3010509125951997,0,13.16442655639709,571.5681749870652,572.8610070462429,20,0.1,1.5
2014,13,0.23087614566764164,0,1.2984512812841762,0,13.138430243286855,584.706605230352,585.9994372895297,20,0.1,1.5
2014,12,0.23087614566764164,0,1.2958568442994365,0,13.112485873439459,597.8190911037915,599.1119231629692,20,0.1,1.5
2014,11,0.23087614566764164,0,1.2932675912621927,0,13.08659334306702,610.9056844468585,612.1985165060362,20,0.1,1.5
2014,10,0.23087614566764164,0,1.2906835118143933,0,13.060752548589027,623.9664369954475,625.2592690546252,20,0.1,1.5
2014,9,0.23087614566764164,0,1.2881045956186825,0,13.034963386631919,637.0014003820793,638.2942324412571,20,0.1,1.5
2014,8,0.23087614566764164,0,1.2855308323583616,0,13.00922575402871,650.0106261361079,651.3034581952859,20,0.1,1.5
2014,7,0.23087614566764164,0,1.2829622117373438,0,12.983539547818532,662.9941656839264,664.2869977431044,20,0.1,1.5
2014,6,0.23087614566764164,0,1.280398723480116,0,12.957904665246254,675.9520703491727,677.2449024083506,20,0.1,1.5
2014,5,0.23087614566764164,0,1.2778403573316959,0,12.932321003762052,688.8843913529347,690.1772234121127,20,0.1,1.5
2014,4,0.23087614566764164,0,1.2752871030575925,0,12.90678846102102,701.7911798139556,703.0840118731337,20,0.1,1.5
2014,3,0.23087614566764164,0,1.2727389504437634,0,12.881306934882728,714.6724867488383,715.9653188080164,20,0.1,1.5
2014,2,0.011543807283382081,0,5.408043441600507e-4,0,0.013103914963855228,714.6855906638021,715.9784227229802,1,0.1,1.5
2014,1,150,0,1.2849523240411935,0,112.84952324041194,827.5351139042141,828.8279459633922,99999,0.1,1.5
2015,140,2.0468938679900779e-4,0.03992569594519524,0.03992569594519524,0,0.7986503784951041,0,0,1,0.1,1.5
2015,139,1.9705040691417794e-4,3.927844504493918e-4,0.039274517200434664,0.001941018359647673,0.42453321715603587,0.39680438344678337,0.42453321715603587,1,0.1,1.5
2015,138,1.8972862574111727e-4,4.73051652193568e-4,0.03907886974172076,0.001913314227310249,0.42297876007978374,0.7924500831364207,0.8475119772358196,1,0.1,1.5
2015,137,1.8270952667634436e-4,4.6669519839916666e-4,0.03884810588173855,0.0018800668313925517,0.42012791474381694,1.1857199002889154,1.2676398919796366,1,0.1,1.5
2015,136,1.7598131431429813e-4,4.583474866890204e-4,0.03858289967445964,0.001845549147841895,0.4168947803140089,1.5762496927766114,1.6845346722936454,1,0.1,1.5
2015,135,1.6953535709258283e-4,4.497066589210313e-4,0.038285255959274414,0.0018100076916582309,0.41331990249132416,1.963712342529961,2.0978545747849697,1,0.1,1.5
2015,134,1.6336468272451734e-4,4.4085446351192157e-4,0.037958153637009155,0.0017736477287352886,0.4094368154899122,2.347811333323655,2.507291390274882,1,0.1,1.5
2015,133,1.5746869924060058e-4,4.318350618022105e-4,0.03760419796749238,0.001736646002294122,0.40527453802997465,2.728276642749428,2.912565928304857,1,0.1,1.5
2015,132,1.518416855770233e-4,4.227535768370556e-4,0.03723163024046876,0.0016994261704015548,0.400922582683465,3.1049217087128707,3.313488510988322,1,0.1,1.5
2015,131,1.4651592188159846e-4,4.136822686383632e-4,0.036846247898250424,0.001662279036698599,0.39644382233155073,3.477618687663013,3.7099323333198724,1,0.1,1.5
2015,130,1.4149865906933965e-4,4.0461325335577214e-4,0.036446941099432216,0.0016251729696111616,0.39182663267599027,3.846228563630272,4.101758965995863,1,0.1,1.5
2015,129,1.3675023599015403e-4,3.955295187888433e-4,0.03603172099838457,0.0015880397590370627,0.3870499542676856,4.210592235626,4.488808920263549,1,0.1,1.5
2015,128,1.322315569196459e-4,3.8640012724190377e-4,0.03559721539488203,0.0015507554551037518,0.38207795895114416,4.570516545218519,4.870886879214693,1,0.1,1.5
2015,127,1.279018102901947e-4,3.7718420848119387e-4,0.03513895525648552,0.0015131565158217235,0.37686318417778997,4.925763207741713,5.247750063392482,1,0.1,1.5
2015,126,1.23720720195679e-4,3.6781196453025233e-4,0.03464951059930962,0.0014749637401457584,0.3713266166920399,5.276018913860241,5.619076680084522,1,0.1,1.5
2015,125,1.1963921492872403e-4,3.5822134392026915e-4,0.034121820830551305,0.0014359295161825204,0.3653934600239423,5.620899095081576,5.984470140108464,1,0.1,1.5
2015,124,1.1561821479923121e-4,3.482528910276047e-4,0.033539057007145316,0.0013954164855819041,0.35888469901419395,5.959849272873171,6.343354839122658,1,0.1,1.5
2015,123,1.11579602478561e-4,3.378983640838163e-4,0.032898355632577626,0.0013533940409157568,0.35177112695277757,6.292286199241438,6.695125966075436,1,0.1,1.5
2015,122,1.0752209555897999e-4,3.2676464855831844e-4,0.0321587242201645,0.0013082909128055305,0.3436164402672036,6.617212769325706,7.03874240634264,1,0.1,1.5
2015,121,1.0328346784523969e-4,3.159277686014125e-4,0.03142408416264961,0.001264417438394138,0.33553208122051376,6.934681744283446,7.374274487563153,1,0.1,1.5
2015,120,9.932212979683068e-5,3.0693309202488897e-4,0.03085143312078045,0.00122795301454374,0.3291920628033047,7.246331621164697,7.703466550366458,1,0.1,1.5
2015,119,9.62260267864903e-5,2.997203627441905e-4,0.030441929270715182,0.0011986454937342066,0.32460415407246385,7.553812268183815,8.028070704438921,1,0.1,1.5
2015,118,9.390931573591983e-5,2.9420613423268636e-4,0.03019413746023876,0.0011761506725034999,0.32174819461954074,7.85875831033902,8.349818899058462,1,0.1,1.5
2015,117,9.22954497642281e-5,2.9026105599435845e-4,0.03010154254249417,0.0011599416180014647,0.3205501608276061,8.16273787662375,8.670369059886069,1,0.1,1.5
2015,116,9.130967607481812e-5,2.87722218025322e-4,0.03015362237756733,0.0011493582641928675,0.32089372284749357,8.467212195697059,8.991262782733562,1,0.1,1.5
2015,115,9.087992059173088e-5,2.863550160703661e-4,0.030331614597125325,0.0011434553734675273,0.32257535950950655,8.773452478442744,9.31383814224307,1,0.1,1.5
2015,114,9.091815117761276e-5,2.8592404726408827e-4,0.030615678929231043,0.0011412860791776079,0.3253807287111308,9.08252912030848,9.6392188709542,1,0.1,1.5
2015,113,9.13426677909883e-5,2.8602694069291727e-4,0.030966764761662595,0.0011412390181635115,0.32889222668060875,9.395117932443897,9.968111097634809,1,0.1,1.5
2015,112,9.200910956291632e-5,2.864565875383135e-4,0.03136519830322767,0.0011424844274481618,0.33289909442043736,9.711695820757932,10.301010192055246,1,0.1,1.5
2015,111,9.284534809936176e-5,2.8650448348682976e-4,0.03173435156181325,0.0011421955984465713,0.33658753732954183,10.031966278109666,10.637597729384789,1,0.1,1.5
2015,110,9.357403999398109e-5,2.872213758993757e-4,0.03219146635153875,0.001144560781863414,0.3412001282800451,10.356815538077376,10.978797857664834,1,0.1,1.5
2015,109,9.461904786567915e-5,2.90520461191579e-4,0.03295938650362671,0.001157193476977676,0.34909348439882204,10.689377687090802,11.327891342063655,1,0.1,1.5
2015,108,9.680993256055058e-5,2.9646442959478463e-4,0.03406141648318352,0.0011803231714553996,0.3605051086750434,11.033021036173626,11.688396450738699,1,0.1,1.5
2015,107,1.002973031437515e-4,3.0507407795450636e-4,0.035518627302061255,0.0012140099455586475,0.3756468778911865,11.391324914842546,12.064043328629886,1,0.1,1.5
2015,106,1.052787964286831e-4,3.162823569403614e-4,0.03734474056242814,0.0012579614150517414,0.3946512924158528,11.768005329900518,12.458694621045739,1,0.1,1.5
2015,105,1.1200539294907983e-4,3.2989315594668124e-4,0.039541142576829155,0.0013113691580828007,0.41751887270519306,12.166790357490243,12.876213493750932,1,0.1,1.5
2015,104,1.2078554187489775e-4,3.455372934158825e-4,0.042090907567103646,0.0013727348708707228,0.44405547045507454,12.59123532979002,13.320268964206006,1,0.1,1.5
2015,103,1.3198617346202014e-4,3.6262474814385815e-4,0.04495134159601486,0.0014396828273847166,0.4737945517579626,13.044462984013915,13.794063515963968,1,0.1,1.5
2015,102,1.4602202388434211e-4,3.8032499220228634e-4,0.048048567627179434,0.0015088855678140486,0.5059417823213693,13.528849258223655,14.300005298285337,1,0.1,1.5
2015,101,1.6334010276924227e-4,3.9754377729794057e-4,0.05126998589931587,0.0015759773155422626,0.539298151818588,14.045633448391639,14.839303450103925,1,0.1,1.5
2015,100,1.8435643015790414e-4,4.130512565289653e-4,0.05447460422769952,0.0016360689247539048,0.5723718723398269,14.594632907520696,15.411675322443752,1,0.1,1.5
2015,99,2.0946298636496464e-4,4.254084391560855e-4,0.057476351541245176,0.001683463998234528,0.6032067274839873,15.173790149315618,16.01488204992774,1,0.1,1.5
2015,98,2.386986777674896e-4,4.340608895297118e-4,0.06018765174919079,0.0017159907737679698,0.6308904127500209,15.780166408154669,16.64577246267776,1,0.1,1.5
2015,97,2.735450781808852e-4,4.37852687286591e-4,0.0624183177053466,0.0017291202913650135,0.6534457857598576,16.408910475466456,17.299218248437615,1,0.1,1.5
2015,96,3.15752856364506e-4,4.3491593008748936e-4,0.0638393740149969,0.0017155507397605754,0.6674612690659522,17.051863876821542,17.966679517503568,1,0.1,1.5
2015,95,3.6499349100483974e-4,4.2569763793903027e-4,0.06442136916361983,0.0016771516209040617,0.6726733058796498,17.700577873831133,18.639352823383216,1,0.1,1.5
2015,94,4.1905823642545445e-4,4.1558830265419586e-4,0.06491180972162748,0.0016352348324064523,0.6769138500062403,18.354131226231566,19.316266673389457,1,0.1,1.5
2015,93,4.8244847594487646e-4,4.050796622639125e-4,0.06537889939476345,0.001591745206287381,0.680900640120247,19.012292649119136,19.997167313509703,1,0.1,1.5
2015,92,6.029918506527495e-4,3.9420639982404613e-4,0.06582221814854275,0.0015468231217610731,0.6846637132187852,19.674858889169908,20.68183102672849,1,0.1,1.5
2015,91,7.907735232346679e-4,3.8299110307520105e-4,0.06624220491039395,0.0015005610036660046,0.6882157282501717,20.34163803165342,21.37004675497866,1,0.1,1.5
2015,90,0.0010414617850304983,3.7145050330518367e-4,0.06663937229704799,0.0014530280889020007,0.6915600799873901,21.01244056751364,22.06160683496605,1,0.1,1.5
2015,89,0.0013484144448885575,3.5960241053152267e-4,0.0670146119310462,0.0014042976898909676,0.6947024819489072,21.687081653892676,22.756309316914958,1,0.1,1.5
2015,88,0.0017028060738419133,3.474652798251504e-4,0.06736915945024892,0.0013544454513106266,0.6976506720829776,22.365383105242643,23.453959988997937,1,0.1,1.5
2015,87,0.0020938867977229147,3.350394490097414e-4,0.06770075085075448,0.0013034763824281332,0.7003749187070022,23.0471369327721,24.15433490770494,1,0.1,1.5
2015,86,0.0025291127635232425,3.223308485703213e-4,0.06800642050211951,0.0012514176968709432,0.7028509843521654,23.732110521454683,24.857185892057103,1,0.1,1.5
2015,85,0.003022913070043806,3.0936604401411824e-4,0.06828680690586582,0.0011983768519738184,0.7050966741927402,24.42008752633351,25.562282566249845,1,0.1,1.5
2015,84,0.003572266014939471,2.9616433844164506e-4,0.0685423690850188,0.0011444327969066313,0.7071158848670398,25.11085437124474,26.269398451116885,1,0.1,1.5
2015,83,0.004172172715696933,2.827456874996297e-4,0.0687739178390728,0.0010896668086904484,0.7089147524384334,25.804202454987596,26.978313203555317,1,0.1,1.5
2015,82,0.004815657340267675,2.69130415375167e-4,0.0689826187427815,0.0010341613389781186,0.7105016632223848,26.499930384796006,27.6888148667777,1,0.1,1.5
2015,81,0.0054937872513675535,2.553388581207685e-4,0.06916997437611482,9.779985853468703e-4,0.7118870655386988,27.197846041972607,28.4007019323164,1,0.1,1.5
2015,80,0.0061734616341954885,2.4138349284207449e-4,0.06933704117572005,9.212304488152132e-4,0.7130603227581593,27.897745929747693,29.113762255074562,1,0.1,1.5
2015,79,0.006844604556394974,2.2728635487142428e-4,0.06948599810962096,8.639452762456623e-4,0.7140379897241252,28.59944184409688,29.827800244798688,1,0.1,1.5
2015,78,0.00751361466098227,2.1307365491643132e-4,0.06961989967838425,8.062466079456856e-4,0.7148566184586,29.302780653870542,30.54265686325729,1,0.1,1.5
2015,77,0.008166211697511217,1.9876289408814253e-4,0.06974133875281477,7.482040961574515e-4,0.7155337875458097,30.007625811471247,31.258190650803098,1,0.1,1.5
2015,76,0.008787170376952902,1.8436991233702365e-4,0.06985301054907006,6.898805534631736e-4,0.7160873546767514,30.713857729669954,31.97427800547985,1,0.1,1.5
2015,75,0.009360877582253783,1.6989453927474476e-4,0.0699514642079909,6.312788462027007e-4,0.7164724417589593,31.421311902197445,32.690750447238806,1,0.1,1.5
2015,74,0.00990134123530219,1.5534443078240163e-4,0.07003278134546047,5.724321978804584e-4,0.7166597547461604,32.12979405411674,33.407410201984966,1,0.1,1.5
2015,73,0.010430239219584653,1.4074200073631142e-4,0.0700987410972638,5.134285033704467e-4,0.7166830166983497,32.839142377909795,34.12409321868331,1,0.1,1.5
2015,72,0.01094333046363602,1.2610166096420054e-4,0.07015012938955942,4.5432535748455606e-4,0.7165482263974396,33.54920024205745,34.840641445080756,1,0.1,1.5
2015,71,0.011436329974013604,1.1143725723646036e-4,0.07018775658612636,3.9517796476585144e-4,0.7162615579129589,34.25981640047375,35.556903002993714,1,0.1,1.5
2015,70,0.01190494062748788,9.676203298812056e-5,0.07021245015534416,3.360390033934472e-4,0.7158293061596497,34.97084514944207,36.27273230915336,1,0.1,1.5
2015,69,0.012344886190564777,8.208860121271842e-5,0.07022504671391912,2.769585226416035e-4,0.7152578276018129,35.68214642672043,36.98799013675517,1,0.1,1.5
2015,68,0.012751945479591274,6.742892563044326e-5,0.07022638381594647,2.1798387793877088e-4,0.7145534798012886,36.393585851122594,37.70254361655646,1,0.1,1.5
2015,67,0.013121987590356252,5.279431132019255e-5,0.07021729153112129,1.5915970414563663e-4,0.7137225602105423,37.105034701273915,38.416266176767,1,0.1,1.5
2015,66,0.01345100817199879,3.8195405246044854e-5,0.07019858462280135,1.0052792806133004e-4,0.7127712523198254,37.816369840335724,39.12903742908683,1,0.1,1.5
2015,65,0.013735163050711197,2.3642204118157308e-5,0.07017104995143995,4.212781394372957e-5,0.7117055228362037,38.527473537258444,39.84074295192303,1,0.1,1.5
2015,64,0.01397082421089456,9.144066432814915e-6,0.07013501765012432,1.4572568141485703e-6,0.7107763179273223,39.23822903723128,40.55151926985035,1,0.1,1.5
2015,63,0.014156619385626764,1.8346838701753206e-7,0.07009588839224229,0,0.7103984648633775,39.94862750209466,41.26191773471373,1,0.1,1.5
2015,62,0.014293555797178744,5.637479388550852e-10,0.0700639459171797,0,0.7101685020073955,40.65879600410206,41.972086236721125,1,0.1,1.5
2015,61,0.014381997663121843,3.87875649606799e-12,0.07003957201719724,0,0.7099837186528412,41.368779722754894,42.68206995537397,1,0.1,1.5
2015,60,0.014422593205688047,2.4039198307060482e-14,0.07002255493165065,0,0.7098406114538721,42.078620334208765,43.39191056682784,1,0.1,1.5
2015,59,0.014416253186073598,1.2166014708698774e-16,0.07001273832242408,0,0.7097382186816243,42.78835855289039,44.10164878550946,1,0.1,1.5
2015,58,0.014364130186678955,4.0085324416470616e-19,0.07000992066255891,0,0.7096752934167084,43.498033846307095,44.81132407892617,1,0.1,1.5
2015,57,0.014267588057521598,4.60755130122973e-22,0.07001408509903492,0,0.7096525763620303,44.20768642266913,45.5209766552882,1,0.1,1.5
2015,56,0.014128158199904888,2.1096458168400975e-24,0.07002438620366554,0,0.7096626341699253,44.91734905683906,46.230639289458125,1,0.1,1.5
2015,55,0.013951118016842803,7.066196992636097e-27,0.07004555427860555,0,0.7097562881306173,45.62710534496967,46.940395577588745,1,0.1,1.5
2015,54,0.013713438286392123,6.1113422076570894e-30,0.07046988256358024,0,0.7138411178267304,46.3409464627964,47.65423669541548,1,0.1,1.5
2015,53,0.011543807283382081,1.403410272599218e-32,0.0703626421204878,0,0.7113222927271327,47.052268755523535,48.36555898814261,1,0.1,1.5
2015,52,0.23087614566764164,2.1329842469453056e-35,1.2557513397998947,0,12.71143082844404,59.76369958396757,61.07698981658665,20,0.1,1.5
2015,51,0.23087614566764164,4.9894534333692394e-92,1.0635016671378457,0,10.78893410182355,70.55263368579112,71.8659239184102,20,0.1,1.5
2015,50,0.23087614566764164,5.409732407192108e-122,1.1790162151469221,0,11.944079581914314,82.49671326770543,83.81000350032451,20,0.1,1.5
2015,49,0.23087614566764164,7.758434509465787e-156,1.2997071374435025,0,13.15098880488012,95.64770207258555,96.96099230520463,20,0.1,1.5
2015,48,0.23087614566764164,4.033626724420788e-178,1.3858061535419268,0,14.011978965864362,109.6596810384499,110.97297127106899,20,0.1,1.5
2015,47,0.23087614566764164,3.5675475847651972e-180,1.3896829497447791,0,14.050746927892884,123.71042796634279,125.02371819896187,20,0.1,1.5
2015,46,0.23087614566764164,3.567547584765242e-220,1.3869062226593285,0,14.022979657038379,137.73340762338117,139.04669785600026,20,0.1,1.5
2015,45,0.23087614566764164,3.567547584765288e-260,1.3841350437554314,0,13.995267867999408,151.72867549138059,153.04196572399968,20,0.1,1.5
2015,44,0.23087614566764164,3.567547584765333e-300,1.38136940194726,0,13.967611449917694,165.69628694129827,167.00957717391736,20,0.1,1.5
2015,43,0.23087614566764164,0,1.378609286171137,0,13.940010292156463,179.63629723345474,180.94958746607384,20,0.1,1.5
2015,42,0.23087614566764164,0,1.375854685385492,0,13.912464284300015,193.54876151775474,194.86205175037384,20,0.1,1.5
2015,41,0.23087614566764164,0,1.3731055885708159,0,13.884973316153253,207.433734833908,208.7470250665271,20,0.1,1.5
2015,40,0.23087614566764164,0,1.3703619847296185,0,13.857537277741278,221.29127211164928,222.60456234426837,20,0.1,1.5
2015,39,0.23087614566764164,0,1.3676238628863815,0,13.830156059308909,235.12142817095818,236.43471840357728,20,0.1,1.5
2015,38,0.23087614566764164,0,1.3648912120875192,0,13.802829551320286,248.92425772227847,250.23754795489756,20,0.1,1.5
2015,37,0.23087614566764164,0,1.3621640214013326,0,13.77555764445842,262.6998153667369,264.013105599356,20,0.1,1.5
2015,36,0.23087614566764164,0,1.359442279917964,0,13.748340229624734,276.4481555963617,277.7614458289807,20,0.1,1.5
2015,35,0.23087614566764164,0,1.3567259767493542,0,13.721177197938637,290.1693327943004,291.4826230269193,20,0.1,1.5
2015,34,0.23087614566764164,0,1.3540151010292019,0,13.694068440737112,303.8634012350375,305.17669146765644,20,0.1,1.5
2015,33,0.23087614566764164,0,1.3513096419129136,0,13.66701384957423,317.5304150846117,318.8437053172307,20,0.1,1.5
2015,32,0.23087614566764164,0,1.3486095885775689,0,13.640013316220783,331.1704284008325,332.4837186334515,20,0.1,1.5
2015,31,0.23087614566764164,0,1.34591493022187,0,13.613066732663794,344.78349513349633,346.0967853661153,20,0.1,1.5
2015,30,0.23087614566764164,0,1.3432256560661024,0,13.586173991106119,358.36966912460247,359.6829593572214,20,0.1,1.5
2015,29,0.23087614566764164,0,1.340541755352091,0,13.559334983966005,371.9290041085685,373.2422943411874,20,0.1,1.5
2015,28,0.23087614566764164,0,1.337863217343154,0,13.532549603876634,385.46155371244515,386.77484394506405,20,0.1,1.5
2015,27,0.23087614566764164,0,1.3351900313240646,0,13.50581774368574,398.96737145613093,400.2806616887498,20,0.1,1.5
2015,26,0.23087614566764164,0,1.3325221866010064,0,13.479139296455157,412.4465107525861,413.75980098520495,20,0.1,1.5
2015,25,0.23087614566764164,0,1.3298596725015284,0,13.452514155460378,425.8990249080465,427.21231514066534,20,0.1,1.5
2015,24,0.23087614566764164,0,1.3272024783745067,0,13.42594221419016,439.32496712223667,440.6382573548555,20,0.1,1.5
2015,23,0.23087614566764164,0,1.3245505935900987,0,13.399423366346081,452.7243904885828,454.0376807212016,20,0.1,1.5
2015,22,0.23087614566764164,0,1.321904007539701,0,13.372957505842104,466.0973479944249,467.4106382270437,20,0.1,1.5
2015,21,0.23087614566764164,0,1.3192627096359055,0,13.346544526804148,479.4438925212291,480.75718275384787,20,0.1,1.5
2015,20,0.23087614566764164,0,1.3166266893124625,0,13.32018432356972,492.7640768447988,494.0773670774176,20,0.1,1.5
2015,19,0.23087614566764164,0,1.3139959360242301,0,13.293876790687396,506.05795363548623,507.371243868105,20,0.1,1.5
2015,18,0.23087614566764164,0,1.311370439247142,0,13.267621822916514,519.3255754584027,520.6388656910216,20,0.1,1.5
2015,17,0.23087614566764164,0,1.308750188478155,0,13.241419315226644,532.5669947736293,533.8802850062482,20,0.1,1.5
2015,16,0.23087614566764164,0,1.3061351732352153,0,13.215269162797247,545.7822639364265,547.0955541690454,20,0.1,1.5
2015,15,0.23087614566764164,0,1.3035253830572133,0,13.189171261017227,558.9714351974437,560.2847254300626,20,0.1,1.5
2015,14,0.23087614566764164,0,1.3009208075039402,0,13.163125505484496,572.1345607029282,573.4478509355471,20,0.1,1.5
2015,13,0.23087614566764164,0,1.2983214361560478,0,13.137131792005572,585.2716924949337,586.5849827275526,20,0.1,1.5
2015,12,0.23087614566764164,0,1.2957272586150066,0,13.11119001659516,598.3828825115289,599.6961727441478,20,0.1,1.5
2015,11,0.23087614566764164,0,1.2931382645030665,0,13.08530007547576,611.4681825870047,612.7814728196236,20,0.1,1.5
2015,10,0.23087614566764164,0,1.290554443463212,0,13.059461865077212,624.5276444520819,625.8409346847008,20,0.1,1.5
2015,9,0.23087614566764164,0,1.2879757851591207,0,13.0336752820363,637.5613197341181,638.874609966737,20,0.1,1.5
2015,8,0.23087614566764164,0,1.2854022792751258,0,13.007940223196352,650.5692599573144,651.8825501899333,20,0.1,1.5
2015,7,0.23087614566764164,0,1.28283391551617,0,12.982256585606795,663.5515165429213,664.8648067755402,20,0.1,1.5
2015,6,0.23087614566764164,0,1.280270683607768,0,12.956624266522773,676.5081408094441,677.821431042063,20,0.1,1.5
2015,5,0.23087614566764164,0,1.2777125732959627,0,12.93104316340472,689.4391839728487,690.7524742054677,20,0.1,1.5
2015,4,0.23087614566764164,0,1.2751595743472868,0,12.905513173917962,702.3446971467666,703.6579873793856,20,0.1,1.5
2015,3,0.23087614566764164,0,1.272611676548719,0,12.880034195932284,715.2247313426989,716.5380215753179,20,0.1,1.5
2015,2,0.011543807283382081,0,5.407502637256348e-4,0,0.013103374159511069,715.2378347168584,716.5511249494774,1,0.1,1.5
2015,1,150,0,1.2848238288087894,0,112.8482382880879,828.0860730049463,829.3993632375654,99999,0.1,1.5
2016,141,2.1266312800175574e-4,0.0405574924779421,0.0405574924779421,0,0.81129162497751,0,0,1,0.1,1.5
2016,140,2.0468938679900779e-4,3.992569594519526e-4,0.03992170337560072,0.0020048454960832503,0.4319867128857725,0.4033460629417261,0.4319867128857725,1,0.1,1.5
2016,139,1.9705040691417794e-4,4.891824344164121e-4,0.039755844338626535,0.0019778239377094076,0.43083626234993516,0.8059276976100983,0.8628229752357077,1,0.1,1.5
2016,138,1.8972862574111727e-4,4.830590733494979e-4,0.039553290411574155,0.0019445814729144415,0.4282697159270798,1.206417678209829,1.2910926911627876,1,0.1,1.5
2016,137,1.8270952667634436e-4,4.746836598321296e-4,0.03931423777899851,0.0019099023378405559,0.425295339851432,1.6044286989492529,1.7163880310142194,1,0.1,1.5
2016,136,1.7598131431429813e-4,4.6597076182736396e-4,0.039040428671452666,0.0018740422451604508,0.4219533472827305,1.9996100141582627,2.13834137829695,1,0.1,1.5
2016,135,1.6953535709258283e-4,4.5699898950376806e-4,0.03873392935659305,0.001837174407840193,0.4182676557157945,2.3916323211906256,2.5566090340127445,1,0.1,1.5
2016,134,1.6336468272451734e-4,4.4782047681894135e-4,0.038397769753829275,0.001799507418814396,0.41427206093517077,2.780197133285591,2.970881094947915,1,0.1,1.5
2016,133,1.5746869924060058e-4,4.384798511915526e-4,0.038034599048269155,0.0017612219746494496,0.4099960820509977,3.165032901413025,3.3808771769989128,1,0.1,1.5
2016,132,1.518416855770233e-4,4.290840783687593e-4,0.0376527636200451,0.0017227486687059774,0.4055304000417515,3.5459526061875484,3.786407577040664,1,0.1,1.5
2016,131,1.4651592188159846e-4,4.197065818610334e-4,0.03725813303263525,0.001684382595208605,0.40093868192919724,3.9228286796137657,4.187346258969861,1,0.1,1.5
2016,130,1.4149865906933965e-4,4.103393749363481e-4,0.03684958964772506,0.0016460917119408536,0.396209218550863,4.2955223022797595,4.583555477520724,1,0.1,1.5
2016,129,1.3675023599015403e-4,4.009652349471541e-4,0.036425127766044,0.0016078070179459366,0.39132076851884695,4.663874399113664,4.974876246039571,1,0.1,1.5
2016,128,1.322315569196459e-4,3.91552865048357e-4,0.03598134453711848,0.0015694032568032929,0.38623717491870946,5.0276915275066125,5.36111342095828,1,0.1,1.5
2016,127,1.279018102901947e-4,3.8206097104024283e-4,0.0355137304899153,0.0015307153856617042,0.3809105451353923,5.386734709989694,5.742023966093672,1,0.1,1.5
2016,126,1.23720720195679e-4,3.724190546817421e-4,0.03501478658328612,0.0014914617670773178,0.37526113353234214,5.740689246849503,6.117285099626015,1,0.1,1.5
2016,125,1.1963921492872403e-4,3.625645924848328e-4,0.034477391027513876,0.0014513932515837834,0.369213504984946,6.089168562526109,6.4864986046109605,1,0.1,1.5
2016,124,1.1561821479923121e-4,3.523366503057521e-4,0.033884557222840075,0.001409867470801483,0.362586981409917,6.431614580067434,6.849085586020878,1,0.1,1.5
2016,123,1.11579602478561e-4,3.417274938697774e-4,0.03323341430724331,0.0013668559744411776,0.35535231833337144,6.767440384480217,7.204437904354249,1,0.1,1.5
2016,122,1.0752209555897999e-4,3.303403746869658e-4,0.032482581075943866,0.0013207752381242449,0.34706911359083686,7.095641280383565,7.551507017945085,1,0.1,1.5
2016,121,1.0328346784523969e-4,3.192636372845486e-4,0.03173704611383188,0.00127597895899973,0.33886022399924776,7.416273233539959,7.890367241944333,1,0.1,1.5
2016,120,9.932212979683068e-5,3.100575845561839e-4,0.031155336231104308,0.0012386972504977187,0.3324158279169131,7.730993386449762,8.222783069861247,1,0.1,1.5
2016,119,9.62260267864903e-5,3.026585770609936e-4,0.030738546451221663,0.0012086642099249888,0.3277428325377078,8.041469587417113,8.550525902398954,1,0.1,1.5
2016,118,9.390931573591983e-5,2.9697972946820183e-4,0.03048515571461861,0.001185521837243812,0.32481998689769886,8.349353548068473,8.875345889296653,1,0.1,1.5
2016,117,9.22954497642281e-5,2.9288801506030976e-4,0.030388517792740287,0.0011687287712248396,0.32357171368106075,8.656229136446322,9.198917602977714,1,0.1,1.5
2016,116,9.130967607481812e-5,2.902167882284701e-4,0.03043794658137779,0.0011576105355055174,0.3238798001778104,8.963571643259767,9.522797403155524,1,0.1,1.5
2016,115,9.087992059173088e-5,2.887273935275855e-4,0.030614445279032492,0.001151206716365212,0.32553812357311734,9.272663956599096,9.848335526728642,1,0.1,1.5
2016,114,9.091815117761276e-5,2.8818076026704287e-4,0.030897938881132524,0.0011485568895098408,0.32832976407920705,9.584585765113879,10.176665290807849,1,0.1,1.5
2016,113,9.13426677909883e-5,2.8817002394780704e-4,0.03124897783972731,0.0011480339531551647,0.3318328587936856,9.90001813886249,10.508498149601534,1,0.1,1.5
2016,112,9.200910956291632e-5,2.8848567273742355e-4,0.031647682890259383,0.0011487996731969563,0.335834448939157,10.219441163898834,10.84433259854069,1,0.1,1.5
2016,111,9.284534809936176e-5,2.8841394444651113e-4,0.03201672702626871,0.0011480107305042904,0.33951345989880355,10.54255447050472,11.183846058439494,1,0.1,1.5
2016,110,9.357403999398109e-5,2.8901240922484726e-4,0.03247438740036945,0.0011498759604619286,0.34412318022444266,10.870250851293992,11.527969238663937,1,0.1,1.5
2016,109,9.461904786567915e-5,2.922035738563348e-4,0.03324538893422077,0.001162033341774164,0.3520394807570743,11.205689855740006,11.880008719421012,1,0.1,1.5
2016,108,9.680993256055058e-5,2.9804543715979777e-4,0.03435309113439905,0.0011846923323660032,0.363500081847286,11.552265761410636,12.243508801268298,1,0.1,1.5
2016,107,1.002973031437515e-4,3.0655322716920694e-4,0.03581857792572071,0.0012178896599791844,0.37871660011165004,11.913583937808298,12.622225401379948,1,0.1,1.5
2016,106,1.052787964286831e-4,3.1765317733233896e-4,0.03765549644213483,0.0012613054848560816,0.3978203318426158,12.293385619867257,13.020045733222563,1,0.1,1.5
2016,105,1.1200539294907983e-4,3.31141221080167e-4,0.039865030752092176,0.0013140997653827355,0.4208092437848714,12.695422009860946,13.440854977007435,1,0.1,1.5
2016,104,1.2078554187489775e-4,3.4663909065183954e-4,0.042429882194064614,0.0013747392024512522,0.44748486800533716,13.123267746402695,13.888339845012773,1,0.1,1.5
2016,103,1.3198617346202014e-4,3.635469543276177e-4,0.04530676716870144,0.0014408117536843412,0.477374157065232,13.580058878415294,14.365714002078004,1,0.1,1.5
2016,102,1.4602202388434211e-4,3.81024641875535e-4,0.04842098416237023,0.001508956188507716,0.5096739530370621,14.068176314473673,14.875387955115066,1,0.1,1.5
2016,101,1.6334010276924227e-4,3.9796976665854505e-4,0.0516588532296115,0.0015747812347417778,0.5431739981465721,14.58885343783822,15.418561953261639,1,0.1,1.5
2016,100,1.8435643015790414e-4,4.1314774375376587e-4,0.05487817399846523,0.0016333874449998885,0.5763702280661032,15.141889559547183,15.994932181327743,1,0.1,1.5
2016,99,2.0946298636496464e-4,4.251200839501929e-4,0.05789146990564968,0.0016790914830996193,0.6072925630740462,15.72519510143409,16.602224744401788,1,0.1,1.5
2016,98,2.386986777674896e-4,4.3333830233728955e-4,0.06061063067745786,0.0017097506819126497,0.6350238319914058,16.335793923683887,17.237248576393192,1,0.1,1.5
2016,97,2.735450781808852e-4,4.3665859971411927e-4,0.06284435594641732,0.0017208952506935255,0.6575767267138187,16.968786432530656,17.894825303107012,1,0.1,1.5
2016,96,3.15752856364506e-4,4.3323684424101877e-4,0.06426187776253554,0.0017053361313592117,0.6715235927057115,17.615948080502662,18.566348895812723,1,0.1,1.5
2016,95,3.6499349100483974e-4,4.2354488160540574e-4,0.06483421493192948,0.001665042530987854,0.6766072490006072,18.268769007632013,19.24295614481333,1,0.1,1.5
2016,94,4.1905823642545445e-4,4.1296459112815504e-4,0.06531412724875693,0.0016212503238498476,0.6807110094686084,18.92631929818848,19.92366715428194,1,0.1,1.5
2016,93,4.8244847594487646e-4,4.0198709819448436e-4,0.06577029780639582,0.0015758980976323701,0.6845573113293763,19.588363779551678,20.608224465611315,1,0.1,1.5
2016,92,6.029918506527495e-4,3.9064784443850874e-4,0.06620234170716817,0.001529129084175885,0.6881765912856812,20.254695669634845,21.296401056896997,1,0.1,1.5
2016,91,7.907735232346679e-4,3.789701619472532e-4,0.06661072094081942,0.001481038587328886,0.6915817874811881,20.925119763011335,21.987982844378184,1,0.1,1.5
2016,90,0.0010414617850304983,3.66971527258552e-4,0.06699596538204379,0.0014316987654869173,0.6947765164566664,21.599443439961046,22.68275936083485,1,0.1,1.5
2016,89,0.0013484144448885575,3.546704465780571e-4,0.06735898489232583,0.0013811856363730938,0.6977667197290564,22.277478936313347,23.380526080563907,1,0.1,1.5
2016,88,0.0017028060738419133,3.4208601562590814e-4,0.06770103389713156,0.0013295773106866172,0.70056036475804,22.95904533949015,24.081086445321947,1,0.1,1.5
2016,87,0.0020938867977229147,3.2921949009713075e-4,0.06801984987127643,0.0012768825423775604,0.7031277973223732,23.6439319576357,24.78421424264432,1,0.1,1.5
2016,86,0.0025291127635232425,3.16077732703439e-4,0.06831247428428704,0.0012231323018299027,0.705444913943157,24.331903552981288,25.48965915658748,1,0.1,1.5
2016,85,0.003022913070043806,3.026878734335958e-4,0.06857957243816869,0.0011684361224733215,0.7075298231028138,25.02274143147734,26.197188979690292,1,0.1,1.5
2016,84,0.003572266014939471,2.8906984261107426e-4,0.06882162304733695,0.0011128753405077844,0.7093866587262179,25.716229871053446,26.90657563841651,1,0.1,1.5
2016,83,0.004172172715696933,2.7524415904760837e-4,0.0690394571494615,0.00105653334716395,0.7110217950931358,26.412158332615668,27.617597433509644,1,0.1,1.5
2016,82,0.004815657340267675,2.6123163889828135e-4,0.06923426081565175,9.994944086958255e-4,0.7124438543251428,27.11032369538801,28.33004128783479,1,0.1,1.5
2016,81,0.0054937872513675535,2.470530349179253e-4,0.06940755702501392,9.418422241505549e-4,0.71366351435,27.810532320821572,29.043704802184788,1,0.1,1.5
2016,80,0.0061734616341954885,2.3272144713222404e-4,0.06956041508380628,8.836311056673947e-4,0.7146703079083828,28.512579327220422,29.75837511009317,1,0.1,1.5
2016,79,0.006844604556394974,2.1825918261012982e-4,0.06969503582887142,8.249502866091211e-4,0.7154810239134948,29.216275347039502,30.473856134006663,1,0.1,1.5
2016,78,0.00751361466098227,2.036923885355857e-4,0.06981449934040283,7.659027772882643e-4,0.7161324619770142,29.92146634076954,31.189988595983678,1,0.1,1.5
2016,77,0.008166211697511217,1.890386529802443e-4,0.06992141564297885,7.065583878224646e-4,0.7166423753458717,30.628015024860808,31.906630971329548,1,0.1,1.5
2016,76,0.008787170376952902,1.7431383748916365e-4,0.07001849538638096,6.469798317602646e-4,0.717028774848483,31.335801230684147,32.62365974617803,1,0.1,1.5
2016,75,0.009360877582253783,1.595186569434226e-4,0.07010228877312076,5.871735621809657e-4,0.7172468531009201,32.044659890039625,33.340906599278945,1,0.1,1.5
2016,74,0.00990134123530219,1.4466149377793862e-4,0.07016888611679603,5.271756733211653e-4,0.7172674513100531,32.75439626030224,34.058174050588995,1,0.1,1.5
2016,73,0.010430239219584653,1.297645458499748e-4,0.07022008834899668,4.670729296590405e-4,0.7171244921852236,33.464848282063755,34.775298542774216,1,0.1,1.5
2016,72,0.01094333046363602,1.1484235598078102e-4,0.07025669571599161,4.069232897949229e-4,0.7168241242163611,34.1758592164259,35.492122666990575,1,0.1,1.5
2016,71,0.011436329974013604,9.990886376382746e-5,0.0702795323016592,3.467821741801251e-4,0.716372662696622,34.8872778480628,36.208495329687196,1,0.1,1.5
2016,70,0.01190494062748788,8.4977371178243e-5,0.070289438661177,2.867023373584049e-4,0.7157765350850929,35.59895863547135,36.92427186477229,1,0.1,1.5
2016,69,0.012344886190564777,7.006051667252806e-5,0.07028726383990812,2.267337748993693e-4,0.7150422216199835,36.3107618031642,37.63931408639227,1,0.1,1.5
2016,68,0.012751945479591274,5.5170258740997156e-5,0.07027385714704956,1.669236687349726e-4,0.7141761948833708,37.0225533742085,38.35349028127564,1,0.1,1.5
2016,67,0.013121987590356252,4.031786914961108e-5,0.07025005972800459,1.0731637137734e-4,0.7131848587181224,37.73420514190695,39.06667513999376,1,0.1,1.5
2016,66,0.01345100817199879,2.5513936067792958e-5,0.07021669674635439,4.79534293107175e-5,0.7120744945957074,38.4455945875125,39.77874963458947,1,0.1,1.5
2016,65,0.013735163050711197,1.0768375527113965e-5,0.07017456479993074,2.8552227751030106e-6,0.7110508960185065,39.15660469463422,40.48980053060797,1,0.1,1.5
2016,64,0.01397082421089456,4.5575486786529176e-7,0.07012836846256285,0,0.71060212498157,39.86720681961579,41.20040265558954,1,0.1,1.5
2016,63,0.014156619385626764,1.8346838701753215e-9,0.07008887880340306,0,0.7103265526379539,40.57753337225374,41.910729208227494,1,0.1,1.5
2016,62,0.014293555797178744,5.637479388550855e-12,0.07005693952258799,0,0.7100984324803737,41.28763180473411,42.620827640707866,1,0.1,1.5
2016,61,0.014381997663121843,3.878756496067992e-14,0.07003256805999553,0,0.7099136790424243,41.997545483776534,43.33074131975029,1,0.1,1.5
2016,60,0.014422593205688047,2.4039198307060497e-16,0.07001555267615749,0,0.7097705888987026,42.70731607267523,44.04051190864899,1,0.1,1.5
2016,59,0.014416253186073598,1.2166014708698782e-18,0.07000573704859184,0,0.7096682059433007,43.41698427861853,44.75018011459229,1,0.1,1.5
2016,58,0.014364130186678955,4.008532441647064e-21,0.07000291967049266,0,0.7096052834960459,44.126589562114575,45.459785398088336,1,0.1,1.5
2016,57,0.014267588057521598,4.607551301229732e-24,0.07000708369052502,0,0.7095825622769313,44.8361721243915,46.169367960365264,1,0.1,1.5
2016,56,0.014128158199904888,2.1096458168400986e-26,0.07001738376504517,0,0.7095926097837215,45.54576473417523,46.87896057014898,1,0.1,1.5
2016,55,0.013951118016842803,7.066196992636101e-29,0.07003854972317769,0,0.7096862425763387,46.25545097675157,47.58864681272532,1,0.1,1.5
2016,54,0.013713438286392123,6.111342207657093e-32,0.07046283557532387,0,0.7137706479441668,46.969221624695734,48.30241746066949,1,0.1,1.5
2016,53,0.011543807283382081,1.4034102725992189e-34,0.07035560585627576,0,0.7112519300850123,47.68047355478075,49.0136693907545,1,0.1,1.5
2016,52,0.23087614566764164,2.1329842469453067e-37,1.2556257646659148,0,12.710175077104243,60.390648631884986,61.72384446785874,20,0.1,1.5
2016,51,0.23087614566764164,4.989453433369242e-94,1.0633953169711319,0,10.787870600156413,71.1785192320414,72.51171506801515,20,0.1,1.5
2016,50,0.23087614566764164,5.4097324071921105e-124,1.1788983135254074,0,11.942900565699167,83.12141979774056,84.45461563371431,20,0.1,1.5
2016,49,0.23087614566764164,7.758434509465792e-158,1.2995771667297582,0,13.149689097742677,96.27110889548322,97.60430473145699,20,0.1,1.5
2016,48,0.23087614566764164,4.03362672442079e-180,1.3856675729265726,0,14.01059315971082,110.28170205519405,111.61489789116781,20,0.1,1.5
2016,47,0.23087614566764164,3.567547584765199e-182,1.3895439814498047,0,14.049357244943142,124.33105930013718,125.66425513611095,20,0.1,1.5
2016,46,0.23087614566764164,3.5675475847652434e-222,1.3867675320370625,0,14.021592750815719,138.3526520509529,139.68584788692667,20,0.1,1.5
2016,45,0.23087614566764164,3.5675475847652896e-262,1.3839966302510558,0,13.993883732955652,152.34653578390856,153.67973161988232,20,0.1,1.5
2016,44,0.23087614566764164,3.567547584765335e-302,1.3812312650070653,0,13.966230080515746,166.3127658644243,167.64596170039806,20,0.1,1.5
2016,43,0.23087614566764164,0,1.3784714252425199,0,13.938631682870293,180.2513975472946,181.58459338326836,20,0.1,1.5
2016,42,0.23087614566764164,0,1.3757170999169535,0,13.911088429614628,194.16248597690924,195.495681812883,20,0.1,1.5
2016,41,0.23087614566764164,0,1.3729682780119588,0,13.883600210564682,208.04608618747392,209.37928202344767,20,0.1,1.5
2016,40,0.23087614566764164,0,1.3702249485311455,0,13.85616691575655,221.90225310323046,223.23544893920422,20,0.1,1.5
2016,39,0.23087614566764164,0,1.3674871005000928,0,13.828788435446022,235.7310415386765,237.06423737465025,20,0.1,1.5
2016,38,0.23087614566764164,0,1.3647547229663104,0,13.801464660108199,249.5325061987847,250.86570203475844,20,0.1,1.5
2016,37,0.23087614566764164,0,1.3620278049991925,0,13.774195480437019,263.3067016792217,264.63989751519546,20,0.1,1.5
2016,36,0.23087614566764164,0,1.3593063356899722,0,13.746980787344816,277.05368246656656,278.38687830254025,20,0.1,1.5
2016,35,0.23087614566764164,0,1.3565903041516794,0,13.719820471961887,290.77350293852845,292.10669877450215,20,0.1,1.5
2016,34,0.23087614566764164,0,1.353879699519099,0,13.692714425636083,304.46621736416455,305.79941320013825,20,0.1,1.5
2016,33,0.23087614566764164,0,1.3511745109487223,0,13.665662539932317,318.1318799040969,319.4650757400706,20,0.1,1.5
2016,32,0.23087614566764164,0,1.348474727618711,0,13.638664706632204,331.77054461072913,333.1037404467028,20,0.1,1.5
2016,31,0.23087614566764164,0,1.3457803387288478,0,13.611720817733572,345.38226542846274,346.71546126443633,20,0.1,1.5
2016,30,0.23087614566764164,0,1.343091333500496,0,13.584830765450054,358.9670961939128,360.3002920298864,20,0.1,1.5
2016,29,0.23087614566764164,0,1.3404077011765558,0,13.557994442210653,372.5250906361235,373.85828647209706,20,0.1,1.5
2016,28,0.23087614566764164,0,1.3377294310214196,0,13.53121174065929,386.0563023767828,387.38949821275634,20,0.1,1.5
2016,27,0.23087614566764164,0,1.3350565123209321,0,13.504482553654416,399.56078493043725,400.8939807664108,20,0.1,1.5
2016,26,0.23087614566764164,0,1.3323889343823463,0,13.477806774268556,413.0385917047058,414.37178754067935,20,0.1,1.5
2016,25,0.23087614566764164,0,1.3297266865342783,0,13.451184295787877,426.48977600049375,427.8229718364672,20,0.1,1.5
2016,24,0.23087614566764164,0,1.3270697581266693,0,13.424615011711786,439.91439101220556,441.247586848179,20,0.1,1.5
2016,23,0.23087614566764164,0,1.3244181385307396,0,13.39809881575249,453.3124898279581,454.64568566393154,20,0.1,1.5
2016,22,0.23087614566764164,0,1.3217718171389472,0,13.371635601834566,466.6841254297927,468.0173212657661,20,0.1,1.5
2016,21,0.23087614566764164,0,1.319130783364942,0,13.345225264094513,480.02935069388724,481.3625465298606,20,0.1,1.5
2016,20,0.23087614566764164,0,1.3164950266435314,0,13.318867696880407,493.34821839076767,494.681414226741,20,0.1,1.5
2016,19,0.23087614566764164,0,1.3138645364306278,0,13.292562794751372,506.6407811855191,507.9739770214924,20,0.1,1.5
2016,18,0.23087614566764164,0,1.3112393022032172,0,13.266310452477265,519.9070916379964,521.2402874739696,20,0.1,1.5
2016,17,0.23087614566764164,0,1.3086193134593072,0,13.240110565038165,533.1472022030345,534.4803980390078,20,0.1,1.5
2016,16,0.23087614566764164,0,1.3060045597178918,0,13.213963027624011,546.3611652306585,547.6943610666318,20,0.1,1.5
2016,15,0.23087614566764164,0,1.3033950305189077,0,13.187867735634171,559.5490329662925,560.882228802266,20,0.1,1.5
2016,14,0.23087614566764164,0,1.30079071542319,0,13.161824584676992,572.7108575509695,574.044053386943,20,0.1,1.5
2016,13,0.23087614566764164,0,1.2981916040124322,0,13.135833470569416,585.846691021539,587.1798868575124,20,0.1,1.5
2016,12,0.23087614566764164,0,1.2955976858891451,0,13.109894289336545,598.9565853108754,600.289781146849,20,0.1,1.5
2016,11,0.23087614566764164,0,1.2930089506766163,0,13.084006937211257,612.0405922480867,613.3737880840603,20,0.1,1.5
2016,10,0.23087614566764164,0,1.2904253880188656,0,13.05817131063375,625.0987635587204,626.431959394694,20,0.1,1.5
2016,9,0.23087614566764164,0,1.287846987580605,0,13.032387306251143,638.1311508649716,639.4643467009452,20,0.1,1.5
2016,8,0.23087614566764164,0,1.2852737390471984,0,13.006654820917078,651.1378056858886,652.4710015218623,20,0.1,1.5
2016,7,0.23087614566764164,0,1.2827056321246184,0,12.980973751691279,664.1187794375799,665.4519752735536,20,0.1,1.5
2016,6,0.23087614566764164,0,1.2801426565394072,0,12.955343995839165,677.074123433419,678.4073192693927,20,0.1,1.5
2016,5,0.23087614566764164,0,1.2775848020386331,0,12.929765450831425,690.0038888842504,691.3370847202241,20,0.1,1.5
2016,4,0.23087614566764164,0,1.275032058389852,0,12.904238014343614,702.908126898594,704.2413227345677,20,0.1,1.5
2016,3,0.23087614566764164,0,1.2724844153810642,0,12.878761584255736,715.7868884828497,717.1200843188234,20,0.1,1.5
2016,2,0.011543807283382081,0,5.406961886992622e-4,0,0.013102833409247342,715.799991316259,717.1331871522326,1,0.1,1.5
2016,1,150,0,1.2846953464259085,0,112.84695346425909,828.6469447805181,829.9801406164917,99999,0.1,1.5
2017,142,2.2099243539970545e-4,0.04117222434624912,0.04117222434624912,0,0.8235918152152488,0,0,1,0.1,1.5
2017,141,2.1266312800175574e-4,4.0557492477942124e-4,0.04055343672869431,0.002067993089452063,0.43927465037414887,0.4097318919534051,0.43927465037414887,1,0.1,1.5
2017,140,2.0468938679900779e-4,5.052039436153321e-4,0.04041892257928398,0.0020417840817139716,0.4385460688446778,0.8191096167735975,0.8778207192188267,1,0.1,1.5
2017,139,1.9705040691417794e-4,4.99347808771516e-4,0.040246324738620026,0.0020086648198427057,0.4362833041238969,1.2266977091854558,1.3141040233427235,1,0.1,1.5
2017,138,1.8972862574111727e-4,4.909759589621053e-4,0.04003548045076161,0.001973948463933362,0.4335903136182078,1.6320887590331872,1.7476943369609312,1,0.1,1.5
2017,137,1.8270952667634436e-4,4.8222242105846027e-4,0.03978778193968075,0.0019378954380592749,0.4305060705022137,2.0349106089916966,2.178200407463145,1,0.1,1.5
2017,136,1.7598131431429813e-4,4.7317026890838636e-4,0.03950503518987563,0.0019006767405799461,0.42705190032947743,2.4348099844557463,2.605252307792622,1,0.1,1.5
2017,135,1.6953535709258283e-4,4.6386359185508595e-4,0.03918934956561744,0.0018624684028845193,0.42325184661589915,2.8314551396018666,3.0285041544085214,1,0.1,1.5
2017,134,1.6336468272451734e-4,4.543550594717884e-4,0.03884380683155749,0.0018234836380053025,0.41914029495599436,3.2245456683006424,3.4476444493645158,1,0.1,1.5
2017,133,1.5746869924060058e-4,4.446902921742779e-4,0.03847110108202669,0.0017839069806689044,0.41474727831296393,3.613808561175479,3.8623917276774797,1,0.1,1.5
2017,132,1.518416855770233e-4,4.349780079601819e-4,0.038079685510859586,0.0017441755145754859,0.4101646560439465,3.9990564241540616,4.272556383721426,1,0.1,1.5
2017,131,1.4651592188159846e-4,4.2529271462076157e-4,0.03767550286813414,0.0017045882757894238,0.40545689419150943,4.380162057262865,4.678013277912935,1,0.1,1.5
2017,130,1.4149865906933965e-4,4.156263217345769e-4,0.037257427616745505,0.0016651128057946184,0.4006121976212464,4.756986929087046,5.0786254755341815,1,0.1,1.5
2017,129,1.3675023599015403e-4,4.059614068359557e-4,0.03682343700775388,0.0016256793561046463,0.3956091417713868,5.129372080056937,5.4742346173055685,1,0.1,1.5
2017,128,1.322315569196459e-4,3.962663428513068e-4,0.03637009721686559,0.0015861614849245575,0.3904112397530853,5.497123870025386,5.864645857058654,1,0.1,1.5
2017,127,1.279018102901947e-4,3.8649945612582846e-4,0.03589285796328174,0.0015463928351527397,0.38497016828407016,5.860002712092988,6.249616025342724,1,0.1,1.5
2017,126,1.23720720195679e-4,3.7658963231614685e-4,0.03538415054639712,0.0015060896874111306,0.3792054492302792,6.21769259436025,6.628821474573003,1,0.1,1.5
2017,125,1.1963921492872403e-4,3.6647395882079416e-4,0.03483679160130707,0.0014650017005749581,0.37304101080039714,6.569805009438148,7.0018624853734,1,0.1,1.5
2017,124,1.1561821479923121e-4,3.559902342034283e-4,0.03423363563481816,0.0014224823866903628,0.3662945144528015,6.91577834693823,7.368156999826201,1,0.1,1.5
2017,123,1.11579602478561e-4,3.4513126854899217e-4,0.03357180495942288,0.0013785055938143013,0.3589366857358611,7.2550220956196005,7.727093685562062,1,0.1,1.5
2017,122,1.0752209555897999e-4,3.334972132779309e-4,0.03280952662736733,0.0013314777962074855,0.3505230311778846,7.586524015423093,8.077616716739946,1,0.1,1.5
2017,121,1.0328346784523969e-4,3.22187376122778e-4,0.032052867148970425,0.0012857902638376355,0.3421878332366999,7.910343416319255,8.419804549976647,1,0.1,1.5
2017,120,9.932212979683068e-5,3.127748884699915e-4,0.03146189501010563,0.0012477149103330407,0.33563741245799755,8.22815633005821,8.755441962434643,1,0.1,1.5
2017,119,9.62260267864903e-5,3.0519263825185716e-4,0.03103763864905779,0.001216971760065165,0.33087777441569455,8.541648793615831,9.086319736850339,1,0.1,1.5
2017,118,9.390931573591983e-5,2.99350256605635e-4,0.0307784876583581,0.001193188883984859,0.3278865408456259,8.85248977897596,9.414206277695964,1,0.1,1.5
2017,117,9.22954497642281e-5,2.95111072956813e-4,0.030677661133767225,0.0011758106821904651,0.32658654782694696,9.162279031343044,9.740792825522911,1,0.1,1.5
2017,116,9.130967607481812e-5,2.923048017586641e-4,0.03072430542059603,0.0011641487201070344,0.3268576713424592,9.472506006683973,10.06765049686537,1,0.1,1.5
2017,115,9.087992059173088e-5,2.9068895302657887e-4,0.03089918551359589,0.0011572283639354759,0.32849116505045933,9.784465337963926,10.39614166191583,1,0.1,1.5
2017,114,9.091815117761276e-5,2.9002102998013064e-4,0.03118198830962187,0.0011540766854907733,0.33126751528953036,10.099246043460731,10.727409177205361,1,0.1,1.5
2017,113,9.13426677909883e-5,2.898901885282693e-4,0.03153286143023213,0.0011530530328809473,0.33476059748347814,10.417534454760196,11.06216977468884,1,0.1,1.5
2017,112,9.200910956291632e-5,2.9008477502661333e-4,0.0319317180402696,0.0011533118151923862,0.33875525063351436,10.739813822319533,11.400925025322355,1,0.1,1.5
2017,111,9.284534809936176e-5,2.898868220705377e-4,0.03230052803619216,0.0011519975219278257,0.3424231529374717,11.065779867800893,11.743348178259826,1,0.1,1.5
2017,110,9.357403999398109e-5,2.9035911420773064e-4,0.0327586089517449,0.0011533328411770303,0.34702824679824174,11.39633193115375,12.090376425058068,1,0.1,1.5
2017,109,9.461904786567915e-5,2.9343037118210433e-4,0.03353257273077089,0.0011649673290416197,0.35496550079965405,11.734655041538524,12.445341925857722,1,0.1,1.5
2017,108,9.680993256055058e-5,2.991535374630988e-4,0.03464582890837711,0.00118708899736187,0.36647277866146916,12.084169405951966,12.811814704519191,1,0.1,1.5
2017,107,1.002973031437515e-4,3.0753794726648816e-4,0.03611946848292294,0.0012197099766567002,0.38176135740860967,12.448506335122623,13.193576061927802,1,0.1,1.5
2017,106,1.052787964286831e-4,3.185029029873438e-4,0.03796705726370464,0.0012624822047062369,0.40096124759843754,12.83143212265383,13.59453730952624,1,0.1,1.5
2017,105,1.1200539294907983e-4,3.3183635355648553e-4,0.04018956919036265,0.001314534037702198,0.42406778338261736,13.236720848354988,14.018605092908857,1,0.1,1.5
2017,104,1.2078554187489775e-4,3.4715119151933145e-4,0.042769324006458026,0.001374298351038021,0.4508781092606143,13.667966124029345,14.46948320216947,1,0.1,1.5
2017,103,1.3198617346202014e-4,3.6383840796436147e-4,0.045662439430405655,0.001439329561377628,0.4809126200428315,14.128316893195354,14.950395822212302,1,0.1,1.5
2017,102,1.4602202388434211e-4,3.8104929354568435e-4,0.04879338111108092,0.0015062373750505897,0.5133593288486259,14.620158545257542,15.463755151060928,1,0.1,1.5
2017,101,1.6334010276924227e-4,3.976750063520299e-4,0.052047382652973984,0.0015706120941045673,0.5469967856251715,15.144718015252648,16.0107519366861,1,0.1,1.5
2017,100,1.8435643015790414e-4,4.124783386875098e-4,0.05528103304231535,0.0016275527608289619,0.5803087718229286,15.70177603334945,16.591060708509026,1,0.1,1.5
2017,99,2.0946298636496464e-4,4.2402407161440674e-4,0.05830545362943402,0.001671400490971826,0.6113115688724202,16.289210452350844,17.202372277381446,1,0.1,1.5
2017,98,2.386986777674896e-4,4.3177105350153535e-4,0.061032007284868274,0.0017000473048659867,0.639083305905057,16.904007368186388,17.841455583286503,1,0.1,1.5
2017,97,2.735450781808852e-4,4.3459039867052254e-4,0.06326829532349607,0.0017090938663718801,0.6616268472695753,17.54121858879351,18.503082430556077,1,0.1,1.5
2017,96,3.15752856364506e-4,4.306664012822131e-4,0.06468178560759909,0.0016914826185630784,0.6754990594010999,18.192553610786565,19.17858148995718,1,0.1,1.5
2017,95,3.6499349100483974e-4,4.2049608156301754e-4,0.06524399214318326,0.0016492834774917784,0.6804494037770628,18.84944182202803,19.859030893734243,1,0.1,1.5
2017,94,4.1905823642545445e-4,4.0944222687374347e-4,0.06571290841699452,0.0016036133153102116,0.6844116402435882,19.51094470062433,20.54344253397783,1,0.1,1.5
2017,93,4.8244847594487646e-4,3.979943953900374e-4,0.06615769530102326,0.0015564005531767467,0.6881128228982402,20.176823229905757,21.231555356876072,1,0.1,1.5
2017,92,6.029918506527495e-4,3.8618874948835634e-4,0.06657800374404144,0.0015077911018837374,0.6915837923864531,20.84686714940816,21.923139149262525,1,0.1,1.5
2017,91,7.907735232346679e-4,3.7404934845169404e-4,0.06697431951555756,0.001457883055924784,0.6948377717878411,21.520878020397074,22.617976921050367,1,0.1,1.5
2017,90,0.0010414617850304983,3.615944066443148e-4,0.06734719047687732,0.0014067514468117557,0.6978786059320712,22.19866017708898,23.31585552698244,1,0.1,1.5
2017,89,0.0013484144448885575,3.48843113559054e-4,0.06769754540292987,0.001354474927506121,0.7007124699496642,22.88002300521713,24.016567996932103,1,0.1,1.5
2017,88,0.0017028060738419133,3.358151878279134e-4,0.0680266581214135,0.0013011339857730603,0.7033475655098286,23.56478294235877,24.719915562441933,1,0.1,1.5
2017,87,0.0020938867977229147,3.225128304953614e-4,0.0683322685218837,0.0012467412126001463,0.7057543268070366,24.25272668041438,25.42566988924897,1,0.1,1.5
2017,86,0.0025291127635232425,3.0894385278451005e-4,0.06861142611231609,0.0011913313812721865,0.707908794559148,24.94361645524107,26.133578683808118,1,0.1,1.5
2017,85,0.003022913070043806,2.9513590935266633e-4,0.0688648235115432,0.0011350159231601174,0.7098293827769896,25.637231324830058,26.843408066585106,1,0.1,1.5
2017,84,0.003572266014939471,2.8110953355305686e-4,0.06909295972015916,0.0010778784467078656,0.7115204667381465,26.33335352804381,27.554928533323253,1,0.1,1.5
2017,83,0.004172172715696933,2.668857783814636e-4,0.06929668654053754,0.0010200043241821314,0.7129886620117802,27.03177069971013,28.267917195335034,1,0.1,1.5
2017,82,0.004815657340267675,2.524859185629392e-4,0.06947721099174414,9.614794865593882e-4,0.7142428285664786,27.732278107040045,28.982160023901514,1,0.1,1.5
2017,81,0.0054937872513675535,2.3793108638681798e-4,0.06963607682534906,9.023889705167369e-4,0.7152938749589857,28.434680710991646,29.6974538988605,1,0.1,1.5
2017,80,0.0061734616341954885,2.232349908881709e-4,0.06977436681871475,8.427894278727468e-4,0.7161315081551034,29.13877237017714,30.413585407015603,1,0.1,1.5
2017,79,0.006844604556394974,2.0842016347838156e-4,0.0698943038969408,7.827707756403457e-4,0.7167727499604601,29.844362680485595,31.13035815697606,1,0.1,1.5
2017,78,0.00751361466098227,1.9351261820742193e-4,0.06999899358479086,7.224352059327015e-4,0.7172546414125334,30.55129681895623,31.847612798388596,1,0.1,1.5
2017,77,0.008166211697511217,1.785299834854186e-4,0.07009106309837017,6.618524907853396e-4,0.7175951075328776,31.259436890906464,32.565207905921476,1,0.1,1.5
2017,76,0.008787170376952902,1.634880963149578e-4,0.07017323849478238,6.010850521355553e-4,0.7178123088118308,31.968662270402074,33.283020214733305,1,0.1,1.5
2017,75,0.009360877582253783,1.4838857711467566e-4,0.0702420719347887,5.401429959066878e-4,0.7178615186868221,32.67880746057594,34.00088173342013,1,0.1,1.5
2017,74,0.00990134123530219,1.332405332680707e-4,0.07029366314651464,4.79065266300001e-4,0.7177137204732668,33.38967739153063,34.7185954538934,1,0.1,1.5
2017,73,0.010430239219584653,1.1806587787325987e-4,0.07032983457257654,4.179372168884501e-4,0.7174030289873894,34.101109888848185,35.43599848288079,1,0.1,1.5
2017,72,0.01094333046363602,1.0287924600853853e-4,0.07035140086886874,3.568170073466547e-4,0.7169357406104346,34.81294824363938,36.15293422349123,1,0.1,1.5
2017,71,0.011436329974013604,8.769463218266955e-5,0.07035919989197406,2.957601115535155e-4,0.7163183096750074,35.52504140886362,36.86925253316624,1,0.1,1.5
2017,70,0.01190494062748788,7.252535805138365e-5,0.07035408530165048,2.3481919899871664e-4,0.7155572936677065,36.237244142545634,37.58480982683395,1,0.1,1.5
2017,69,0.012344886190564777,5.7384048891567605e-5,0.07033691855724897,1.7404405196855656e-4,0.7146592937879992,36.94941709273408,38.29946912062194,1,0.1,1.5
2017,68,0.012751945479591274,4.228261977115312e-5,0.07030856067851861,1.1348152186704341e-4,0.7136308945673924,37.661426822703376,39.01310001518934,1,0.1,1.5
2017,67,0.013121987590356252,2.7232271535831112e-5,0.07026986381487613,5.3175525004758774e-05,0.7124786029482346,38.373145775294404,39.725578618137575,1,0.1,1.5
2017,66,0.01345100817199879,1.2243496688357306e-5,0.07022166343400744,4.4560504724215026e-6,0.7113700659521821,39.084452183382695,40.43694868408976,1,0.1,1.5
2017,65,0.013735163050711197,8.214894490468923e-7,0.07016826114914453,0,0.7108476017530765,39.79529978513577,41.14779628584283,1,0.1,1.5
2017,64,0.01397082421089456,4.55754867865292e-9,0.07012135562571659,0,0.7105274846399157,40.505827269775686,41.85832377048275,1,0.1,1.5
2017,63,0.014156619385626764,1.8346838701753226e-11,0.07008186991552272,0,0.71025644559578,41.21608371537147,42.56858021607853,1,0.1,1.5
2017,62,0.014293555797178744,5.637479388550858e-14,0.07004993382863572,0,0.71002837548504,41.926112090856506,43.27860859156357,1,0.1,1.5
2017,61,0.014381997663121843,3.878756496067994e-16,0.07002556480318953,0,0.7098436464739803,42.635955737330484,43.988452238037546,1,0.1,1.5
2017,60,0.014422593205688047,2.403919830706051e-18,0.07000855112088987,0,0.709700573346024,43.3456563106765,44.69815281138357,1,0.1,1.5
2017,59,0.014416253186073598,1.2166014708698789e-20,0.06999873647488698,0,0.7095982002062522,44.055254510882754,45.40775101158982,1,0.1,1.5
2017,58,0.014364130186678955,4.008532441647066e-23,0.0699959193785256,0,0.7095352805763753,44.76478979145913,46.1172862921662,1,0.1,1.5
2017,57,0.014267588057521598,4.607551301229735e-26,0.07000008298215597,0,0.7095125551932407,45.47430234665237,46.82679884735944,1,0.1,1.5
2017,56,0.014128158199904888,2.1096458168401e-28,0.07001038202666866,0,0.7095225923999565,46.18382493905233,47.5363214397594,1,0.1,1.5
2017,55,0.013951118016842803,7.066196992636104e-31,0.07003154586820537,0,0.7096162040266155,46.893441143078945,48.245937643786014,1,0.1,1.5
2017,54,0.013713438286392123,6.111342207657096e-34,0.07045578929176634,0,0.7137001851085915,47.60714132818754,48.95963782889461,1,0.1,1.5
2017,53,0.011543807283382081,1.4034102725992196e-36,0.07034857029569014,0,0.7111815744791561,48.318322902666694,49.67081940337376,1,0.1,1.5
2017,52,0.23087614566764164,2.1329842469453077e-39,1.2555002020894481,0,12.708919451339575,61.02724235400626,62.37973885471334,20,0.1,1.5
2017,51,0.23087614566764164,4.9894534333692445e-96,1.0632889774394347,0,10.786807204839441,71.8140495588457,73.16654605955279,20,0.1,1.5
2017,50,0.23087614566764164,5.4097324071921134e-126,1.178780423694055,0,11.941721667385643,83.75577122623133,85.10826772693844,20,0.1,1.5
2017,49,0.23087614566764164,7.758434509465797e-160,1.2994472090130853,0,13.148389520575947,96.90416074680728,98.25665724751438,20,0.1,1.5
2017,48,0.23087614566764164,4.033626724420792e-182,1.38552900616928,0,14.009207492137893,110.91336823894517,112.26586473965227,20,0.1,1.5
2017,47,0.23087614566764164,3.567547584765201e-184,1.3894050270516598,0,14.047967700961692,124.96133593990686,126.31383244061396,20,0.1,1.5
2017,46,0.23087614566764164,3.567547584765245e-224,1.3866288552838588,0,14.020205983283683,138.98154192319055,140.33403842389765,20,0.1,1.5
2017,45,0.23087614566764164,3.5675475847652917e-264,1.3838582305880307,0,13.992499736325401,152.97404165951593,154.32653816022307,20,0.1,1.5
2017,44,0.23087614566764164,3.567547584765337e-304,1.3810931418805645,0,13.964848849250739,166.93889050876666,168.2913870094738,20,0.1,1.5
2017,43,0.23087614566764164,0,1.3783335780999957,0,13.93725321144505,180.8761437202117,182.22864022091883,20,0.1,1.5
2017,42,0.23087614566764164,0,1.3755795282069618,0,13.909712712514713,194.7858564327264,196.13835293343354,20,0.1,1.5
2017,41,0.23087614566764164,0,1.3728309811841575,0,13.88222724228667,208.66808367501307,210.0205801757202,20,0.1,1.5
2017,40,0.23087614566764164,0,1.3700879260362924,0,13.854796690808017,222.52288036582107,223.87537686652823,20,0.1,1.5
2017,39,0.23087614566764164,0,1.3673503517900427,0,13.827420948345521,236.3503013141666,237.70279781487375,20,0.1,1.5
2017,38,0.23087614566764164,0,1.3646182474940138,0,13.800099905385233,250.1504012195518,251.50289772025897,20,0.1,1.5
2017,37,0.23087614566764164,0,1.3618916022186927,0,13.772833452632021,263.92323467218387,265.27573117289097,20,0.1,1.5
2017,36,0.23087614566764164,0,1.359170405056403,0,13.745621481009124,277.668856153193,279.02135265390007,20,0.1,1.5
2017,35,0.23087614566764164,0,1.3564546451212642,0,13.718463881657737,291.3873200348508,292.7398165355578,20,0.1,1.5
2017,34,0.23087614566764164,0,1.353744311549147,0,13.691360545936563,305.07868058078736,306.43117708149435,20,0.1,1.5
2017,33,0.23087614566764164,0,1.3510393934976275,0,13.66431136542137,318.74299194620875,320.09548844691574,20,0.1,1.5
2017,32,0.23087614566764164,0,1.3483398801459492,0,13.637316231904586,332.38030817811335,333.73280467882034,20,0.1,1.5
2017,31,0.23087614566764164,0,1.345645760694975,0,13.610375037394844,345.9906832155082,347.34317971621516,20,0.1,1.5
2017,30,0.23087614566764164,0,1.3429570243671458,0,13.583487674116553,359.5741708896248,360.9266673903317,20,0.1,1.5
2017,29,0.23087614566764164,0,1.3402736604064382,0,13.556654034509476,373.1308249241343,374.48332142484117,20,0.1,1.5
2017,28,0.23087614566764164,0,1.3375956580783175,0,13.52987401122827,386.6606989353626,388.01319543606945,20,0.1,1.5
2017,27,0.23087614566764164,0,1.3349230066697,0,13.503147497142093,400.16384643250467,401.51634293321155,20,0.1,1.5
2017,26,0.23087614566764164,0,1.332255695488908,0,13.476474385334173,413.64032081783887,414.99281731854575,20,0.1,1.5
2017,25,0.23087614566764164,0,1.3295937138656249,0,13.449854569101342,427.09017538694025,428.44267188764707,20,0.1,1.5
2017,24,0.23087614566764164,0,1.3269370511508567,0,13.42328794195366,440.5134633288939,441.86595982960074,20,0.1,1.5
2017,23,0.23087614566764164,0,1.3242856967168866,0,13.39677439761396,453.9102377265079,455.2627342272147,20,0.1,1.5
2017,22,0.23087614566764164,0,1.3216396399572332,0,13.370313830017427,467.2805515565253,468.63304805723214,20,0.1,1.5
2017,21,0.23087614566764164,0,1.3189988702866056,0,13.34390613331115,480.6244576898365,481.97695419054327,20,0.1,1.5
2017,20,0.23087614566764164,0,1.316363377140867,0,13.317551201853764,493.9420088916903,495.294505392397,20,0.1,1.5
2017,19,0.23087614566764164,0,1.3137331499769849,0,13.291248930214943,507.2332578219053,508.58575432261193,20,0.1,1.5
2017,18,0.23087614566764164,0,1.3111081782729967,0,13.264999213175061,520.4982570350803,521.850753535787,20,0.1,1.5
2017,17,0.23087614566764164,0,1.3084884515279613,0,13.238801945724708,533.737058980805,535.0895554815118,20,0.1,1.5
2017,16,0.23087614566764164,0,1.30587395926192,0,13.212657023064294,546.9497160038693,548.302212504576,20,0.1,1.5
2017,15,0.23087614566764164,0,1.3032646910158558,0,13.186564340603653,560.1362803444729,561.4887768451797,20,0.1,1.5
2017,14,0.23087614566764164,0,1.3006606363516475,0,13.16052379396157,573.2968041384344,574.6493006391413,20,0.1,1.5
2017,13,0.23087614566764164,0,1.2980617848520308,0,13.134535278965402,586.4313394173997,587.7838359181067,20,0.1,1.5
2017,12,0.23087614566764164,0,1.2954681261205563,0,13.108598691650657,599.5399381090504,600.8924346097573,20,0.1,1.5
2017,11,0.23087614566764164,0,1.2928796497815487,0,13.082713928260581,612.6226520373109,613.9751485380178,20,0.1,1.5
2017,10,0.23087614566764164,0,1.2902963454800638,0,13.056880885245732,625.6795329225566,627.0320294232636,20,0.1,1.5
2017,9,0.23087614566764164,0,1.2877182028818468,0,13.031099459263562,638.7106323818201,640.0631288825272,20,0.1,1.5
2017,8,0.23087614566764164,0,1.2851452116732938,0,13.00536954717803,651.7160019289981,653.0684984297052,20,0.1,1.5
2017,7,0.23087614566764164,0,1.282577361561406,0,12.979691046059154,664.6956929750572,666.0481894757644,20,0.1,1.5
2017,6,0.23087614566764164,0,1.2800146422737533,0,12.954063853182626,677.6497568282398,679.0022533289471,20,0.1,1.5
2017,5,0.23087614566764164,0,1.2774570435584294,0,12.928487866029387,690.5782446942692,691.9307411949765,20,0.1,1.5
2017,4,0.23087614566764164,0,1.274904555184013,0,12.902962982285224,703.4812076765544,704.8337041772617,20,0.1,1.5
2017,3,0.23087614566764164,0,1.2723571669395262,0,12.877489099840355,716.3586967763947,717.711193277102,20,0.1,1.5
2017,2,0.011543807283382081,0,5.406421190803923e-4,0,0.013102292713058645,716.3717990691079,717.724295569815,1,0.1,1.5
2017,1,150,0,1.284566876891266,0,112.84566876891266,829.2174678380205,830.5699643387277,99999,0.1,1.5
2018,143,2.2970172081510415e-4,0.041768274286541396,0.041768274286541396,0,0.8355186202113714,0,0,1,0.1,1.5
2018,142,2.2099243539970545e-4,4.1172224346249143e-4,0.041168107123814496,0.0021302034047526505,0.4463770991737884,0.4159456219630363,0.4463770991737884,1,0.1,1.5
2018,141,2.1266312800175574e-4,5.2105402161081e-4,0.04106637965738446,0.002104935253364903,0.4460866158281191,0.8319617341716569,0.8924637150019075,1,0.1,1.5
2018,140,2.0468938679900779e-4,5.154980598646462e-4,0.04092532670745454,0.0020720573658728754,0.44414552677686076,1.2465064414360478,1.3366092417787683,1,0.1,1.5
2018,139,1.9705040691417794e-4,5.071596830483916e-4,0.04074446631110684,0.002037422719036679,0.4417536657228762,1.659154068315543,1.7783629075016445,1,0.1,1.5
2018,138,1.8972862574111727e-4,4.983968755729615e-4,0.04052496401869987,0.002001302263643865,0.4389501270309919,2.0695141630087655,2.217313034532636,1,0.1,1.5
2018,137,1.8270952667634436e-4,4.892960837254033e-4,0.0402682770210016,0.0019638597516898923,0.4357526767082432,2.4772117004071528,2.6530657112408793,1,0.1,1.5
2018,136,1.7598131431429813e-4,4.799008878340704e-4,0.03997625387150163,0.00192526891723502,0.4321827101443525,2.8818905688767193,3.0852484213852316,1,0.1,1.5
2018,135,1.6953535709258283e-4,4.7025573663968067e-4,0.039651047731382005,0.001885710194475773,0.4282647753155515,3.283216627128331,3.5135131967007833,1,0.1,1.5
2018,134,1.6336468272451734e-4,4.6041446009604354e-4,0.03929579336037566,0.0018454012789093717,0.4240338634061911,3.6808876151215313,3.9375470601069744,1,0.1,1.5
2018,133,1.5746869924060058e-4,4.5042364808896886e-4,0.03891323071708572,0.001804530377804755,0.4195205281817847,4.074629137906105,4.357067588288759,1,0.1,1.5
2018,132,1.518416855770233e-4,4.403936587234733e-4,0.03851192142095237,0.0017635405712377815,0.41481781531911144,4.464253516493248,4.77188540360787,1,0.1,1.5
2018,131,1.4651592188159846e-4,4.3039999609356357e-4,0.038097882386794686,0.0017227344538038654,0.40999099330733496,4.849634017603385,5.181876396915205,1,0.1,1.5
2018,130,1.4149865906933965e-4,4.2043446466600036e-4,0.037669980075432485,0.00168207914251046,0.4050281798762281,5.23063249544375,5.586904576791433,1,0.1,1.5
2018,129,1.3675023599015403e-4,4.1047945309452116e-4,0.037226174503079267,0.0016415041857412557,0.39990776618203494,5.607090201829481,5.986812342973468,1,0.1,1.5
2018,128,1.322315569196459e-4,4.0050303465965245e-4,0.03676300057837504,0.0016008820838700512,0.3945929345569132,5.978813392331108,6.381405277530381,1,0.1,1.5
2018,127,1.279018102901947e-4,3.904632033494432e-4,0.03627586688627359,0.0015600453620284484,0.38903493108444925,6.345561961100865,6.77044020861483,1,0.1,1.5
2018,126,1.23720720195679e-4,3.802883181759441e-4,0.03575713455319526,0.0015187085936980429,0.38315254624667167,6.707018670294707,7.153592754861502,1,0.1,1.5
2018,125,1.1963921492872403e-4,3.699151647319475e-4,0.03519955834729068,0.0014766206085615984,0.37686907471915393,7.062793164891553,7.530461829580656,1,0.1,1.5
2018,124,1.1561821479923121e-4,3.59180499014625e-4,0.03458583286792727,0.0014331317413242295,0.37000052306963116,7.412320377370838,7.900462352650287,1,0.1,1.5
2018,123,1.11579602478561e-4,3.4807771113906525e-4,0.033913074177380514,0.0013882182735067974,0.3625175949083738,7.755006282657686,8.26297994755866,1,0.1,1.5
2018,122,1.0752209555897999e-4,3.362044211846507e-4,0.03313911512375647,0.0013402790656633018,0.3539717206416405,8.089831159504136,8.6169516682003,1,0.1,1.5
2018,121,1.0328346784523969e-4,3.2466943972063667e-4,0.03237110942821494,0.0012937367709007423,0.3455085981945965,8.416857803828721,8.962460266394897,1,0.1,1.5
2018,120,9.932212979683068e-5,3.150564764679601e-4,0.03177067754818788,0.0012548956331370892,0.3388506354731433,8.737781358828478,9.30131090186804,1,0.1,1.5
2018,119,9.62260267864903e-5,3.072948663988098e-4,0.03133877782520918,0.0012234613271369914,0.334002896559704,9.054306236429083,9.635313798427745,1,0.1,1.5
2018,118,9.390931573591983e-5,3.012907235622711e-4,0.03107370703058848,0.001199047911704343,0.33094183963348867,9.368118820181081,9.966255638061234,1,0.1,1.5
2018,117,9.22954497642281e-5,2.9690378127718444e-4,0.030968546038201466,0.0011810858030242369,0.329588682823547,9.680834848675712,10.29584432088478,1,0.1,1.5
2018,116,9.130967607481812e-5,2.9396022804434525e-4,0.03101227017008073,0.0011688731361332166,0.32982136475767987,9.993958025774345,10.62566568564246,1,0.1,1.5
2018,115,9.087992059173088e-5,2.9221398051413477e-4,0.0311854026860284,0.001161422111919538,0.33142849773514654,10.308794779053498,10.957094183377606,1,0.1,1.5
2018,114,9.091815117761276e-5,2.914193816724946e-4,0.0314673892821636,0.0011577484482854956,0.33418796228608166,10.626443477792645,11.291282145663688,1,0.1,1.5
2018,113,9.13426677909883e-5,2.9116216010551953e-4,0.03181797140230934,0.0011562002806818857,0.3376693776028933,10.947595708528654,11.628951523266581,1,0.1,1.5
2018,112,9.200910956291632e-5,2.912288015483627e-4,0.032216852822263664,0.0011559258536304354,0.3416553821249303,11.27273786417315,11.970606905391511,1,0.1,1.5
2018,111,9.284534809936176e-5,2.908982487026618e-4,0.0325852973638705,0.0011540621222064624,0.34531045477027117,11.601561717197615,12.315917360161782,1,0.1,1.5
2018,110,9.357403999398109e-5,2.912368014363349e-4,0.033043666301143984,0.0011548385533461613,0.34990910733836333,11.934973130916747,12.665826467500146,1,0.1,1.5
2018,109,9.461904786567915e-5,2.94176135972226e-4,0.03382046130575822,0.0011659027866682626,0.3578652078778091,12.276182584699296,13.023691675377956,1,0.1,1.5
2018,108,9.680993256055058e-5,2.997637847150985e-4,0.034939136574826744,0.0011874200038897852,0.36941668646317,12.628636128249754,13.393108361841126,1,0.1,1.5
2018,107,1.002973031437515e-4,3.0800287363683994e-4,0.03642078403023882,0.001219376547554161,0.3847743988725785,12.995990862157273,13.777882760713704,1,0.1,1.5
2018,106,1.052787964286831e-4,3.1880558020643267e-4,0.03827888110915483,0.001261395456666744,0.4040669878531376,13.382037914915172,14.181949748566842,1,0.1,1.5
2018,105,1.1200539294907983e-4,3.3195187296111435e-4,0.040514183742869164,0.0013125736420992835,0.42728707845025865,13.790573941335442,14.609236827017101,1,0.1,1.5
2018,104,1.2078554187489775e-4,3.4704609967469856e-4,0.043108621661816886,0.0013713115221580664,0.45422736591175716,14.225211142644941,15.063464192928858,1,0.1,1.5
2018,103,1.3198617346202014e-4,3.634707744240506e-4,0.046017705576807025,0.0014351330140363358,0.48440165449513783,14.68911089693956,15.547865847423996,1,0.1,1.5
2018,102,1.4602202388434211e-4,3.803698366981043e-4,0.04916506111673246,0.0015006237976530315,0.5169891403738432,15.184662554489789,16.06485498779784,1,0.1,1.5
2018,101,1.6334010276924227e-4,3.966297735896621e-4,0.052434830938234825,0.0015633632018310587,0.550757260546249,15.71308605500988,16.61561224834409,1,0.1,1.5
2018,100,1.8435643015790414e-4,4.110129735941156e-4,0.05568239312921836,0.001618457931161308,0.5841777929029154,16.27414302032478,17.199790041247006,1,0.1,1.5
2018,99,2.0946298636496464e-4,4.220903634591006e-4,0.05871747320681404,0.0016602853203148858,0.6152536394124254,16.86567829801842,17.815043680659432,1,0.1,1.5
2018,98,2.386986777674896e-4,4.2932953675151205e-4,0.061450915910356285,0.0016867777550502326,0.6430584119950691,17.48463988494134,18.4581020926545,1,0.1,1.5
2018,97,2.735450781808852e-4,4.3161937057967524e-4,0.06368924196055668,0.0016936178040499541,0.6655855167546739,18.12603086163816,19.123687609409174,1,0.1,1.5
2018,96,3.15752856364506e-4,4.2717731865359173e-4,0.06509818808367909,0.001673898365089777,0.6793769897145666,18.781495017565728,19.80306459912374,1,0.1,1.5
2018,95,3.6499349100483974e-4,4.165258301885748e-4,0.06564978861334188,0.001629790658160178,0.6841891971173103,19.442401490995035,20.48725379624105,1,0.1,1.5
2018,94,4.1905823642545445e-4,4.0499775109629035e-4,0.06610724045498038,0.0015822482865660425,0.6880053011693271,20.107803245213418,21.175259097410375,1,0.1,1.5
2018,93,4.8244847594487646e-4,3.9308008224808705e-4,0.06654017966978734,0.001533185457703609,0.6915568792334166,20.77745747505107,21.866815976643792,1,0.1,1.5
2018,92,6.029918506527495e-4,3.808096629658179e-4,0.06694829371913798,0.0014827505635017705,0.694875179295308,21.45115050343921,22.5616911559391,1,0.1,1.5
2018,91,7.907735232346679e-4,3.6821125746571294e-4,0.06733209284758719,0.0014310443796884628,0.6979737145377587,22.12868072683856,23.25966487047686,1,0.1,1.5
2018,90,0.0010414617850304983,3.5530380576938205e-4,0.06769214361953256,0.001378144742811554,0.7008565641498715,22.80984950894827,23.96052143462673,1,0.1,1.5
2018,89,0.0013484144448885575,3.421071630121208e-4,0.0680293943802661,0.0013241328515165803,0.7035301419891352,23.49446346734431,24.664051576615865,1,0.1,1.5
2018,88,0.0017028060738419133,3.286416483215442e-4,0.06834513895204462,0.001269091462633949,0.7060028880905175,24.1823364773972,25.37005446470638,1,0.1,1.5
2018,87,0.0020938867977229147,3.149104314549902e-4,0.06863712059818156,0.0012130370787649396,0.7082453359533941,24.873252712225383,26.078299800659774,1,0.1,1.5
2018,86,0.0025291127635232425,3.0092228384589174e-4,0.06890239781502291,0.0011560083028273908,0.7102336804904757,25.566971988389756,26.78853348115025,1,0.1,1.5
2018,85,0.003022913070043806,2.8670533988355603e-4,0.06914169100998208,0.0010981182657986018,0.7119866426758082,26.26327122726844,27.500520123826057,1,0.1,1.5
2018,84,0.003572266014939471,2.7228070701249696e-4,0.06935552003586412,0.0010394527146267273,0.7135088426000601,26.961930745373834,28.214028966426117,1,0.1,1.5
2018,83,0.004172172715696933,2.5766993882934746e-4,0.06954475795292903,9.800988512646083e-4,0.7148071395556379,27.662736472768547,28.928836105981755,1,0.1,1.5
2018,82,0.004815657340267675,2.4289473082547643e-4,0.06971063314228482,9.20144104321723e-4,0.7158906327339726,28.365482189726492,29.64472673871573,1,0.1,1.5
2018,81,0.0054937872513675535,2.279765534930524e-4,0.06985471046029572,8.596746682045242e-4,0.7167704616607686,29.069971584698624,30.361497200376498,1,0.1,1.5
2018,80,0.0061734616341954885,2.1292970687706843e-4,0.06997808673900106,7.987494466693331e-4,0.7174365119292354,29.775997390246868,31.078933712305734,1,0.1,1.5
2018,79,0.006844604556394974,1.9777689554487023e-4,0.0700830071604612,7.374588233412249e-4,0.7179060363120559,30.483368300511195,31.79683974861779,1,0.1,1.5
2018,78,0.00751361466098227,1.825439276652496e-4,0.07017260248691555,6.759038730601392e-4,0.7182163102016076,31.191928841097656,32.5150560588194,1,0.1,1.5
2018,77,0.008166211697511217,1.6724842253118907e-4,0.07024951711475666,6.141541236539764e-4,0.7183854268424664,31.90154063760221,33.233441485661864,1,0.1,1.5
2018,76,0.008787170376952902,1.519061439970384e-4,0.0703164924339668,5.522715042240761e-4,0.7184316922817605,32.612082736966485,33.951873177943625,1,0.1,1.5
2018,75,0.009360877582253783,1.3651963474781872e-4,0.07037008347657189,4.902698248948011e-4,0.7183104708093873,33.323389353134516,34.67018364875301,1,0.1,1.5
2018,74,0.00990134123530219,1.2109872190768096e-4,0.07040640009677498,4.2819084462766615e-4,0.7179928944098043,34.035265235478214,35.388176543162814,1,0.1,1.5
2018,73,0.010430239219584653,1.0566496300084512e-4,0.0704272858933414,3.6611821919673533e-4,0.7175132616507179,34.74754823685469,36.10568980481353,1,0.1,1.5
2018,72,0.01094333046363602,9.023304429674906e-5,0.0704335699806185,3.0411013844557945e-4,0.7168780144407991,35.46008182074627,36.82256781925433,1,0.1,1.5
2018,71,0.011436329974013604,7.481697421020557e-5,0.07042610399987324,2.4222195996648817e-4,0.7160937434373171,36.17271525046978,37.53866156269165,1,0.1,1.5
2018,70,0.01190494062748788,5.9430053330192996e-5,0.07040575469286998,1.8050610048128213e-4,0.7151671331252977,36.885303725016776,38.25382869581695,1,0.1,1.5
2018,69,0.012344886190564777,4.408485348105482e-5,0.07037339587838538,1.19011964032004e-4,0.7141049023604504,37.597708456462485,38.9679335981774,1,0.1,1.5
2018,68,0.012751945479591274,2.8793206664472384e-5,0.07032990020291752,5.778590996070865e-5,0.7129137440816528,38.3097966875447,39.68084734225906,1,0.1,1.5
2018,67,0.013121987590356252,1.3566203966548006e-5,0.07027613070974584,6.110210009332984e-6,0.7117322495784469,39.021441648408725,40.3925795918375,1,0.1,1.5
2018,66,0.01345100817199879,1.2364475849889488e-6,0.07021575528028215,0,0.7111372560600038,39.73257890446873,41.10371684789751,1,0.1,1.5
2018,65,0.013735163050711197,8.214894490468928e-9,0.07016124432302961,0,0.7107693007463818,40.44334820521511,41.814486148643894,1,0.1,1.5
2018,64,0.01397082421089456,4.5575486786529226e-11,0.07011434349015401,0,0.710457318164558,41.15380552337967,42.52494346680845,1,0.1,1.5
2018,63,0.014156619385626764,1.8346838701753237e-13,0.07007486172853117,0,0.7101863635442308,41.8639918869239,43.23512983035268,1,0.1,1.5
2018,62,0.014293555797178744,5.6374793885508615e-16,0.07004292883525286,0,0.7099583255506534,42.57395021247455,43.945088155903335,1,0.1,1.5
2018,61,0.014381997663121843,3.878756496067996e-18,0.07001856224670922,0,0.7097736209091734,43.28372383338372,44.65486177681251,1,0.1,1.5
2018,60,0.014422593205688047,2.4039198307060525e-20,0.07000155026577778,0,0.7096305647949032,43.99335439817862,45.364492341607416,1,0.1,1.5
2018,59,0.014416253186073598,1.2166014708698795e-22,0.0699917366012395,0,0.7095282014697774,44.70288259964839,46.0740205430772,1,0.1,1.5
2018,58,0.014364130186678955,4.008532441647068e-25,0.06998891978658775,0,0.7094652846569968,45.41234788430539,46.7834858277342,1,0.1,1.5
2018,57,0.014267588057521598,4.607551301229738e-28,0.06999308297385776,0,0.7094425551102587,46.12179043941565,47.492928382844454,1,0.1,1.5
2018,56,0.014128158199904888,2.109645816840101e-30,0.070003380988466,0,0.7094525820179298,46.83124302143358,48.202380964862385,1,0.1,1.5
2018,55,0.013951118016842803,7.066196992636108e-33,0.07002454271361855,0,0.7095461724807473,47.54078919391433,48.911927137343135,1,0.1,1.5
2018,54,0.013713438286392123,6.1113422076571e-36,0.07044874371283716,0,0.7136297293192997,48.25441892323363,49.625556866662436,1,0.1,1.5
2018,53,0.011543807283382081,1.4034102725992204e-38,0.07034153543866058,0,0.7111112259088604,48.96553014914249,50.336668092571294,1,0.1,1.5
2018,52,0.23087614566764164,2.132984246945309e-41,1.2553746520692393,0,12.707663951137487,61.67319410027997,63.04433204370878,20,0.1,1.5
2018,51,0.23087614566764164,4.9894534333692475e-98,1.0631826485416909,0,10.785743915862003,72.45893801614197,73.83007595957078,20,0.1,1.5
2018,50,0.23087614566764164,5.409732407192117e-128,1.1786625456516855,0,11.940542886961948,84.39948090310392,85.77061884653273,20,0.1,1.5
2018,49,0.23087614566764164,7.758434509465801e-162,1.299317264292184,0,13.147090073366934,97.54657097647085,98.91770891989967,20,0.1,1.5
2018,48,0.23087614566764164,4.0336267244207946e-184,1.3853904532686632,0,14.007821963131725,111.55439293960256,112.9255308830314,20,0.1,1.5
2018,47,0.23087614566764164,3.567547584765203e-186,1.3892660865489546,0,14.046578295934639,125.6009712355372,126.97210917896604,20,0.1,1.5
2018,46,0.23087614566764164,3.5675475847652474e-226,1.3864901923983304,0,14.018819354428398,139.6197905899656,140.99092853339442,20,0.1,1.5
2018,45,0.23087614566764164,3.5675475847652936e-266,1.383719844764972,0,13.991115878094813,153.6109064680604,154.98204441148923,20,0.1,1.5
2018,44,0.23087614566764164,3.5675475847653386e-306,1.3809550325663764,0,13.963467756108859,167.57437422416925,168.94551216759808,20,0.1,1.5
2018,43,0.23087614566764164,0,1.3781957447421858,0,13.93587487786695,181.5102491020362,182.88138704546503,20,0.1,1.5
2018,42,0.23087614566764164,0,1.3754419702541412,0,13.908337132986505,195.4185862350227,196.78972417845154,20,0.1,1.5
2018,41,0.23087614566764164,0,1.3726936980860391,0,13.880854411305485,209.29944064632818,210.670578589757,20,0.1,1.5
2018,40,0.23087614566764164,0,1.3699509172436888,0,13.853426602881981,223.15286724921015,224.52400519263898,20,0.1,1.5
2018,39,0.23087614566764164,0,1.3672136167548636,0,13.826053597993731,236.97892084720388,238.35005879063272,20,0.1,1.5
2018,38,0.23087614566764164,0,1.3644817856692644,0,13.798735287137738,250.7776561343416,252.14879407777045,20,0.1,1.5
2018,37,0.23087614566764164,0,1.3617554130584708,0,13.771471561029802,264.54912769537145,265.92026563880023,20,0.1,1.5
2018,36,0.23087614566764164,0,1.3590344880158975,0,13.74426231060407,278.29339000597554,279.6645279494043,20,0.1,1.5
2018,35,0.23087614566764164,0,1.3563189996567522,0,13.717107427012616,292.0104974329882,293.3816353764169,20,0.1,1.5
2018,34,0.23087614566764164,0,1.353608937117992,0,13.690006801625014,305.7005042346132,307.07164217804194,20,0.1,1.5
2018,33,0.23087614566764164,0,1.3509042895582777,0,13.662960326027871,319.3634645606411,320.7346025040698,20,0.1,1.5
2018,32,0.23087614566764164,0,1.3482050461579347,0,13.635967892024441,332.99943245266553,334.37057039609425,20,0.1,1.5
2018,31,0.23087614566764164,0,1.3455111961189055,0,13.609029391634149,346.6084618442997,347.9795997877284,20,0.1,1.5
2018,30,0.23087614566764164,0,1.3428227286647092,0,13.582144717092186,360.1906065613919,361.5617445048206,20,0.1,1.5
2018,29,0.23087614566764164,0,1.3401396330403976,0,13.55531376084907,373.74592032224103,375.11705826566964,20,0.1,1.5
2018,28,0.23087614566764164,0,1.3374618985125097,0,13.52853641557019,387.27445673781125,388.64559468123986,20,0.1,1.5
2018,27,0.23087614566764164,0,1.334789514369033,0,13.501812574135423,400.7762693119467,402.1474072553753,20,0.1,1.5
2018,26,0.23087614566764164,0,1.332122469919359,0,13.475142129638684,414.2514114415854,415.622549385014,20,0.1,1.5
2018,25,0.23087614566764164,0,1.3294607544942383,0,13.448524975387476,427.6999364169729,429.0710743604015,20,0.1,1.5
2018,24,0.23087614566764164,0,1.3268043574457415,0,13.42196100490251,441.1218974218754,442.493035365304,20,0.1,1.5
2018,23,0.23087614566764164,0,1.3241532681472148,0,13.395450111917242,454.5173475337927,455.88848547722125,20,0.1,1.5
2018,22,0.23087614566764164,0,1.3215074759932375,0,13.368992190377469,467.88633972417017,469.2574776675987,20,0.1,1.5
2018,21,0.23087614566764164,0,1.318866970399577,0,13.342587134440864,481.22892685861103,482.6000648020396,20,0.1,1.5
2018,20,0.23087614566764164,0,1.3162317408031527,0,13.316234838476621,494.5451616970877,495.91629964051623,20,0.1,1.5
2018,19,0.23087614566764164,0,1.3136017766619872,0,13.289935197064965,507.8350968941527,509.2062348375812,20,0.1,1.5
2018,18,0.23087614566764164,0,1.3109770674551695,0,13.263688104996788,521.0987849991494,522.469922942578,20,0.1,1.5
2018,17,0.23087614566764164,0,1.3083576026828085,0,13.23749345727318,534.3362784564225,535.7074163998512,20,0.1,1.5
2018,16,0.23087614566764164,0,1.3057433718659939,0,13.211351149105033,547.5476296055275,548.9187675489562,20,0.1,1.5
2018,15,0.23087614566764164,0,1.3031343645467544,0,13.185261075912637,560.7328906814402,562.1040286248689,20,0.1,1.5
2018,14,0.23087614566764164,0,1.3005305702880123,0,13.159223133325217,573.8921138147654,575.2632517581941,20,0.1,1.5
2018,13,0.23087614566764164,0,1.2979319786735457,0,13.13323721718055,587.0253510319459,588.3964889753746,20,0.1,1.5
2018,12,0.23087614566764164,0,1.2953385793079442,0,13.107303223524536,600.1326542554704,601.5037921988992,20,0.1,1.5
2018,11,0.23087614566764164,0,1.2927503618165705,0,13.0814210486108,613.2140753040811,614.58521324751,20,0.1,1.5
2018,10,0.23087614566764164,0,1.2901673158455158,0,13.055590588900252,626.2696658929814,627.6408038364102,20,0.1,1.5
2018,9,0.23087614566764164,0,1.2875894310615585,0,13.02981174106068,639.299477634042,640.6706155774709,20,0.1,1.5
2018,8,0.23087614566764164,0,1.2850166971521264,0,13.004084401966358,652.3035620360083,653.6746999794373,20,0.1,1.5
2018,7,0.23087614566764164,0,1.28244910382525,0,12.978408468697593,665.2819705047059,666.6531084481348,20,0.1,1.5
2018,6,0.23087614566764164,0,1.279886640809526,0,12.952783838540354,678.2347543432462,679.6058922866752,20,0.1,1.5
2018,5,0.23087614566764164,0,1.2773292978540736,0,12.927210408985829,691.161964752232,692.533102695661,20,0.1,1.5
2018,4,0.23087614566764164,0,1.2747770647284946,0,12.90168807773004,704.063652829962,705.434790773391,20,0.1,1.5
2018,3,0.23087614566764164,0,1.2722299312228322,0,12.876216742673416,716.9398695726354,718.3110075160644,20,0.1,1.5
2018,2,0.011543807283382081,0,5.405880548684843e-4,0,0.013101752070939564,716.9529713247064,718.3241092681353,1,0.1,1.5
2018,1,150,0,1.2844384202035768,0,112.84438420203577,829.7973555267421,831.1684934701711,99999,0.1,1.5
